     Effective Charges E-U: Z_{alpha}{s,beta}

     atom #    1
          0.000000000000          0.000000000000          0.000000000000
          0.000000000000          0.000000000000          0.000000000000
          0.000000000000          0.000000000000          0.000000000000
     atom #    2
          0.000000000000          0.000000000000          0.000000000000
          0.000000000000          0.000000000000          0.000000000000
          0.000000000000          0.000000000000          0.000000000000
     atom #    3
          0.000000000000          0.000000000000          0.000000000000
          0.000000000000          0.000000000000          0.000000000000
          0.000000000000          0.000000000000          0.000000000000
     atom #    4
          0.000000000000          0.000000000000          0.000000000000
          0.000000000000          0.000000000000          0.000000000000
     atom #    5
          0.000000000000          0.000000000000          0.000000000000
          0.000000000000          0.000000000000          0.000000000000
          0.000000000000          0.000000000000          0.000000000000
     atom #    6
          0.000000000000          0.000000000000          0.000000000000
          0.000000000000          0.000000000000          0.000000000000
          0.000000000000          0.000000000000          0.000000000000
     atom #    7
          0.000000000000          0.000000000000          0.000000000000
          0.000000000000          0.000000000000          0.000000000000
          0.000000000000          0.000000000000          0.000000000000
     atom #    8
          0.000000000000          0.000000000000          0.000000000000
          0.000000000000          0.000000000000          0.000000000000
     atom #    9
          0.000000000000          0.000000000000          0.000000000000
          0.000000000000          0.000000000000          0.000000000000
          0.000000000000          0.000000000000          0.000000000000
     atom #   10
          0.000000000000          0.000000000000          0.000000000000
          0.000000000000          0.000000000000          0.000000000000
          0.000000000000          0.000000000000          0.000000000000
     atom #   11
          0.000000000000          0.000000000000          0.000000000000
          0.000000000000          0.000000000000          0.000000000000
          0.000000000000          0.000000000000          0.000000000000
     atom #   12
          0.000000000000          0.000000000000          0.000000000000
          0.000000000000          0.000000000000          0.000000000000
          0.000000000000          0.000000000000          0.000000000000
          0.000000000000          0.000000000000          0.000000000000
          0.000000000000          0.000000000000          0.000000000000
          0.000000000000          0.000000000000          0.000000000000
     atom #   14
          0.000000000000          0.000000000000          0.000000000000
          0.000000000000          0.000000000000          0.000000000000
          0.000000000000          0.000000000000          0.000000000000
     atom #   15
          0.000000000000          0.000000000000          0.000000000000
          0.000000000000          0.000000000000          0.000000000000
          0.000000000000          0.000000000000          0.000000000000
     atom #   16
          0.000000000000          0.000000000000          0.000000000000
          0.000000000000          0.000000000000          0.000000000000
          0.000000000000          0.000000000000          0.000000000000
