     1   0.62905234098E+00
     2   0.62373763323E+00
     3   0.61771792173E+00
     4   0.60681784153E+00
     5   0.59781759977E+00
     6   0.60307765007E+00
     7   0.62744385004E+00
     8   0.65876841545E+00
     9   0.67297804356E+00
    10   0.65214586258E+00
    11   0.60098010302E+00
    12   0.54952943325E+00
    13   0.53768819571E+00
    14   0.59051257372E+00
    15   0.69942796230E+00
    16   0.82064276934E+00
    17   0.89662194252E+00
    18   0.88941973448E+00
    19   0.80371183157E+00
    20   0.68379265070E+00
    21   0.58655101061E+00
    22   0.54889297485E+00
    23   0.57090371847E+00
    24   0.62230235338E+00
    25   0.66412180662E+00
    26   0.67283689976E+00
    27   0.65096992254E+00
    28   0.61973881721E+00
    29   0.60070675611E+00
    30   0.60048407316E+00
    31   0.61052727699E+00
    32   0.61907696724E+00
    33   0.62271177769E+00
    34   0.62809014320E+00
    35   0.64246124029E+00
    36   0.66081076860E+00
    37   0.66508477926E+00
    38   0.63979560137E+00
    39   0.58945292234E+00
    40   0.54321074486E+00
    41   0.54086667299E+00
    42   0.60709714890E+00
    43   0.73031455278E+00
    44   0.86122983694E+00
    45   0.93747848272E+00
    46   0.91989910603E+00
    47   0.81618362665E+00
    48   0.67621481419E+00
    49   0.56213128567E+00
    50   0.51307785511E+00
    51   0.52853447199E+00
    52   0.57734757662E+00
    53   0.62101703882E+00
    54   0.63627630472E+00
    55   0.62401741743E+00
    56   0.60268902779E+00
    57   0.59132921696E+00
    58   0.59543955326E+00
    59   0.60754346848E+00
    60   0.61817723513E+00
    61   0.62622016668E+00
    62   0.63952261209E+00
    63   0.66398620605E+00
    64   0.69156724215E+00
    65   0.70206922293E+00
    66   0.67959117889E+00
    67   0.62975877523E+00
    68   0.58237373829E+00
    69   0.57516664267E+00
    70   0.62887197733E+00
    71   0.73024159670E+00
    72   0.83430135250E+00
    73   0.88836526871E+00
    74   0.86304318905E+00
    75   0.76942992210E+00
    76   0.65143775940E+00
    77   0.55950438976E+00
    78   0.52324455976E+00
    79   0.54025709629E+00
    80   0.58376759291E+00
    81   0.62047398090E+00
    82   0.62933433056E+00
    83   0.61090588570E+00
    84   0.58385282755E+00
    85   0.57035231590E+00
    86   0.57949382067E+00
    87   0.60272341967E+00
    88   0.62403601408E+00
    89   0.63535290956E+00
    90   0.64263540506E+00
    91   0.65672159195E+00
    92   0.67679268122E+00
    93   0.68620777130E+00
    94   0.66806340218E+00
    95   0.62420284748E+00
    96   0.58062970638E+00
    97   0.57410240173E+00
    98   0.62805759907E+00
    99   0.73286420107E+00
   100   0.84445607662E+00
   101   0.90683192015E+00
   102   0.88483273983E+00
   103   0.78561490774E+00
   104   0.65449929237E+00
   105   0.54774028063E+00
   106   0.50028473139E+00
   107   0.51132386923E+00
   108   0.55321019888E+00
   109   0.59150987864E+00
   110   0.60410302877E+00
   111   0.59046471119E+00
   112   0.56844347715E+00
   113   0.55949097872E+00
   114   0.57201153040E+00
   115   0.59781879187E+00
   116   0.62218105793E+00
   117   0.63805782795E+00
   118   0.65130990744E+00
   119   0.67068451643E+00
   120   0.69321960211E+00
   121   0.70285177231E+00
   122   0.68502998352E+00
   123   0.64338368177E+00
   124   0.60259360075E+00
   125   0.59488826990E+00
   126   0.63849717379E+00
   127   0.72254002094E+00
   128   0.80881404877E+00
   129   0.85243070126E+00
   130   0.82808530331E+00
   131   0.74461519718E+00
   132   0.63885700703E+00
   133   0.55387347937E+00
   134   0.51579201221E+00
   135   0.52438139915E+00
   136   0.55918002129E+00
   137   0.59272360802E+00
   138   0.60474252701E+00
   139   0.59197854996E+00
   140   0.56905752420E+00
   141   0.55743920803E+00
   142   0.56809604168E+00
   143   0.59353601933E+00
   144   0.61653095484E+00
   145   0.62741613388E+00
   146   0.63225668669E+00
   147   0.64391726255E+00
   148   0.66464656591E+00
   149   0.67966431379E+00
   150   0.67102229595E+00
   151   0.63690680265E+00
   152   0.59792280197E+00
   153   0.58602905273E+00
   154   0.62374365330E+00
   155   0.70636373758E+00
   156   0.79901176691E+00
   157   0.85422211885E+00
   158   0.83992379904E+00
   159   0.75899708271E+00
   160   0.64759677649E+00
   161   0.55343848467E+00
   162   0.50840032101E+00
   163   0.51464724541E+00
   164   0.55023300648E+00
   165   0.58515095711E+00
   166   0.59807825089E+00
   167   0.58645278215E+00
   168   0.56587642431E+00
   169   0.55709695816E+00
   170   0.56876683235E+00
   171   0.59232705832E+00
   172   0.61235982180E+00
   173   0.62167328596E+00
   174   0.62675672770E+00
   175   0.63782149553E+00
   176   0.65452677011E+00
   177   0.66395550966E+00
   178   0.65349143744E+00
   179   0.62468814850E+00
   180   0.59511107206E+00
   181   0.58838856220E+00
   182   0.61902332306E+00
   183   0.68117940426E+00
   184   0.74834382534E+00
   185   0.78681707382E+00
   186   0.77525126934E+00
   187   0.71711462736E+00
   188   0.63844048977E+00
   189   0.57252025604E+00
   190   0.54134696722E+00
   191   0.54663586617E+00
   192   0.57306873798E+00
   193   0.59833431244E+00
   194   0.60567641258E+00
   195   0.59347057343E+00
   196   0.57564699650E+00
   197   0.56935614347E+00
   198   0.57941478491E+00
   199   0.59539014101E+00
   200   0.60391336679E+00
   201   0.60293960571E+00
   202   0.60265731812E+00
   203   0.61280512810E+00
   204   0.62936085463E+00
   205   0.63635009527E+00
   206   0.62164086103E+00
   207   0.58965873718E+00
   208   0.56089174747E+00
   209   0.56039285660E+00
   210   0.60203033686E+00
   211   0.67701286077E+00
   212   0.75433403254E+00
   213   0.79689753056E+00
   214   0.78352260590E+00
   215   0.72166937590E+00
   216   0.64260894060E+00
   217   0.58252316713E+00
   218   0.56182402372E+00
   219   0.57700270414E+00
   220   0.60762107372E+00
   221   0.62987059355E+00
   222   0.62968456745E+00
   223   0.60991817713E+00
   224   0.58645898104E+00
   225   0.57495969534E+00
   226   0.57743525505E+00
   227   0.58243858814E+00
   228   0.57833951712E+00
   229   0.56632179022E+00
   230   0.55977404118E+00
   231   0.56983828545E+00
   232   0.59240674973E+00
   233   0.61038833857E+00
   234   0.60881942511E+00
   235   0.58735263348E+00
   236   0.56087470055E+00
   237   0.55048775673E+00
   238   0.57157182693E+00
   239   0.62437641621E+00
   240   0.69062906504E+00
   241   0.74097043276E+00
   242   0.75169134140E+00
   243   0.71885812283E+00
   244   0.66081011295E+00
   245   0.60725724697E+00
   246   0.58166080713E+00
   247   0.58890628815E+00
   248   0.61575531960E+00
   249   0.64088749886E+00
   250   0.64866340160E+00
   251   0.63858968019E+00
   252   0.62366634607E+00
   253   0.61642241478E+00
   254   0.61552971601E+00
   255   0.60859513283E+00
   256   0.58789730072E+00
   257   0.56128114462E+00
   258   0.54581046104E+00
   259   0.55087327957E+00
   260   0.56793051958E+00
   261   0.57729506493E+00
   262   0.56575113535E+00
   263   0.53724360466E+00
   264   0.51024693251E+00
   265   0.50774729252E+00
   266   0.54515808821E+00
   267   0.62008881569E+00
   268   0.70840251446E+00
   269   0.77399671078E+00
   270   0.78921359777E+00
   271   0.75150889158E+00
   272   0.68525326252E+00
   273   0.62709152699E+00
   274   0.60403746367E+00
   275   0.61929816008E+00
   276   0.65395683050E+00
   277   0.68161767721E+00
   278   0.68642324209E+00
   279   0.67226028442E+00
   280   0.65570133924E+00
   281   0.64702975750E+00
   282   0.63916301727E+00
   283   0.61782485247E+00
   284   0.58077645302E+00
   285   0.54397302866E+00
   286   0.52766621113E+00
   287   0.53721237183E+00
   288   0.55739593506E+00
   289   0.56569880247E+00
   290   0.55097144842E+00
   291   0.52022159100E+00
   292   0.49379211664E+00
   293   0.49520105124E+00
   294   0.53979390860E+00
   295   0.62456929684E+00
   296   0.72383695841E+00
   297   0.79920834303E+00
   298   0.82060950994E+00
   299   0.78411704302E+00
   300   0.71490848064E+00
   301   0.65250319242E+00
   302   0.62726330757E+00
   303   0.64401584864E+00
   304   0.68291616440E+00
   305   0.71480017900E+00
   306   0.72129136324E+00
   307   0.70543295145E+00
   308   0.68422180414E+00
   309   0.66904562712E+00
   310   0.65416860580E+00
   311   0.62641447783E+00
   312   0.58434110880E+00
   313   0.54426002502E+00
   314   0.52659660578E+00
   315   0.53628671169E+00
   316   0.55704033375E+00
   317   0.56431901455E+00
   318   0.54530918598E+00
   319   0.50805377960E+00
   320   0.47729286551E+00
   321   0.48242908716E+00
   322   0.54184573889E+00
   323   0.64911580086E+00
   324   0.76891785860E+00
   325   0.85247337818E+00
   326   0.86570960283E+00
   327   0.80973142385E+00
   328   0.71996116638E+00
   329   0.64472895861E+00
   330   0.61715167761E+00
   331   0.63850986958E+00
   332   0.68284440041E+00
   333   0.71703940630E+00
   334   0.72291845083E+00
   335   0.70630621910E+00
   336   0.68628364801E+00
   337   0.67350769043E+00
   338   0.65960341692E+00
   339   0.62994760275E+00
   340   0.58443653584E+00
   341   0.54236251116E+00
   342   0.52613276243E+00
   343   0.54088461399E+00
   344   0.56901967525E+00
   345   0.58344262838E+00
   346   0.56828045845E+00
   347   0.52917838097E+00
   348   0.49033784866E+00
   349   0.48299351335E+00
   350   0.52959483862E+00
   351   0.62967640162E+00
   352   0.75323241949E+00
   353   0.85122829676E+00
   354   0.88170003891E+00
   355   0.83517336845E+00
   356   0.74199378490E+00
   357   0.65459752083E+00
   358   0.61564928293E+00
   359   0.63413494825E+00
   360   0.68489640951E+00
   361   0.72914552689E+00
   362   0.74149447680E+00
   363   0.72387862206E+00
   364   0.69642549753E+00
   365   0.67488527298E+00
   366   0.65726929903E+00
   367   0.63198149204E+00
   368   0.59666222334E+00
   369   0.56441789865E+00
   370   0.55239355564E+00
   371   0.56466114521E+00
   372   0.58573800325E+00
   373   0.59104174376E+00
   374   0.56624174118E+00
   375   0.51927870512E+00
   376   0.47909945250E+00
   377   0.48235970736E+00
   378   0.55216062069E+00
   379   0.67937570810E+00
   380   0.81909137964E+00
   381   0.91154658794E+00
   382   0.91683965921E+00
   383   0.83873367310E+00
   384   0.72182971239E+00
   385   0.62454849482E+00
   386   0.58586460352E+00
   387   0.60704267025E+00
   388   0.65814512968E+00
   389   0.70118933916E+00
   390   0.71454250813E+00
   391   0.70215028524E+00
   392   0.68258804083E+00
   393   0.66815727949E+00
   394   0.65425074100E+00
   395   0.62986177206E+00
   396   0.59503644705E+00
   397   0.56521940231E+00
   398   0.55876809359E+00
   399   0.58016532660E+00
   400   0.61325877905E+00
   401   0.63062554598E+00
   402   0.61345398426E+00
   403   0.56599754095E+00
   404   0.51626425982E+00
   405   0.50262421370E+00
   406   0.55237805843E+00
   407   0.66327118874E+00
   408   0.79716593027E+00
   409   0.89563262463E+00
   410   0.91233348846E+00
   411   0.84172397852E+00
   412   0.72381514311E+00
   413   0.62005400658E+00
   414   0.57628148794E+00
   415   0.59845227003E+00
   416   0.65566509962E+00
   417   0.70460754633E+00
   418   0.71829324961E+00
   419   0.69896912575E+00
   420   0.66823941469E+00
   421   0.64539086819E+00
   422   0.63328099251E+00
   423   0.62305659056E+00
   424   0.60904741287E+00
   425   0.59613585472E+00
   426   0.59475886822E+00
   427   0.60920089483E+00
   428   0.62899577618E+00
   429   0.63310229778E+00
   430   0.60640329123E+00
   431   0.55497056246E+00
   432   0.50906252861E+00
   433   0.50946587324E+00
   434   0.58200687170E+00
   435   0.71546810865E+00
   436   0.85907840729E+00
   437   0.94746661186E+00
   438   0.93879950047E+00
   439   0.83979630470E+00
   440   0.70120149851E+00
   441   0.58719128370E+00
   442   0.53927159309E+00
   443   0.55805289745E+00
   444   0.61133861542E+00
   445   0.65865278244E+00
   446   0.67612475157E+00
   447   0.66569983959E+00
   448   0.64582008123E+00
   449   0.63219422102E+00
   450   0.62579429150E+00
   451   0.61868304014E+00
   452   0.60748654604E+00
   453   0.59954994917E+00
   454   0.60718744993E+00
   455   0.63430589437E+00
   456   0.66742634773E+00
   457   0.68208205700E+00
   458   0.66106212139E+00
   459   0.61048698425E+00
   460   0.56117856503E+00
   461   0.55216991901E+00
   462   0.60673093796E+00
   463   0.71507060528E+00
   464   0.83336681128E+00
   465   0.90497773886E+00
   466   0.89299649000E+00
   467   0.80288165808E+00
   468   0.67941009998E+00
   469   0.57974135876E+00
   470   0.54071420431E+00
   471   0.56205713749E+00
   472   0.61320459843E+00
   473   0.65562164783E+00
   474   0.66645330191E+00
   475   0.64786022902E+00
   476   0.61972618103E+00
   477   0.60255515575E+00
   478   0.60293114185E+00
   479   0.61296772957E+00
   480   0.62119001150E+00
   481   0.62432605028E+00
   482   0.62940013409E+00
   483   0.64465934038E+00
   484   0.66566056013E+00
   485   0.67361992598E+00
   486   0.65125954151E+00
   487   0.60183089972E+00
   488   0.55498945713E+00
   489   0.55225414038E+00
   490   0.61945563555E+00
   491   0.74418205023E+00
   492   0.87498968840E+00
   493   0.94803303480E+00
   494   0.92467397451E+00
   495   0.81483757496E+00
   496   0.67061507702E+00
   497   0.55487680435E+00
   498   0.50595659018E+00
   499   0.52214580774E+00
   500   0.57126384974E+00
   501   0.61423385143E+00
   502   0.62790775299E+00
   503   0.61409783363E+00
   504   0.59261238575E+00
   505   0.58335363865E+00
   506   0.59156668186E+00
   507   0.60884934664E+00
   508   0.62451374531E+00
   509   0.63648867607E+00
   510   0.65225255489E+00
   511   0.67712849379E+00
   512   0.70300912857E+00
   513   0.71125340462E+00
   514   0.68848538399E+00
   515   0.64218914509E+00
   516   0.60154229403E+00
   517   0.60035157204E+00
   518   0.65451008081E+00
   519   0.74866271019E+00
   520   0.84041553736E+00
   521   0.88283181190E+00
   522   0.85155719519E+00
   523   0.75877010822E+00
   524   0.64523762465E+00
   525   0.55670624971E+00
   526   0.51990133524E+00
   527   0.53293782473E+00
   528   0.57188743353E+00
   529   0.60631185770E+00
   530   0.61612582207E+00
   531   0.60035288334E+00
   532   0.57565343380E+00
   533   0.56407743692E+00
   534   0.57610064745E+00
   535   0.60348230600E+00
   536   0.62880229950E+00
   537   0.64260047674E+00
   538   0.65092766285E+00
   539   0.66632950306E+00
   540   0.68900120258E+00
   541   0.70153653622E+00
   542   0.68510508537E+00
   543   0.64052468538E+00
   544   0.59508067369E+00
   545   0.58802813292E+00
   546   0.64391046762E+00
   547   0.75124490261E+00
   548   0.86258363724E+00
   549   0.91980862617E+00
   550   0.88883453608E+00
   551   0.78045344353E+00
   552   0.64354699850E+00
   553   0.53534275293E+00
   554   0.48916780949E+00
   555   0.50195062160E+00
   556   0.54436725378E+00
   557   0.58129173517E+00
   558   0.59113842249E+00
   559   0.57493054867E+00
   560   0.55248391628E+00
   561   0.54647487402E+00
   562   0.56521373987E+00
   563   0.59937793016E+00
   564   0.63217854500E+00
   565   0.65468150377E+00
   566   0.67185312510E+00
   567   0.69205164909E+00
   568   0.71303361654E+00
   569   0.72060060501E+00
   570   0.70228594542E+00
   571   0.66288650036E+00
   572   0.62662398815E+00
   573   0.62301307917E+00
   574   0.66660559177E+00
   575   0.74459677935E+00
   576   0.82051569223E+00
   577   0.85393846035E+00
   578   0.82362842560E+00
   579   0.73914504051E+00
   580   0.63443279266E+00
   581   0.54856747389E+00
   582   0.50587040186E+00
   583   0.50774079561E+00
   584   0.53711998463E+00
   585   0.56906366348E+00
   586   0.58341693878E+00
   587   0.57485729456E+00
   588   0.55603587627E+00
   589   0.54871022701E+00
   590   0.56524187326E+00
   591   0.59785515070E+00
   592   0.62745338678E+00
   593   0.64298874140E+00
   594   0.65106457472E+00
   595   0.66663187742E+00
   596   0.69223791361E+00
   597   0.71094745398E+00
   598   0.70241934061E+00
   599   0.66467189789E+00
   600   0.62137073278E+00
   601   0.60880452394E+00
   602   0.65126377344E+00
   603   0.74096202850E+00
   604   0.83689278364E+00
   605   0.88673472404E+00
   606   0.85837978125E+00
   607   0.75962489843E+00
   608   0.63304871321E+00
   609   0.52991223335E+00
   610   0.48133736849E+00
   611   0.48690932989E+00
   612   0.52299702168E+00
   613   0.55876052380E+00
   614   0.57226395607E+00
   615   0.56092894077E+00
   616   0.54177379608E+00
   617   0.53807812929E+00
   618   0.56021010876E+00
   619   0.59870523214E+00
   620   0.63381534815E+00
   621   0.65352267027E+00
   622   0.66299897432E+00
   623   0.67443776131E+00
   624   0.69013184309E+00
   625   0.69807618856E+00
   626   0.68534821272E+00
   627   0.65419137478E+00
   628   0.62459427118E+00
   629   0.62233048677E+00
   630   0.66088581085E+00
   631   0.72955340147E+00
   632   0.79610610008E+00
   633   0.82435971498E+00
   634   0.79531842470E+00
   635   0.71802449226E+00
   636   0.62388283014E+00
   637   0.54847145081E+00
   638   0.51274919510E+00
   639   0.51634937525E+00
   640   0.54258817434E+00
   641   0.56845676899E+00
   642   0.57633525133E+00
   643   0.56368130445E+00
   644   0.54540294409E+00
   645   0.54251551628E+00
   646   0.56414097548E+00
   647   0.59965062141E+00
   648   0.62959605455E+00
   649   0.64429980516E+00
   650   0.65077859163E+00
   651   0.66149908304E+00
   652   0.67641454935E+00
   653   0.68050426245E+00
   654   0.66035878658E+00
   655   0.62105983496E+00
   656   0.58746910095E+00
   657   0.58953285217E+00
   658   0.64118260145E+00
   659   0.72703224421E+00
   660   0.80698412657E+00
   661   0.83868825436E+00
   662   0.80304229259E+00
   663   0.71548694372E+00
   664   0.61601364613E+00
   665   0.54491722584E+00
   666   0.52078080177E+00
   667   0.53574341536E+00
   668   0.56640827656E+00
   669   0.58813881874E+00
   670   0.58668422699E+00
   671   0.56437593699E+00
   672   0.53802007437E+00
   673   0.52772933245E+00
   674   0.54154324532E+00
   675   0.57021778822E+00
   676   0.59641468525E+00
   677   0.61090761423E+00
   678   0.61990660429E+00
   679   0.63489943743E+00
   680   0.65697723627E+00
   681   0.67336976528E+00
   682   0.66975742579E+00
   683   0.64491069317E+00
   684   0.61402797699E+00
   685   0.59952443838E+00
   686   0.61684441566E+00
   687   0.66386836767E+00
   688   0.71947371960E+00
   689   0.75410622358E+00
   690   0.74706810713E+00
   691   0.69856601954E+00
   692   0.62947475910E+00
   693   0.56905919313E+00
   694   0.53844916821E+00
   695   0.54120939970E+00
   696   0.56515496969E+00
   697   0.59052395821E+00
   698   0.60096174479E+00
   699   0.59273308516E+00
   700   0.57692778111E+00
   701   0.56969398260E+00
   702   0.57717782259E+00
   703   0.59059113264E+00
   704   0.59683388472E+00
   705   0.59312278032E+00
   706   0.58977013826E+00
   707   0.59832984209E+00
   708   0.61712986231E+00
   709   0.63025456667E+00
   710   0.62244343758E+00
   711   0.59398275614E+00
   712   0.56295108795E+00
   713   0.55516964197E+00
   714   0.58826905489E+00
   715   0.65854585171E+00
   716   0.73851060867E+00
   717   0.79024481773E+00
   718   0.78763341904E+00
   719   0.73212265968E+00
   720   0.65179085732E+00
   721   0.58425217867E+00
   722   0.55469805002E+00
   723   0.56439280510E+00
   724   0.59465605021E+00
   725   0.62048834562E+00
   726   0.62604570389E+00
   727   0.61335903406E+00
   728   0.59834206104E+00
   729   0.59474003315E+00
   730   0.60092848539E+00
   731   0.60424101353E+00
   732   0.59638106823E+00
   733   0.58326447010E+00
   734   0.57909458876E+00
   735   0.59063649178E+00
   736   0.60853725672E+00
   737   0.61498284340E+00
   738   0.59983676672E+00
   739   0.56954377890E+00
   740   0.54389363527E+00
   741   0.54511618614E+00
   742   0.58564710617E+00
   743   0.65909487009E+00
   744   0.73898345232E+00
   745   0.79088628292E+00
   746   0.79168146849E+00
   747   0.74310570955E+00
   748   0.67097610235E+00
   749   0.61022853851E+00
   750   0.58493638039E+00
   751   0.59689784050E+00
   752   0.62840282917E+00
   753   0.65478581190E+00
   754   0.65977078676E+00
   755   0.64465922117E+00
   756   0.62468326092E+00
   757   0.61389595270E+00
   758   0.61210483313E+00
   759   0.60755372047E+00
   760   0.59220689535E+00
   761   0.57212990522E+00
   762   0.56199735403E+00
   763   0.56993687153E+00
   764   0.58750224113E+00
   765   0.59550070763E+00
   766   0.58106124401E+00
   767   0.54870557785E+00
   768   0.51957082748E+00
   769   0.52082628012E+00
   770   0.57021939754E+00
   771   0.66207975149E+00
   772   0.76382780075E+00
   773   0.83119726181E+00
   774   0.83415561914E+00
   775   0.77509850264E+00
   776   0.68729174137E+00
   777   0.61466270685E+00
   778   0.58617073298E+00
   779   0.60207134485E+00
   780   0.63927286863E+00
   781   0.66852658987E+00
   782   0.67290246487E+00
   783   0.65632390976E+00
   784   0.63642996550E+00
   785   0.62635481358E+00
   786   0.62242758274E+00
   787   0.61165356636E+00
   788   0.58898067474E+00
   789   0.56517046690E+00
   790   0.55742931366E+00
   791   0.57184326649E+00
   792   0.59559196234E+00
   793   0.60662668943E+00
   794   0.59166473150E+00
   795   0.55620259047E+00
   796   0.52237069607E+00
   797   0.51739001274E+00
   798   0.55878478289E+00
   799   0.64317959547E+00
   800   0.74309664965E+00
   801   0.81781911850E+00
   802   0.83513057232E+00
   803   0.79029446840E+00
   804   0.70973020792E+00
   805   0.63574421406E+00
   806   0.60168319941E+00
   807   0.61425757408E+00
   808   0.65357732773E+00
   809   0.68855285645E+00
   810   0.69804078341E+00
   811   0.68257743120E+00
   812   0.65870302916E+00
   813   0.64152032137E+00
   814   0.63146883249E+00
   815   0.61797755957E+00
   816   0.59524762630E+00
   817   0.57134699821E+00
   818   0.56141394377E+00
   819   0.57224524021E+00
   820   0.59311091900E+00
   821   0.60202181339E+00
   822   0.58371907473E+00
   823   0.54285335541E+00
   824   0.50456488132E+00
   825   0.50267970562E+00
   826   0.56001937389E+00
   827   0.67076832056E+00
   828   0.79588341713E+00
   829   0.88098102808E+00
   830   0.88796132803E+00
   831   0.81789219379E+00
   832   0.71006107330E+00
   833   0.61806386709E+00
   834   0.57881075144E+00
   835   0.59480267763E+00
   836   0.63949078321E+00
   837   0.67784833908E+00
   838   0.68885427713E+00
   839   0.67532902956E+00
   840   0.65544915199E+00
   841   0.64325910807E+00
   842   0.63610690832E+00
   843   0.62224626541E+00
   844   0.59800887108E+00
   845   0.57467627525E+00
   846   0.56918621063E+00
   847   0.58742535114E+00
   848   0.61597037315E+00
   849   0.63027882576E+00
   850   0.61353707314E+00
   851   0.56991851330E+00
   852   0.52518129349E+00
   853   0.51387465000E+00
   854   0.55949664116E+00
   855   0.65865802765E+00
   856   0.77688831091E+00
   857   0.86317551136E+00
   858   0.87800115347E+00
   859   0.81717467308E+00
   860   0.71517711878E+00
   861   0.62453043461E+00
   862   0.58477514982E+00
   863   0.60202848911E+00
   864   0.65072840452E+00
   865   0.69308716059E+00
   866   0.70419263840E+00
   867   0.68499141932E+00
   868   0.65505486727E+00
   869   0.63338577747E+00
   870   0.62387293577E+00
   871   0.61756545305E+00
   872   0.60693025589E+00
   873   0.59529018402E+00
   874   0.59330618382E+00
   875   0.60665518045E+00
   876   0.62619054317E+00
   877   0.63134008646E+00
   878   0.60675698519E+00
   879   0.55765920877E+00
   880   0.51264262199E+00
   881   0.51061660051E+00
   882   0.57678753138E+00
   883   0.70202451944E+00
   884   0.83957713842E+00
   885   0.92734414339E+00
   886   0.92381417751E+00
   887   0.83298498392E+00
   888   0.70178109407E+00
   889   0.59177500010E+00
   890   0.54406183958E+00
   891   0.56045126915E+00
   892   0.61062699556E+00
   893   0.65563315153E+00
   894   0.67208319902E+00
   895   0.66157519817E+00
   896   0.64202576876E+00
