        1008           1
     1   0.12533385754E+01
     2   0.12440568209E+01
     3   0.12355797291E+01
     4   0.12185083628E+01
     5   0.11976332664E+01
     6   0.11897909641E+01
     7   0.12110434771E+01
     8   0.12605928183E+01
     9   0.13150472641E+01
    10   0.13389625549E+01
    11   0.13073979616E+01
    12   0.12241370678E+01
    13   0.11264591217E+01
    14   0.10704497099E+01
    15   0.11039867401E+01
    16   0.12412469387E+01
    17   0.14497840405E+01
    18   0.16582686901E+01
    19   0.17865053415E+01
    20   0.17830779552E+01
    21   0.16505063772E+01
    22   0.14440026283E+01
    23   0.12443239689E+01
    24   0.11196485758E+01
    25   0.10971169472E+01
    26   0.11573884487E+01
    27   0.12502132654E+01
    28   0.13215889931E+01
    29   0.13401662111E+01
    30   0.13081108332E+01
    31   0.12532219887E+01
    32   0.12091335058E+01
    33   0.11942242384E+01
    34   0.12046254873E+01
    35   0.12229547501E+01
    36   0.12347471714E+01
    37   0.12388598919E+01
    38   0.12467708588E+01
    39   0.12701445818E+01
    40   0.13054360151E+01
    41   0.13297686577E+01
    42   0.13154047728E+01
    43   0.12516740561E+01
    44   0.11584244967E+01
    45   0.10832846165E+01
    46   0.10806709528E+01
    47   0.11832655668E+01
    48   0.13795045614E+01
    49   0.16097220182E+01
    50   0.17882409096E+01
    51   0.18429026604E+01
    52   0.17502019405E+01
    53   0.15470099449E+01
    54   0.13120694160E+01
    55   0.11279311180E+01
    56   0.10440053940E+01
    57   0.10609965324E+01
    58   0.11401270628E+01
    59   0.12271132469E+01
    60   0.12789354324E+01
    61   0.12810781002E+01
    62   0.12479250431E+01
    63   0.12094250917E+01
    64   0.11897988319E+01
    65   0.11938925982E+01
    66   0.12102009058E+01
    67   0.12244966030E+01
    68   0.12327858210E+01
    69   0.12446277142E+01
    70   0.12738200426E+01
    71   0.13218284845E+01
    72   0.13696403503E+01
    73   0.13863836527E+01
    74   0.13505071402E+01
    75   0.12681586742E+01
    76   0.11769624949E+01
    77   0.11304694414E+01
    78   0.11711670160E+01
    79   0.13064640760E+01
    80   0.14988900423E+01
    81   0.16778748035E+01
    82   0.17710261345E+01
    83   0.17384518385E+01
    84   0.15915577412E+01
    85   0.13865430355E+01
    86   0.11970119476E+01
    87   0.10806095600E+01
    88   0.10572522879E+01
    89   0.11076787710E+01
    90   0.11878842115E+01
    91   0.12512603998E+01
    92   0.12697014809E+01
    93   0.12431205511E+01
    94   0.11954127550E+01
    95   0.11589386463E+01
    96   0.11543457508E+01
    97   0.11799950600E+01
    98   0.12168184519E+01
    99   0.12449128628E+01
   100   0.12585473061E+01
   101   0.12689108849E+01
   102   0.12917630672E+01
   103   0.13285174370E+01
   104   0.13586013317E+01
   105   0.13534781933E+01
   106   0.12999402285E+01
   107   0.12149137259E+01
   108   0.11426899433E+01
   109   0.11346436739E+01
   110   0.12222837210E+01
   111   0.13958424330E+01
   112   0.16005290747E+01
   113   0.17571783066E+01
   114   0.17990192175E+01
   115   0.17043855190E+01
   116   0.15078729391E+01
   117   0.12829799652E+01
   118   0.11063230038E+01
   119   0.10232262611E+01
   120   0.10338971615E+01
   121   0.11028845310E+01
   122   0.11805856228E+01
   123   0.12265539169E+01
   124   0.12254676819E+01
   125   0.11899223328E+01
   126   0.11503471136E+01
   127   0.11346327066E+01
   128   0.11513789892E+01
   129   0.11886986494E+01
   130   0.12265355587E+01
   131   0.12527656555E+01
   132   0.12718220949E+01
   133   0.12978394032E+01
   134   0.13372410536E+01
   135   0.13772742748E+01
   136   0.13920669556E+01
   137   0.13619344234E+01
   138   0.12912342548E+01
   139   0.12117637396E+01
   140   0.11697678566E+01
   141   0.12026810646E+01
   142   0.13175938129E+01
   143   0.14822542667E+01
   144   0.16351665258E+01
   145   0.17129834890E+01
   146   0.16804735661E+01
   147   0.15469233990E+01
   148   0.13606809378E+01
   149   0.11855988503E+01
   150   0.10724895000E+01
   151   0.10403779745E+01
   152   0.10756255388E+01
   153   0.11432211399E+01
   154   0.12032759190E+01
   155   0.12277574539E+01
   156   0.12110441923E+01
   157   0.11709617376E+01
   158   0.11376678944E+01
   159   0.11342921257E+01
   160   0.11624845266E+01
   161   0.12037391663E+01
   162   0.12354530096E+01
   163   0.12493083477E+01
   164   0.12562198639E+01
   165   0.12745978832E+01
   166   0.13103638887E+01
   167   0.13466254473E+01
   168   0.13547294140E+01
   169   0.13176450729E+01
   170   0.12462306023E+01
   171   0.11780306101E+01
   172   0.11598942280E+01
   173   0.12235898972E+01
   174   0.13656464815E+01
   175   0.15418668985E+01
   176   0.16833927631E+01
   177   0.17285394669E+01
   178   0.16531332731E+01
   179   0.14827754498E+01
   180   0.12800157070E+01
   181   0.11139366627E+01
   182   0.10288614035E+01
   183   0.10297988653E+01
   184   0.10883547068E+01
   185   0.11604608297E+01
   186   0.12072641850E+01
   187   0.12109081745E+01
   188   0.11800392866E+01
   189   0.11425985098E+01
   190   0.11270678043E+01
   191   0.11437622309E+01
   192   0.11810872555E+01
   193   0.12174173594E+01
   194   0.12385334969E+01
   195   0.12478430271E+01
   196   0.12604520321E+01
   197   0.12861599922E+01
   198   0.13172199726E+01
   199   0.13324037790E+01
   200   0.13141237497E+01
   201   0.12638674974E+01
   202   0.12047057152E+01
   203   0.11712788343E+01
   204   0.11927894354E+01
   205   0.12770806551E+01
   206   0.14029277563E+01
   207   0.15253148079E+01
   208   0.15947322845E+01
   209   0.15803940296E+01
   210   0.14849661589E+01
   211   0.13430320024E+01
   212   0.12042764425E+01
   213   0.11106787920E+01
   214   0.10802626610E+01
   215   0.11047489643E+01
   216   0.11569396257E+01
   217   0.12037175894E+01
   218   0.12208148241E+01
   219   0.12038662434E+01
   220   0.11700839996E+01
   221   0.11462185383E+01
   222   0.11491539478E+01
   223   0.11745123863E+01
   224   0.12027057409E+01
   225   0.12167985439E+01
   226   0.12167525291E+01
   227   0.12175905704E+01
   228   0.12342821360E+01
   229   0.12650183439E+01
   230   0.12890814543E+01
   231   0.12826741934E+01
   232   0.12383202314E+01
   233   0.11730216742E+01
   234   0.11220718622E+01
   235   0.11228036880E+01
   236   0.11954091787E+01
   237   0.13293390274E+01
   238   0.14821965694E+01
   239   0.15961263180E+01
   240   0.16249847412E+01
   241   0.15571236610E+01
   242   0.14210106134E+01
   243   0.12706749439E+01
   244   0.11592280865E+01
   245   0.11151773930E+01
   246   0.11344777346E+01
   247   0.11889806986E+01
   248   0.12421106100E+01
   249   0.12650568485E+01
   250   0.12487753630E+01
   251   0.12063430548E+01
   252   0.11636652946E+01
   253   0.11427319050E+01
   254   0.11469078064E+01
   255   0.11612973213E+01
   256   0.11668518782E+01
   257   0.11568182707E+01
   258   0.11431603432E+01
   259   0.11457756758E+01
   260   0.11740446091E+01
   261   0.12164114714E+01
   262   0.12474966049E+01
   263   0.12461996078E+01
   264   0.12101613283E+01
   265   0.11581292152E+01
   266   0.11208854914E+01
   267   0.11270561218E+01
   268   0.11898493767E+01
   269   0.12987997532E+01
   270   0.14197487831E+01
   271   0.15077234507E+01
   272   0.15280280113E+01
   273   0.14731645584E+01
   274   0.13667154312E+01
   275   0.12516921759E+01
   276   0.11698558331E+01
   277   0.11431313753E+01
   278   0.11674224138E+01
   279   0.12184622288E+01
   280   0.12649825811E+01
   281   0.12840963602E+01
   282   0.12719964981E+01
   283   0.12442749739E+01
   284   0.12228342295E+01
   285   0.12176256180E+01
   286   0.12194405794E+01
   287   0.12103289366E+01
   288   0.11819344759E+01
   289   0.11451754570E+01
   290   0.11222782135E+01
   291   0.11284779310E+01
   292   0.11581482887E+01
   293   0.11866296530E+01
   294   0.11877205372E+01
   295   0.11521682739E+01
   296   0.10939505100E+01
   297   0.10442287922E+01
   298   0.10381062031E+01
   299   0.10990070105E+01
   300   0.12257704735E+01
   301   0.13868821859E+01
   302   0.15293281078E+01
   303   0.16019119024E+01
   304   0.15800594091E+01
   305   0.14783934355E+01
   306   0.13435310125E+01
   307   0.12311834097E+01
   308   0.11796914339E+01
   309   0.11952301264E+01
   310   0.12537676096E+01
   311   0.13163315058E+01
   312   0.13500328064E+01
   313   0.13442513943E+01
   314   0.13135086298E+01
   315   0.12834521532E+01
   316   0.12685134411E+01
   317   0.12607154846E+01
   318   0.12402460575E+01
   319   0.11968539953E+01
   320   0.11421353817E+01
   321   0.11022272110E+01
   322   0.10972375870E+01
   323   0.11247894764E+01
   324   0.11601635218E+01
   325   0.11735870838E+01
   326   0.11496989727E+01
   327   0.10958205462E+01
   328   0.10386306047E+01
   329   0.10134121180E+01
   330   0.10498788357E+01
   331   0.11587746143E+01
   332   0.13222441673E+01
   333   0.14947153330E+01
   334   0.16197818518E+01
   335   0.16555415392E+01
   336   0.15949110985E+01
   337   0.14696960449E+01
   338   0.13354804516E+01
   339   0.12450087070E+01
   340   0.12246434689E+01
   341   0.12663147449E+01
   342   0.13359516859E+01
   343   0.13926830292E+01
   344   0.14101835489E+01
   345   0.13884416819E+01
   346   0.13488690853E+01
   347   0.13149592876E+01
   348   0.12931466103E+01
   349   0.12704550028E+01
   350   0.12309617996E+01
   351   0.11745048761E+01
   352   0.11207294464E+01
   353   0.10950425863E+01
   354   0.11080781221E+01
   355   0.11455724239E+01
   356   0.11757479906E+01
   357   0.11700842381E+01
   358   0.11217546463E+01
   359   0.10505725145E+01
   360   0.99594575167E+00
   361   0.10007629395E+01
   362   0.10919529200E+01
   363   0.12643467188E+01
   364   0.14744392633E+01
   365   0.16535439491E+01
   366   0.17384799719E+01
   367   0.17022509575E+01
   368   0.15677242279E+01
   369   0.13962373734E+01
   370   0.12575336695E+01
   371   0.11972703934E+01
   372   0.12196928263E+01
   373   0.12924584150E+01
   374   0.13674691916E+01
   375   0.14065171480E+01
   376   0.13991954327E+01
   377   0.13631465435E+01
   378   0.13266820908E+01
   379   0.13049000502E+01
   380   0.12890288830E+01
   381   0.12590944767E+01
   382   0.12063466311E+01
   383   0.11449369192E+01
   384   0.11031889915E+01
   385   0.11021473408E+01
   386   0.11389025450E+01
   387   0.11861954927E+01
   388   0.12085951567E+01
   389   0.11845089197E+01
   390   0.11184899807E+01
   391   0.10408748388E+01
   392   0.99664920568E+00
   393   0.10264128447E+01
   394   0.11474597454E+01
   395   0.13409661055E+01
   396   0.15521925688E+01
   397   0.17100788355E+01
   398   0.17587543726E+01
   399   0.16848115921E+01
   400   0.15252605677E+01
   401   0.13502024412E+01
   402   0.12288618088E+01
   403   0.11978020668E+01
   404   0.12485367060E+01
   405   0.13376994133E+01
   406   0.14124234915E+01
   407   0.14381867647E+01
   408   0.14136641026E+01
   409   0.13640879393E+01
   410   0.13188353777E+01
   411   0.12900375128E+01
   412   0.12683395147E+01
   413   0.12379810810E+01
   414   0.11959218979E+01
   415   0.11565566063E+01
   416   0.11408685446E+01
   417   0.11585704088E+01
   418   0.11969602108E+01
   419   0.12254533768E+01
   420   0.12144662142E+01
   421   0.11555560827E+01
   422   0.10695520639E+01
   423   0.10014671087E+01
   424   0.10021036863E+01
   425   0.11034429073E+01
   426   0.12982459068E+01
   427   0.15340508223E+01
   428   0.17303656340E+01
   429   0.18151342869E+01
   430   0.17596397400E+01
   431   0.15927540064E+01
   432   0.13863066435E+01
   433   0.12201390266E+01
   434   0.11455492973E+01
   435   0.11669366360E+01
   436   0.12480510473E+01
   437   0.13354892731E+01
   438   0.13866057396E+01
   439   0.13883445263E+01
   440   0.13567912579E+01
   441   0.13201674223E+01
   442   0.12957712412E+01
   443   0.12792898417E+01
   444   0.12551224232E+01
   445   0.12155240774E+01
   446   0.11711649895E+01
   447   0.11450206041E+01
   448   0.11556658745E+01
   449   0.12012726068E+01
   450   0.12560894489E+01
   451   0.12828911543E+01
   452   0.12559163570E+01
   453   0.11776808500E+01
   454   0.10825883150E+01
   455   0.10244967937E+01
   456   0.10521608591E+01
   457   0.11847566366E+01
   458   0.13969703913E+01
   459   0.16221368313E+01
   460   0.17782593966E+01
   461   0.18055908680E+01
   462   0.16962580681E+01
   463   0.14991639853E+01
   464   0.12962528467E+01
   465   0.11628710032E+01
   466   0.11341167688E+01
   467   0.11948918104E+01
   468   0.12941558361E+01
   469   0.13740239143E+01
   470   0.13991272449E+01
   471   0.13700740337E+01
   472   0.13149431944E+01
   473   0.12668603659E+01
   474   0.12421786785E+01
   475   0.12351777554E+01
   476   0.12300893068E+01
   477   0.12182788849E+01
   478   0.12050628662E+01
   479   0.12047504187E+01
   480   0.12268155813E+01
   481   0.12633402348E+01
   482   0.12884684801E+01
   483   0.12740055323E+01
   484   0.12102088928E+01
   485   0.11174585819E+01
   486   0.10431264639E+01
   487   0.10415966511E+01
   488   0.11464332342E+01
   489   0.13476698399E+01
   490   0.15868946314E+01
   491   0.17780299187E+01
   492   0.18468425274E+01
   493   0.17670218945E+01
   494   0.15731759071E+01
   495   0.13433119059E+01
   496   0.11611778736E+01
   497   0.10785994530E+01
   498   0.10983115435E+01
   499   0.11817750931E+01
   500   0.12735133171E+01
   501   0.13293333054E+01
   502   0.13347254992E+01
   503   0.13044782877E+01
   504   0.12674334049E+01
   505   0.12443683147E+01
   506   0.12362710238E+01
   507   0.12309296131E+01
   508   0.12186399698E+01
   509   0.12031900883E+01
   510   0.12002693415E+01
   511   0.12253687382E+01
   512   0.12771922350E+01
   513   0.13320080042E+01
   514   0.13548316956E+01
   515   0.13219074011E+01
   516   0.12387489080E+01
   517   0.11437530518E+01
   518   0.10923563242E+01
   519   0.11299942732E+01
   520   0.12678357363E+01
   521   0.14713772535E+01
   522   0.16695631742E+01
   523   0.17849283218E+01
   524   0.17699788809E+01
   525   0.16305183172E+01
   526   0.14227722883E+01
   527   0.12259650230E+01
   528   0.11052000523E+01
   529   0.10847853422E+01
   530   0.11442271471E+01
   531   0.12341424227E+01
   532   0.13027752638E+01
   533   0.13208959103E+01
   534   0.12911506891E+01
   535   0.12403566837E+01
   536   0.12007414103E+01
   537   0.11897474527E+01
   538   0.12032724619E+01
   539   0.12238284349E+01
   540   0.12365243435E+01
   541   0.12403551340E+01
   542   0.12476179600E+01
   543   0.12713063955E+01
   544   0.13086911440E+01
   545   0.13367083073E+01
   546   0.13268129826E+01
   547   0.12672994137E+01
   548   0.11774528027E+01
   549   0.11045594215E+01
   550   0.11025314331E+01
   551   0.12032378912E+01
   552   0.13942636251E+01
   553   0.16159029007E+01
   554   0.17839272022E+01
   555   0.18290405273E+01
   556   0.17307604551E+01
   557   0.15275503397E+01
   558   0.12972886562E+01
   559   0.11196103096E+01
   560   0.10406874418E+01
   561   0.10594595671E+01
   562   0.11371247768E+01
   563   0.12204241753E+01
   564   0.12677947283E+01
   565   0.12660299540E+01
   566   0.12307093143E+01
   567   0.11926603317E+01
   568   0.11762797832E+01
   569   0.11857104301E+01
   570   0.12081313133E+01
   571   0.12279477119E+01
   572   0.12402440310E+01
   573   0.12544599771E+01
   574   0.12842261791E+01
   575   0.13305388689E+01
   576   0.13746182919E+01
   577   0.13876485825E+01
   578   0.13511047363E+01
   579   0.12734832764E+01
   580   0.11920859814E+01
   581   0.11563878059E+01
   582   0.12027535439E+01
   583   0.13338767290E+01
   584   0.15119646788E+01
   585   0.16711878777E+01
   586   0.17468206882E+01
   587   0.17055182457E+01
   588   0.15609531403E+01
   589   0.13664045334E+01
   590   0.11893588305E+01
   591   0.10815210342E+01
   592   0.10598186255E+01
   593   0.11058330536E+01
   594   0.11788505316E+01
   595   0.12360739708E+01
   596   0.12518888712E+01
   597   0.12263537645E+01
   598   0.11819534302E+01
   599   0.11495974064E+01
   600   0.11491296291E+01
   601   0.11782530546E+01
   602   0.12171770334E+01
   603   0.12457350492E+01
   604   0.12590527534E+01
   605   0.12695974112E+01
   606   0.12940083742E+01
   607   0.13331379890E+01
   608   0.13654760122E+01
   609   0.13621184826E+01
   610   0.13100756407E+01
   611   0.12270053625E+01
   612   0.11576496363E+01
   613   0.11528762579E+01
   614   0.12423045635E+01
   615   0.14136109352E+01
   616   0.16104995012E+01
   617   0.17549157143E+01
   618   0.17840154171E+01
   619   0.16812105179E+01
   620   0.14843789339E+01
   621   0.12665603161E+01
   622   0.11004043818E+01
   623   0.10263329744E+01
   624   0.10415035486E+01
   625   0.11099367142E+01
   626   0.11831897497E+01
   627   0.12229824066E+01
   628   0.12163889408E+01
   629   0.11780073643E+01
   630   0.11391294003E+01
   631   0.11269677877E+01
   632   0.11484631300E+01
   633   0.11902813911E+01
   634   0.12315222025E+01
   635   0.12601875067E+01
   636   0.12812678814E+01
   637   0.13084229231E+01
   638   0.13470906019E+01
   639   0.13844773769E+01
   640   0.13963514566E+01
   641   0.13654425144E+01
   642   0.12977986336E+01
   643   0.12250127792E+01
   644   0.11906993389E+01
   645   0.12281495333E+01
   646   0.13413878679E+01
   647   0.14980206490E+01
   648   0.16396765709E+01
   649   0.17077239752E+01
   650   0.16705529690E+01
   651   0.15380725861E+01
   652   0.13561708927E+01
   653   0.11849001646E+01
   654   0.10722442865E+01
   655   0.10367962122E+01
   656   0.10664790869E+01
   657   0.11284379959E+01
   658   0.11848027706E+01
   659   0.12088073492E+01
   660   0.11950913668E+01
   661   0.11607006788E+01
   662   0.11346001625E+01
   663   0.11382472515E+01
   664   0.11711335182E+01
   665   0.12134928703E+01
   666   0.12438408136E+01
   667   0.12567780018E+01
   668   0.12659420967E+01
   669   0.12903790474E+01
   670   0.13331236839E+01
   671   0.13733496666E+01
   672   0.13810095787E+01
   673   0.13405838013E+01
   674   0.12662259340E+01
   675   0.11986351013E+01
   676   0.11859743595E+01
   677   0.12582731247E+01
   678   0.14076765776E+01
   679   0.15850206614E+01
   680   0.17188991308E+01
   681   0.17493638992E+01
   682   0.16575149298E+01
   683   0.14746642113E+01
   684   0.12662352324E+01
   685   0.10998997688E+01
   686   0.10161552429E+01
   687   0.10169895887E+01
   688   0.10737127066E+01
   689   0.11434776783E+01
   690   0.11885433197E+01
   691   0.11916586161E+01
   692   0.11620067358E+01
   693   0.11283335686E+01
   694   0.11197618246E+01
   695   0.11464377642E+01
   696   0.11954271793E+01
   697   0.12423208952E+01
   698   0.12701456547E+01
   699   0.12818950415E+01
   700   0.12941600084E+01
   701   0.13185343742E+01
   702   0.13476942778E+01
   703   0.13594975471E+01
   704   0.13358647823E+01
   705   0.12800072432E+01
   706   0.12189710140E+01
   707   0.11917027235E+01
   708   0.12288341522E+01
   709   0.13345100880E+01
   710   0.14791952372E+01
   711   0.16089414358E+01
   712   0.16693564653E+01
   713   0.16314511299E+01
   714   0.15055059195E+01
   715   0.13356533051E+01
   716   0.11786005497E+01
   717   0.10780576468E+01
   718   0.10491329432E+01
   719   0.10785187483E+01
   720   0.11344308853E+01
   721   0.11814589500E+01
   722   0.11957066059E+01
   723   0.11750204563E+01
   724   0.11396052837E+01
   725   0.11189217567E+01
   726   0.11315110922E+01
   727   0.11729273796E+01
   728   0.12209510803E+01
   729   0.12542607784E+01
   730   0.12686487436E+01
   731   0.12773584127E+01
   732   0.12960152626E+01
   733   0.13240429163E+01
   734   0.13414620161E+01
   735   0.13251857758E+01
   736   0.12698733807E+01
   737   0.11968548298E+01
   738   0.11464761496E+01
   739   0.11583838463E+01
   740   0.12495020628E+01
   741   0.14006499052E+01
   742   0.15596659184E+01
   743   0.16632622480E+01
   744   0.16672135592E+01
   745   0.15680257082E+01
   746   0.14042230844E+01
   747   0.12366647720E+01
   748   0.11192735434E+01
   749   0.10763440132E+01
   750   0.10983973742E+01
   751   0.11538729668E+01
   752   0.12053945065E+01
   753   0.12249569893E+01
   754   0.12042680979E+01
   755   0.11568309069E+01
   756   0.11100786924E+01
   757   0.10898780823E+01
   758   0.11042753458E+01
   759   0.11405414343E+01
   760   0.11761919260E+01
   761   0.11968002319E+01
   762   0.12068696022E+01
   763   0.12231076956E+01
   764   0.12566282749E+01
   765   0.12994828224E+01
   766   0.13286104202E+01
   767   0.13230744600E+01
   768   0.12804977894E+01
   769   0.12209516764E+01
   770   0.11777950525E+01
   771   0.11815143824E+01
   772   0.12444094419E+01
   773   0.13519787788E+01
   774   0.14653329849E+01
   775   0.15374257565E+01
   776   0.15354828835E+01
   777   0.14568738937E+01
   778   0.13303711414E+01
   779   0.12019305229E+01
   780   0.11130759716E+01
   781   0.10836119652E+01
   782   0.11075366735E+01
   783   0.11597332954E+01
   784   0.12085574865E+01
   785   0.12302587032E+01
   786   0.12194006443E+01
   787   0.11905838251E+01
   788   0.11676369905E+01
   789   0.11656503677E+01
   790   0.11803772449E+01
   791   0.11943604946E+01
   792   0.11936674118E+01
   793   0.11809605360E+01
   794   0.11733349562E+01
   795   0.11867091656E+01
   796   0.12198506594E+01
   797   0.12519376278E+01
   798   0.12571811676E+01
   799   0.12242741585E+01
   800   0.11656895876E+01
   801   0.11131219864E+01
   802   0.11033685207E+01
   803   0.11603192091E+01
   804   0.12809708118E+01
   805   0.14310364723E+01
   806   0.15564885139E+01
   807   0.16080924273E+01
   808   0.15653812885E+01
   809   0.14468457699E+01
   810   0.13006371260E+01
   811   0.11809458733E+01
   812   0.11231145859E+01
   813   0.11313738823E+01
   814   0.11824550629E+01
   815   0.12399219275E+01
   816   0.12727477551E+01
   817   0.12697421312E+01
   818   0.12431411743E+01
   819   0.12175774574E+01
   820   0.12098894119E+01
   821   0.12165237665E+01
   822   0.12198795080E+01
   823   0.12062392235E+01
   824   0.11794360876E+01
   825   0.11586518288E+01
   826   0.11619446278E+01
   827   0.11898919344E+01
   828   0.12224739790E+01
   829   0.12328521013E+01
   830   0.12063128948E+01
   831   0.11506361961E+01
   832   0.10933375359E+01
   833   0.10699322224E+01
   834   0.11083182096E+01
   835   0.12153328657E+01
   836   0.13686881065E+01
   837   0.15208207369E+01
   838   0.16179924011E+01
   839   0.16249434948E+01
   840   0.15421309471E+01
   841   0.14058241844E+01
   842   0.12707158327E+01
   843   0.11841381788E+01
   844   0.11660441160E+01
   845   0.12049170732E+01
   846   0.12674520016E+01
   847   0.13162775040E+01
   848   0.13280919790E+01
   849   0.13037601709E+01
   850   0.12645945549E+01
   851   0.12353463173E+01
   852   0.12254936695E+01
   853   0.12241609097E+01
   854   0.12132320404E+01
   855   0.11856266260E+01
   856   0.11529997587E+01
   857   0.11363325119E+01
   858   0.11480319500E+01
   859   0.11795841455E+01
   860   0.12051945925E+01
   861   0.12000567913E+01
   862   0.11575831175E+01
   863   0.10949609280E+01
   864   0.10471892357E+01
   865   0.10524017811E+01
   866   0.11342179775E+01
   867   0.12867138386E+01
   868   0.14693752527E+01
   869   0.16203238964E+01
   870   0.16843942404E+01
   871   0.16401067972E+01
   872   0.15105215311E+01
   873   0.13516404629E+01
   874   0.12250316143E+01
   875   0.11695139408E+01
   876   0.11874132156E+01
   877   0.12500227690E+01
   878   0.13153173923E+01
   879   0.13492462635E+01
   880   0.13413234949E+01
   881   0.13063348532E+01
   882   0.12708212137E+01
   883   0.12516447306E+01
   884   0.12440851927E+01
   885   0.12303656340E+01
   886   0.11990679502E+01
   887   0.11578369141E+01
   888   0.11291598082E+01
   889   0.11322629452E+01
   890   0.11664398909E+01
   891   0.12084642649E+01
   892   0.12270277739E+01
   893   0.12030005455E+01
   894   0.11413937807E+01
   895   0.10709694624E+01
   896   0.10328662395E+01
   897   0.10625191927E+01
   898   0.11730153561E+01
   899   0.13449459076E+01
   900   0.15282272100E+01
   901   0.16604900360E+01
   902   0.16946895123E+01
   903   0.16218844652E+01
   904   0.14765056372E+01
   905   0.13202285767E+01
   906   0.12125042677E+01
   907   0.11838005781E+01
   908   0.12259881496E+01
   909   0.13013087511E+01
   910   0.13641217947E+01
   911   0.13847779036E+01
   912   0.13622157574E+01
   913   0.13186098337E+01
   914   0.12804479599E+01
   915   0.12590321302E+01
   916   0.12454415560E+01
   917   0.12236375809E+01
   918   0.11886332035E+01
   919   0.11530441046E+01
   920   0.11377652884E+01
   921   0.11542401314E+01
   922   0.11924127340E+01
   923   0.12237323523E+01
   924   0.12193257809E+01
   925   0.11696078777E+01
   926   0.10924526453E+01
   927   0.10286881924E+01
   928   0.10252448320E+01
   929   0.11128481627E+01
   930   0.12871626616E+01
   931   0.15020120144E+01
   932   0.16841156483E+01
   933   0.17662652731E+01
   934   0.17199590206E+01
   935   0.15695680380E+01
   936   0.13798769712E+01
   937   0.12243906260E+01
   938   0.11515126228E+01
   939   0.11669850349E+01
   940   0.12389602661E+01
   941   0.13186711073E+01
   942   0.13656647205E+01
   943   0.13662704229E+01
   944   0.13348827362E+01
   945   0.12990397215E+01
   946   0.12769999504E+01
   947   0.12653566599E+01
   948   0.12477273941E+01
   949   0.12140564919E+01
   950   0.11727551222E+01
   951   0.11460930109E+01
   952   0.11533576250E+01
   953   0.11940914392E+01
   954   0.12441761494E+01
   955   0.12686080933E+01
   956   0.12434732914E+01
   957   0.11714245081E+01
   958   0.10844423771E+01
   959   0.10320594311E+01
   960   0.10585695505E+01
   961   0.11812136173E+01
   962   0.13771216869E+01
   963   0.15861092806E+01
   964   0.17336986065E+01
   965   0.17647542953E+01
   966   0.16704705954E+01
   967   0.14936170578E+01
   968   0.13080416918E+01
   969   0.11831085682E+01
   970   0.11527681351E+01
   971   0.12053077221E+01
   972   0.12951055765E+01
   973   0.13685261011E+01
   974   0.13916567564E+01
   975   0.13640136719E+01
   976   0.13113414049E+01
   977   0.12649834156E+01
   978   0.12408083677E+01
   979   0.12331039906E+01
   980   0.12260771990E+01
   981   0.12111771107E+01
   982   0.11945966482E+01
   983   0.11918483973E+01
   984   0.12130045891E+01
   985   0.12500163317E+01
   986   0.12766585350E+01
   987   0.12644381523E+01
   988   0.12033053637E+01
   989   0.11128380299E+01
   990   0.10390734673E+01
   991   0.10352609158E+01
   992   0.11350132227E+01
   993   0.13303381205E+01
   994   0.15659084320E+01
   995   0.17581789494E+01
   996   0.18333525658E+01
   997   0.17631785870E+01
   998   0.15789332390E+01
   999   0.13557196856E+01
  1000   0.11759986877E+01
  1001   0.10922353268E+01
  1002   0.11088432074E+01
  1003   0.11891219616E+01
  1004   0.12789041996E+01
  1005   0.13343758583E+01
  1006   0.13406450748E+01
  1007   0.13118549585E+01
  1008   0.12760491371E+01