   0.2933217   0.0000000   0.0000000   0.0000001   0.0000034   0.0000199   0.0000579   0.0001172   0.0001911   0.0002707   0.0003484
   0.5866433   0.0000028   0.0000852   0.0002544   0.0004383   0.0006244   0.0007873   0.0009135   0.0010028   0.0010614   0.0010979
   0.8799650   0.0033643   0.0035611   0.0033667   0.0030998   0.0028413   0.0026068   0.0024027   0.0022307   0.0020920   0.0019900
   1.1732866   0.0031746   0.0027823   0.0026735   0.0026449   0.0026003   0.0025315   0.0024589   0.0024153   0.0024268   0.0025020
   1.4666083   0.0009616   0.0011947   0.0012429   0.0013099   0.0014632   0.0017732   0.0022371   0.0027885   0.0033599   0.0039122
   1.7599299   0.0012422   0.0012594   0.0019780   0.0035092   0.0050095   0.0061842   0.0070461   0.0076913   0.0082192   0.0086992
   2.0532516   0.0403202   0.0297686   0.0247306   0.0216924   0.0195026   0.0179881   0.0170688   0.0166110   0.0164706   0.0165294
   2.3465732   0.0123346   0.0144284   0.0164833   0.0188600   0.0211875   0.0229580   0.0241460   0.0248876   0.0253229   0.0255532
   2.6398949   0.0650530   0.0496827   0.0435999   0.0404988   0.0386503   0.0374820   0.0367212   0.0361559   0.0356377   0.0350913
   2.9332165   0.0488007   0.0481935   0.0464179   0.0463602   0.0463356   0.0457325   0.0446577   0.0433560   0.0420120   0.0407263
   3.2265382   0.0549658   0.0537206   0.0490368   0.0455426   0.0432767   0.0417670   0.0407123   0.0399134   0.0392565   0.0386878
   3.5198598   0.0221887   0.0203399   0.0218097   0.0245419   0.0269355   0.0287845   0.0302512   0.0314722   0.0325132   0.0334007
   3.8131815   0.0325579   0.0299453   0.0284124   0.0280664   0.0283932   0.0290983   0.0300069   0.0309910   0.0319750   0.0329208
   4.1065031   0.0513986   0.0438757   0.0415770   0.0404355   0.0396448   0.0390203   0.0385546   0.0382705   0.0381624   0.0381993
   4.3998248   0.0424306   0.0428726   0.0439019   0.0444152   0.0447998   0.0450379   0.0450914   0.0449771   0.0447490   0.0444717
   4.6931464   0.0453744   0.0506851   0.0522051   0.0520349   0.0514413   0.0507919   0.0502041   0.0497127   0.0493084   0.0489648
   4.9864681   0.0476450   0.0503254   0.0508381   0.0509227   0.0509568   0.0510812   0.0512474   0.0513868   0.0514671   0.0514814
   5.2797897   0.0479384   0.0481835   0.0496706   0.0513487   0.0524211   0.0530443   0.0534018   0.0535920   0.0536663   0.0536550
   5.5731114   0.0649407   0.0636628   0.0617375   0.0601041   0.0587551   0.0576843   0.0568537   0.0562118   0.0557072   0.0552950
   5.8664330   0.0531300   0.0543278   0.0543968   0.0544710   0.0547411   0.0549893   0.0550952   0.0550479   0.0548852   0.0546522
   6.1597547   0.0515234   0.0518325   0.0523435   0.0526741   0.0527380   0.0526511   0.0525302   0.0524239   0.0523339   0.0522481
   6.4530763   0.0529564   0.0513545   0.0502212   0.0496018   0.0492701   0.0491216   0.0490852   0.0491123   0.0491733   0.0492478
   6.7463980   0.0433564   0.0436571   0.0439183   0.0444487   0.0450546   0.0455916   0.0460149   0.0463297   0.0465575   0.0467201
   7.0397196   0.0478449   0.0472704   0.0470057   0.0466167   0.0461781   0.0457720   0.0454505   0.0452154   0.0450444   0.0449146
   7.3330413   0.0429468   0.0436181   0.0432959   0.0431974   0.0432031   0.0431564   0.0430279   0.0428444   0.0426399   0.0424395
   7.6263629   0.0449580   0.0418617   0.0402456   0.0394727   0.0391076   0.0389446   0.0388713   0.0388331   0.0388076   0.0387875
   7.9196846   0.0321671   0.0321110   0.0329735   0.0336251   0.0340029   0.0342402   0.0344381   0.0346351   0.0348359   0.0350337
   8.2130062   0.0289339   0.0292735   0.0301617   0.0307296   0.0311237   0.0314554   0.0317577   0.0320313   0.0322759   0.0324949
   8.5063279   0.0337026   0.0332579   0.0325848   0.0321051   0.0317818   0.0315626   0.0314129   0.0313150   0.0312578   0.0312324
   8.7996495   0.0305158   0.0309498   0.0306821   0.0305497   0.0304985   0.0304310   0.0303298   0.0302095   0.0300868   0.0299739
   9.0929712   0.0308661   0.0287502   0.0284092   0.0282630   0.0281974   0.0281682   0.0281506   0.0281349   0.0281181   0.0280998
   9.3862928   0.0246516   0.0251160   0.0254975   0.0256213   0.0256864   0.0257527   0.0258333   0.0259242   0.0260169   0.0261045
   9.6796145   0.0209099   0.0228426   0.0234333   0.0237718   0.0240170   0.0242009   0.0243390   0.0244465   0.0245369   0.0246200
   9.9729361   0.0258475   0.0252728   0.0247790   0.0243946   0.0240765   0.0238562   0.0237251   0.0236610   0.0236449   0.0236624
  10.2662578   0.0204729   0.0208088   0.0214298   0.0219510   0.0223075   0.0225441   0.0227045   0.0228196   0.0229083   0.0229812
  10.5595794   0.0214972   0.0227020   0.0228221   0.0226816   0.0225895   0.0225742   0.0226022   0.0226427   0.0226787   0.0227048
  10.8529011   0.0236734   0.0228873   0.0231115   0.0231607   0.0231038   0.0229968   0.0228672   0.0227385   0.0226255   0.0225348
  11.1462227   0.0204131   0.0220473   0.0223586   0.0222878   0.0221780   0.0220846   0.0220156   0.0219707   0.0219453   0.0219335
  11.4395444   0.0210194   0.0200668   0.0199962   0.0201403   0.0203521   0.0205941   0.0208295   0.0210323   0.0211933   0.0213143
  11.7328660   0.0213067   0.0207768   0.0209232   0.0211873   0.0213236   0.0213517   0.0213305   0.0212971   0.0212689   0.0212521
  12.0261877   0.0242998   0.0240977   0.0232638   0.0226074   0.0221315   0.0217820   0.0215285   0.0213517   0.0212358   0.0211666
  12.3195093   0.0184673   0.0189899   0.0190800   0.0193320   0.0196969   0.0200561   0.0203545   0.0205833   0.0207513   0.0208709
  12.6128310   0.0203368   0.0207546   0.0209092   0.0209726   0.0209875   0.0209966   0.0210179   0.0210485   0.0210773   0.0210955
  12.9061526   0.0220671   0.0226332   0.0227647   0.0226529   0.0224475   0.0222108   0.0219676   0.0217344   0.0215230   0.0213395
  13.1994743   0.0213920   0.0212020   0.0213190   0.0212546   0.0211347   0.0210136   0.0208982   0.0207878   0.0206833   0.0205880
  13.4927959   0.0173826   0.0175668   0.0179353   0.0182619   0.0184973   0.0186915   0.0188660   0.0190254   0.0191702   0.0193010
  13.7861176   0.0171803   0.0174918   0.0176380   0.0177781   0.0178994   0.0180367   0.0182012   0.0183856   0.0185788   0.0187720
  14.0794392   0.0189794   0.0190722   0.0189391   0.0189632   0.0190428   0.0191284   0.0192070   0.0192845   0.0193681   0.0194602
  14.3727609   0.0211756   0.0218540   0.0216144   0.0213148   0.0211042   0.0209746   0.0209011   0.0208571   0.0208242   0.0207946
  14.6660825   0.0213996   0.0210694   0.0214538   0.0218811   0.0221620   0.0222742   0.0222627   0.0221823   0.0220703   0.0219482
  14.9594042   0.0256422   0.0260840   0.0251507   0.0241545   0.0234770   0.0230497   0.0227741   0.0225824   0.0224350   0.0223116
  15.2527258   0.0192315   0.0194491   0.0200360   0.0207063   0.0212302   0.0215706   0.0217684   0.0218767   0.0219377   0.0219803
  15.5460475   0.0232148   0.0227948   0.0223390   0.0219650   0.0217046   0.0215591   0.0215255   0.0215887   0.0217289   0.0219269
  15.8393691   0.0210668   0.0212932   0.0210383   0.0210610   0.0213119   0.0216668   0.0220799   0.0225283   0.0229889   0.0234423
  16.1326908   0.0228459   0.0245410   0.0243023   0.0246905   0.0253868   0.0260842   0.0266665   0.0271231   0.0274825   0.0277793
  16.4260124   0.0434950   0.0409016   0.0392144   0.0378748   0.0367052   0.0357240   0.0349625   0.0344128   0.0340406   0.0338040
  16.7193341   0.0333883   0.0360446   0.0369118   0.0377598   0.0383629   0.0387409   0.0389500   0.0390343   0.0390321   0.0389762
  17.0126557   0.0412735   0.0420747   0.0425176   0.0428290   0.0430228   0.0432121   0.0433854   0.0435101   0.0435751   0.0435845
  17.3059774   0.0468479   0.0489655   0.0503860   0.0503653   0.0498467   0.0492626   0.0487696   0.0484019   0.0481338   0.0479169
  17.5992990   0.0454161   0.0472340   0.0489400   0.0498365   0.0504480   0.0509376   0.0512443   0.0513248   0.0511901   0.0508819
  17.8926207   0.0515945   0.0547306   0.0562021   0.0561895   0.0555924   0.0547554   0.0538122   0.0528394   0.0518813   0.0509606
  18.1859423   0.0536577   0.0540078   0.0531617   0.0517883   0.0502834   0.0489225   0.0477691   0.0468133   0.0460263   0.0453754
  18.4792640   0.0226105   0.0250047   0.0271364   0.0291543   0.0309614   0.0325111   0.0337942   0.0348270   0.0356439   0.0362855
  18.7725856   0.0294412   0.0281042   0.0273741   0.0272207   0.0273637   0.0277394   0.0282936   0.0289626   0.0296864   0.0304191
  19.0659073   0.0303603   0.0310035   0.0303375   0.0297692   0.0293885   0.0291180   0.0289461   0.0288927   0.0289735   0.0291869
  19.3592289   0.0290588   0.0283013   0.0283265   0.0286504   0.0289692   0.0292288   0.0294607   0.0296848   0.0299111   0.0301523
  19.6525506   0.0327402   0.0317028   0.0308617   0.0308796   0.0312031   0.0315836   0.0319419   0.0322719   0.0325852   0.0328894
  19.9458722   0.0424236   0.0400899   0.0390649   0.0382637   0.0376690   0.0373571   0.0372691   0.0373148   0.0374258   0.0375622
  20.2391939   0.0311858   0.0347813   0.0387588   0.0411115   0.0423926   0.0430285   0.0432789   0.0433199   0.0432622   0.0431669
  20.5325155   0.0489608   0.0543156   0.0543967   0.0527260   0.0510898   0.0499512   0.0492251   0.0487414   0.0483863   0.0481039
  20.8258372   0.0412812   0.0425599   0.0459243   0.0486615   0.0502480   0.0510552   0.0514068   0.0515291   0.0515538   0.0515452
  21.1191588   0.0492159   0.0575551   0.0571505   0.0556468   0.0546469   0.0542429   0.0542221   0.0543913   0.0546338   0.0548969
  21.4124805   0.0493829   0.0533003   0.0555730   0.0568126   0.0577413   0.0584189   0.0588901   0.0592554   0.0596076   0.0600083
  21.7058021   0.0694885   0.0679281   0.0678469   0.0673169   0.0668369   0.0665741   0.0665934   0.0669116   0.0674950   0.0682817
  21.9991238   0.0776583   0.0732967   0.0731663   0.0736784   0.0747066   0.0761933   0.0778943   0.0795989   0.0811955   0.0826417
  22.2924454   0.0817402   0.0901120   0.0952489   0.0990655   0.1016072   0.1031504   0.1040999   0.1047076   0.1050929   0.1053092
  22.5857671   0.1832425   0.1602832   0.1507064   0.1450858   0.1409528   0.1376658   0.1349245   0.1325360   0.1303848   0.1283999
  22.8790887   0.1603381   0.1508358   0.1480919   0.1477040   0.1475232   0.1467870   0.1454690   0.1437032   0.1416374   0.1393989
  23.1724104   0.1513622   0.1458871   0.1431325   0.1422825   0.1415478   0.1405513   0.1393737   0.1380938   0.1367293   0.1352785
  23.4657320   0.1271203   0.1306537   0.1272186   0.1242225   0.1227268   0.1220655   0.1217547   0.1215579   0.1213688   0.1211344
  23.7590537   0.0920324   0.0927348   0.0951073   0.0976728   0.0997761   0.1013590   0.1025604   0.1035121   0.1042902   0.1049336
  24.0523753   0.0932553   0.0932025   0.0928896   0.0923191   0.0916753   0.0912822   0.0911999   0.0913606   0.0916893   0.0921287
  24.3456970   0.0800375   0.0792247   0.0800826   0.0808834   0.0813485   0.0816160   0.0818280   0.0820578   0.0823312   0.0826481
  24.6390186   0.0771434   0.0738671   0.0726707   0.0727694   0.0733581   0.0740145   0.0745752   0.0749939   0.0752799   0.0754669
  24.9323403   0.0768832   0.0782980   0.0755763   0.0736771   0.0724047   0.0714256   0.0706268   0.0699816   0.0694722   0.0690756
  25.2256619   0.0586836   0.0617684   0.0618141   0.0617428   0.0617076   0.0615785   0.0613789   0.0611545   0.0609335   0.0607310
  25.5189836   0.0525375   0.0488304   0.0479102   0.0482873   0.0489143   0.0495480   0.0501185   0.0505926   0.0509653   0.0512501
  25.8123052   0.0457858   0.0444703   0.0436636   0.0432550   0.0430039   0.0428345   0.0427681   0.0428132   0.0429505   0.0431497
  26.1056269   0.0356367   0.0363592   0.0359806   0.0357350   0.0357864   0.0359426   0.0361073   0.0362621   0.0364171   0.0365851
  26.3989485   0.0329972   0.0308384   0.0304091   0.0304322   0.0305203   0.0306435   0.0307876   0.0309407   0.0310975   0.0312579
  26.6922702   0.0230671   0.0248986   0.0261259   0.0266826   0.0268337   0.0268381   0.0268341   0.0268637   0.0269273   0.0270163
  26.9855918   0.0201245   0.0219786   0.0225460   0.0227182   0.0229100   0.0230987   0.0232433   0.0233435   0.0234166   0.0234806
  27.2789135   0.0263917   0.0237796   0.0223405   0.0214146   0.0208755   0.0205811   0.0204288   0.0203632   0.0203555   0.0203900
  27.5722351   0.0151654   0.0148647   0.0154223   0.0161562   0.0166864   0.0170121   0.0172296   0.0174078   0.0175792   0.0177562
  27.8655568   0.0170072   0.0162414   0.0155187   0.0152034   0.0151758   0.0153167   0.0155440   0.0158051   0.0160747   0.0163432
  28.1588784   0.0170578   0.0164126   0.0160452   0.0159879   0.0160411   0.0161194   0.0162178   0.0163415   0.0164880   0.0166496
  28.4522001   0.0187768   0.0178167   0.0176517   0.0177520   0.0178970   0.0180000   0.0180540   0.0180724   0.0180702   0.0180593
  28.7455217   0.0240385   0.0224012   0.0215636   0.0209876   0.0205576   0.0202294   0.0199716   0.0197572   0.0195668   0.0193894
  29.0388434   0.0193871   0.0190093   0.0194413   0.0198469   0.0200711   0.0201373   0.0200904   0.0199696   0.0198055   0.0196210
  29.3321650   0.0197391   0.0200323   0.0200406   0.0197656   0.0194467   0.0191810   0.0189780   0.0188236   0.0187062   0.0186203
  29.6254867   0.0143846   0.0151813   0.0157405   0.0160606   0.0162764   0.0164486   0.0166172   0.0168056   0.0170211   0.0172600
  29.9188083   0.0150255   0.0144383   0.0143327   0.0145313   0.0149308   0.0154365   0.0159852   0.0165378   0.0170672   0.0175546
  30.2121300   0.0206822   0.0198141   0.0195386   0.0195472   0.0197292   0.0199746   0.0202133   0.0204109   0.0205586   0.0206614
  30.5054516   0.0295479   0.0282440   0.0280493   0.0278668   0.0274119   0.0267648   0.0260567   0.0253700   0.0247423   0.0241862
  30.7987733   0.0329587   0.0300815   0.0286567   0.0277327   0.0270374   0.0264604   0.0259481   0.0254709   0.0250174   0.0245869
  31.0920949   0.0201587   0.0195907   0.0195562   0.0200586   0.0206954   0.0212618   0.0217024   0.0220200   0.0222351   0.0223700
  31.3854166   0.0212235   0.0209710   0.0204212   0.0201283   0.0199547   0.0198882   0.0199468   0.0201111   0.0203436   0.0206114
  31.6787382   0.0197594   0.0189699   0.0187607   0.0189544   0.0192994   0.0196233   0.0198928   0.0201388   0.0203980   0.0206915
  31.9720599   0.0235132   0.0238230   0.0229338   0.0222263   0.0218888   0.0218378   0.0219825   0.0222499   0.0225854   0.0229528
  32.2653815   0.0224633   0.0222493   0.0233123   0.0245074   0.0254559   0.0261667   0.0267003   0.0271076   0.0274272   0.0276861
  32.5587032   0.0402942   0.0373828   0.0368067   0.0362992   0.0357006   0.0351587   0.0347181   0.0343619   0.0340650   0.0338095
  32.8520248   0.0374701   0.0399971   0.0406685   0.0407009   0.0405101   0.0401912   0.0397925   0.0393561   0.0389133   0.0384813
  33.1453465   0.0399148   0.0410850   0.0412182   0.0411218   0.0410458   0.0410050   0.0409504   0.0408479   0.0406841   0.0404617
  33.4386681   0.0402604   0.0404425   0.0409748   0.0411330   0.0411690   0.0411353   0.0410537   0.0409422   0.0408095   0.0406575
  33.7319898   0.0428728   0.0414923   0.0411607   0.0408061   0.0405227   0.0402941   0.0401070   0.0399544   0.0398309   0.0397314
  34.0253114   0.0394031   0.0379954   0.0374744   0.0374514   0.0375930   0.0377534   0.0378998   0.0380355   0.0381634   0.0382815
  34.3186331   0.0377867   0.0369948   0.0364385   0.0362913   0.0363840   0.0366060   0.0368682   0.0371169   0.0373312   0.0375096
  34.6119547   0.0339041   0.0363260   0.0375165   0.0380490   0.0381737   0.0381001   0.0379628   0.0378322   0.0377398   0.0376943
  34.9052764   0.0395309   0.0389486   0.0390217   0.0387743   0.0384150   0.0381359   0.0379675   0.0378867   0.0378678   0.0378931
  35.1985980   0.0311434   0.0333528   0.0346278   0.0355330   0.0362888   0.0369372   0.0374660   0.0378834   0.0382164   0.0384929
  35.4919197   0.0404106   0.0409782   0.0411595   0.0410108   0.0407166   0.0404781   0.0403701   0.0403863   0.0404903   0.0406426
  35.7852413   0.0410782   0.0420299   0.0425073   0.0429057   0.0432601   0.0435335   0.0437241   0.0438419   0.0438969   0.0438974
  36.0785630   0.0499029   0.0502586   0.0491413   0.0485427   0.0483137   0.0481517   0.0479344   0.0476345   0.0472572   0.0468199
  36.3718846   0.0622533   0.0567994   0.0540098   0.0524646   0.0513273   0.0502782   0.0492720   0.0483213   0.0474343   0.0466107
  36.6652063   0.0473543   0.0445688   0.0431270   0.0428186   0.0427357   0.0425982   0.0423792   0.0420989   0.0417820   0.0414511
  36.9585279   0.0346211   0.0319169   0.0314606   0.0316323   0.0319994   0.0324236   0.0328708   0.0333186   0.0337510   0.0341622
  37.2518496   0.0255869   0.0255370   0.0256395   0.0258980   0.0262819   0.0267495   0.0272972   0.0279278   0.0286385   0.0294178
  37.5451712   0.0253859   0.0256710   0.0258509   0.0260325   0.0263704   0.0268653   0.0275101   0.0282861   0.0291627   0.0301055
  37.8384929   0.0318831   0.0313633   0.0315390   0.0322145   0.0330846   0.0340038   0.0348981   0.0357300   0.0364884   0.0371781
  38.1318145   0.0519298   0.0514138   0.0507187   0.0504549   0.0501841   0.0498309   0.0494396   0.0490501   0.0486810   0.0483351
  38.4251362   0.0691926   0.0675242   0.0655487   0.0641361   0.0628835   0.0616998   0.0605756   0.0594898   0.0584235   0.0573676
  38.7184578   0.0644172   0.0620575   0.0618411   0.0623192   0.0626532   0.0626123   0.0622097   0.0615222   0.0606259   0.0595824
  39.0117795   0.0687472   0.0651182   0.0628309   0.0608687   0.0593358   0.0581214   0.0570935   0.0561524   0.0552337   0.0543025
  39.3051011   0.0383164   0.0410250   0.0426097   0.0434634   0.0438966   0.0439826   0.0438285   0.0435342   0.0431698   0.0427753
  39.5984228   0.0310100   0.0281342   0.0277766   0.0276089   0.0274851   0.0275051   0.0276730   0.0279414   0.0282611   0.0285981
  39.8917444   0.0093785   0.0103018   0.0108780   0.0115826   0.0123997   0.0132540   0.0141048   0.0149446   0.0157761   0.0165991
  40.1850661   0.0064323   0.0064661   0.0065397   0.0067113   0.0070044   0.0074118   0.0079202   0.0085121   0.0091675   0.0098677
  40.4783877   0.0063531   0.0067850   0.0068705   0.0068884   0.0069319   0.0070224   0.0071645   0.0073588   0.0076058   0.0079057
  40.7717094   0.0079355   0.0077350   0.0079030   0.0081057   0.0082246   0.0082645   0.0082609   0.0082445   0.0082372   0.0082542
  41.0650310   0.0119653   0.0111194   0.0103767   0.0098899   0.0095693   0.0093520   0.0092014   0.0090932   0.0090129   0.0089545
  41.3583527   0.0088117   0.0085724   0.0085627   0.0087588   0.0089915   0.0091695   0.0092811   0.0093475   0.0093901   0.0094220
  41.6516743   0.0108019   0.0107119   0.0104280   0.0101440   0.0099362   0.0098447   0.0098488   0.0099070   0.0099866   0.0100696
  41.9449960   0.0070916   0.0082093   0.0093000   0.0101101   0.0106107   0.0108887   0.0110373   0.0111209   0.0111776   0.0112280
  42.2383176   0.0171010   0.0155361   0.0145637   0.0138265   0.0133216   0.0130108   0.0128364   0.0127513   0.0127238   0.0127346
  42.5316393   0.0131167   0.0129086   0.0130221   0.0132809   0.0135984   0.0138735   0.0140851   0.0142484   0.0143818   0.0144970
  42.8249609   0.0191986   0.0169069   0.0165237   0.0165174   0.0165362   0.0165856   0.0166651   0.0167577   0.0168476   0.0169272
  43.1182826   0.0170927   0.0193377   0.0201178   0.0202913   0.0202764   0.0201898   0.0200794   0.0199691   0.0198719   0.0197933
  43.4116042   0.0208629   0.0226106   0.0229763   0.0229235   0.0227862   0.0226531   0.0225359   0.0224369   0.0223527   0.0222781
  43.7049259   0.0259783   0.0237227   0.0237595   0.0237946   0.0238832   0.0240284   0.0241664   0.0242620   0.0243084   0.0243107
  43.9982475   0.0203130   0.0246355   0.0262394   0.0266922   0.0267400   0.0266453   0.0265113   0.0263728   0.0262392   0.0261115
  44.2915692   0.0288909   0.0281380   0.0282293   0.0282599   0.0280982   0.0278668   0.0276384   0.0274373   0.0272629   0.0271065
  44.5848908   0.0266697   0.0278170   0.0270004   0.0266811   0.0267329   0.0269097   0.0270713   0.0271653   0.0271853   0.0271419
  44.8782125   0.0293585   0.0282784   0.0279001   0.0276953   0.0275265   0.0273359   0.0271324   0.0269315   0.0267385   0.0265526
  45.1715341   0.0279236   0.0265815   0.0264243   0.0262700   0.0260161   0.0257217   0.0254374   0.0251853   0.0249699   0.0247881
  45.4648558   0.0204035   0.0204876   0.0207198   0.0209110   0.0211404   0.0213877   0.0216133   0.0217956   0.0219330   0.0220331
  45.7581774   0.0175101   0.0182494   0.0186410   0.0188703   0.0190183   0.0191425   0.0192737   0.0194200   0.0195768   0.0197351
  46.0514991   0.0195237   0.0186557   0.0184671   0.0183598   0.0182925   0.0182632   0.0182670   0.0182993   0.0183535   0.0184203
  46.3448207   0.0175902   0.0173269   0.0173742   0.0174029   0.0174700   0.0175533   0.0176173   0.0176409   0.0176196   0.0175592
  46.6381424   0.0170511   0.0171856   0.0174946   0.0176270   0.0175533   0.0173425   0.0170570   0.0167399   0.0164170   0.0161035
  46.9314640   0.0160267   0.0163453   0.0158619   0.0152054   0.0145946   0.0140757   0.0136437   0.0132836   0.0129821   0.0127288
  47.2247857   0.0043909   0.0047735   0.0053048   0.0058678   0.0063964   0.0068532   0.0072292   0.0075337   0.0077805   0.0079825
  47.5181073   0.0024545   0.0025669   0.0025990   0.0026649   0.0028095   0.0030356   0.0033238   0.0036473   0.0039821   0.0043115
  47.8114290   0.0020756   0.0021835   0.0022264   0.0022525   0.0022720   0.0022975   0.0023431   0.0024199   0.0025326   0.0026795
  48.1047506   0.0020788   0.0020856   0.0021007   0.0021082   0.0021150   0.0021220   0.0021307   0.0021437   0.0021652   0.0022000
  48.3980723   0.0023062   0.0021382   0.0020773   0.0020508   0.0020426   0.0020430   0.0020469   0.0020523   0.0020590   0.0020678
  48.6913939   0.0019750   0.0020022   0.0019991   0.0020014   0.0020069   0.0020113   0.0020143   0.0020160   0.0020171   0.0020181
  48.9847156   0.0021094   0.0020325   0.0020140   0.0020142   0.0020105   0.0020028   0.0019946   0.0019874   0.0019817   0.0019775
  49.2780372   0.0020982   0.0020021   0.0019429   0.0019217   0.0019156   0.0019145   0.0019152   0.0019163   0.0019173   0.0019181
  49.5713589   0.0019083   0.0018501   0.0018180   0.0018166   0.0018263   0.0018367   0.0018455   0.0018527   0.0018587   0.0018636
  49.8646805   0.0019966   0.0019083   0.0018737   0.0018549   0.0018446   0.0018388   0.0018358   0.0018345   0.0018344   0.0018349
  50.1580022   0.0016885   0.0017802   0.0018053   0.0018146   0.0018193   0.0018203   0.0018191   0.0018169   0.0018145   0.0018122
  50.4513238   0.0018226   0.0018114   0.0018001   0.0017917   0.0017863   0.0017832   0.0017813   0.0017798   0.0017781   0.0017759
  50.7446455   0.0017504   0.0017311   0.0017254   0.0017276   0.0017298   0.0017309   0.0017305   0.0017286   0.0017253   0.0017209
  51.0379671   0.0017290   0.0016867   0.0016799   0.0016803   0.0016760   0.0016681   0.0016588   0.0016494   0.0016403   0.0016316
  51.3312888   0.0015665   0.0015654   0.0015452   0.0015284   0.0015179   0.0015105   0.0015045   0.0014990   0.0014935   0.0014876
  51.6246104   0.0013010   0.0012872   0.0012785   0.0012813   0.0012888   0.0012967   0.0013026   0.0013051   0.0013039   0.0012991
  51.9179321   0.0011348   0.0011387   0.0011419   0.0011449   0.0011411   0.0011295   0.0011132   0.0010949   0.0010768   0.0010598
  52.2112537   0.0011357   0.0010103   0.0009294   0.0008668   0.0008200   0.0007855   0.0007603   0.0007422   0.0007293   0.0007205
  52.5045754   0.0000003   0.0000203   0.0000682   0.0001254   0.0001793   0.0002255   0.0002639   0.0002958   0.0003227   0.0003459
  52.7978970   0.0000000   0.0000000   0.0000000   0.0000009   0.0000054   0.0000163   0.0000334   0.0000548   0.0000785   0.0001029
  53.0912187   0.0000000   0.0000000   0.0000000   0.0000000   0.0000000   0.0000002   0.0000013   0.0000042   0.0000095   0.0000175
  53.3845403   0.0000000   0.0000000   0.0000000   0.0000000   0.0000000   0.0000000   0.0000000   0.0000001   0.0000005   0.0000016
  53.6778620   0.0000000   0.0000000   0.0000000   0.0000000   0.0000000   0.0000000   0.0000000   0.0000000   0.0000000   0.0000002
  53.9711836   0.0000000   0.0000000   0.0000000   0.0000000   0.0000000   0.0000000   0.0000000   0.0000001   0.0000007   0.0000023
  54.2645053   0.0000000   0.0000000   0.0000000   0.0000000   0.0000000   0.0000002   0.0000015   0.0000053   0.0000139   0.0000287
  54.5578269   0.0000000   0.0000000   0.0000000   0.0000007   0.0000054   0.0000193   0.0000459   0.0000861   0.0001393   0.0002034
  54.8511486   0.0000002   0.0000123   0.0000626   0.0001451   0.0002463   0.0003595   0.0004816   0.0006081   0.0007335   0.0008525
  55.1444702   0.0016818   0.0016607   0.0016711   0.0017346   0.0018360   0.0019451   0.0020416   0.0021176   0.0021727   0.0022095
  55.4377919   0.0050689   0.0050259   0.0049570   0.0048056   0.0046141   0.0044120   0.0042150   0.0040298   0.0038581   0.0036996
  55.7311135   0.0050972   0.0051963   0.0052627   0.0052241   0.0051118   0.0049599   0.0047882   0.0046069   0.0044223   0.0042387
  56.0244352   0.0036494   0.0036417   0.0036654   0.0036910   0.0037196   0.0037407   0.0037428   0.0037206   0.0036748   0.0036091
  56.3177568   0.0026199   0.0025885   0.0025402   0.0024978   0.0024662   0.0024452   0.0024350   0.0024342   0.0024390   0.0024448
  56.6110785   0.0010327   0.0009728   0.0009754   0.0010056   0.0010476   0.0010944   0.0011433   0.0011936   0.0012452   0.0012980
  56.9044001   0.0000020   0.0000244   0.0000671   0.0001194   0.0001758   0.0002358   0.0002989   0.0003640   0.0004301   0.0004963
  57.1977218   0.0000000   0.0000000   0.0000000   0.0000009   0.0000054   0.0000159   0.0000335   0.0000579   0.0000885   0.0001246
  57.4910434   0.0000000   0.0000000   0.0000000   0.0000000   0.0000000   0.0000002   0.0000013   0.0000041   0.0000098   0.0000191
  57.7843651   0.0000000   0.0000000   0.0000000   0.0000000   0.0000000   0.0000000   0.0000000   0.0000001   0.0000005   0.0000017
  58.0776867   0.0000000   0.0000000   0.0000000   0.0000000   0.0000000   0.0000000   0.0000000   0.0000000   0.0000000   0.0000001
  58.3710084   0.0000000   0.0000000   0.0000000   0.0000000   0.0000000   0.0000000   0.0000000   0.0000000   0.0000000   0.0000000
  58.6643301   0.0000000   0.0000000   0.0000000   0.0000000   0.0000000   0.0000000   0.0000000   0.0000000   0.0000000   0.0000000
  58.9576517   0.0000000   0.0000000   0.0000000   0.0000000   0.0000000   0.0000000   0.0000000   0.0000000   0.0000000   0.0000000
  59.2509734   0.0000000   0.0000000   0.0000000   0.0000000   0.0000000   0.0000000   0.0000000   0.0000000   0.0000000   0.0000000
  59.5442950   0.0000000   0.0000000   0.0000000   0.0000000   0.0000000   0.0000000   0.0000000   0.0000000   0.0000000   0.0000000
  59.8376167   0.0000000   0.0000000   0.0000000   0.0000000   0.0000000   0.0000000   0.0000000   0.0000000   0.0000000   0.0000000
  60.1309383   0.0000000   0.0000000   0.0000000   0.0000000   0.0000000   0.0000000   0.0000000   0.0000000   0.0000000   0.0000000
  60.4242600   0.0000000   0.0000000   0.0000000   0.0000000   0.0000000   0.0000000   0.0000000   0.0000000   0.0000000   0.0000000
  60.7175816   0.0000000   0.0000000   0.0000000   0.0000000   0.0000000   0.0000000   0.0000000   0.0000000   0.0000000   0.0000000
  61.0109033   0.0000000   0.0000000   0.0000000   0.0000000   0.0000000   0.0000000   0.0000000   0.0000000   0.0000000   0.0000000
  61.3042249   0.0000000   0.0000000   0.0000000   0.0000000   0.0000000   0.0000000   0.0000000   0.0000000   0.0000000   0.0000000
  61.5975466   0.0000000   0.0000000   0.0000000   0.0000000   0.0000000   0.0000000   0.0000000   0.0000000   0.0000000   0.0000000
  61.8908682   0.0000000   0.0000000   0.0000000   0.0000000   0.0000000   0.0000000   0.0000000   0.0000000   0.0000000   0.0000000
  62.1841899   0.0000000   0.0000000   0.0000000   0.0000000   0.0000000   0.0000000   0.0000000   0.0000000   0.0000000   0.0000000
  62.4775115   0.0000000   0.0000000   0.0000000   0.0000000   0.0000000   0.0000000   0.0000000   0.0000000   0.0000000   0.0000000
  62.7708332   0.0000000   0.0000000   0.0000000   0.0000000   0.0000000   0.0000000   0.0000000   0.0000000   0.0000000   0.0000000
  63.0641548   0.0000000   0.0000000   0.0000000   0.0000000   0.0000000   0.0000000   0.0000000   0.0000000   0.0000000   0.0000000
  63.3574765   0.0000000   0.0000000   0.0000000   0.0000000   0.0000000   0.0000000   0.0000000   0.0000000   0.0000000   0.0000000
  63.6507981   0.0000000   0.0000000   0.0000000   0.0000000   0.0000000   0.0000000   0.0000000   0.0000000   0.0000000   0.0000000
  63.9441198   0.0000000   0.0000000   0.0000000   0.0000000   0.0000000   0.0000000   0.0000000   0.0000000   0.0000000   0.0000000
  64.2374414   0.0000000   0.0000000   0.0000000   0.0000000   0.0000000   0.0000000   0.0000000   0.0000000   0.0000000   0.0000000
  64.5307631   0.0000000   0.0000000   0.0000000   0.0000000   0.0000000   0.0000000   0.0000000   0.0000000   0.0000000   0.0000000
  64.8240847   0.0000000   0.0000000   0.0000000   0.0000000   0.0000000   0.0000000   0.0000000   0.0000000   0.0000000   0.0000000
  65.1174064   0.0000000   0.0000000   0.0000000   0.0000000   0.0000000   0.0000000   0.0000000   0.0000000   0.0000000   0.0000000
  65.4107280   0.0000000   0.0000000   0.0000000   0.0000000   0.0000000   0.0000000   0.0000000   0.0000000   0.0000000   0.0000000
  65.7040497   0.0000000   0.0000000   0.0000000   0.0000000   0.0000000   0.0000000   0.0000000   0.0000000   0.0000000   0.0000000
  65.9973713   0.0000000   0.0000000   0.0000000   0.0000000   0.0000000   0.0000000   0.0000000   0.0000000   0.0000000   0.0000000
  66.2906930   0.0000000   0.0000000   0.0000000   0.0000000   0.0000000   0.0000000   0.0000000   0.0000000   0.0000000   0.0000000
  66.5840146   0.0000000   0.0000000   0.0000000   0.0000000   0.0000000   0.0000000   0.0000000   0.0000000   0.0000000   0.0000000
  66.8773363   0.0000000   0.0000000   0.0000000   0.0000000   0.0000000   0.0000000   0.0000000   0.0000000   0.0000000   0.0000000
  67.1706579   0.0000000   0.0000000   0.0000000   0.0000000   0.0000000   0.0000000   0.0000000   0.0000000   0.0000000   0.0000000
  67.4639796   0.0000000   0.0000000   0.0000000   0.0000000   0.0000000   0.0000000   0.0000000   0.0000000   0.0000000   0.0000000
  67.7573012   0.0000000   0.0000000   0.0000000   0.0000000   0.0000000   0.0000000   0.0000000   0.0000000   0.0000000   0.0000000
  68.0506229   0.0000000   0.0000000   0.0000000   0.0000000   0.0000000   0.0000000   0.0000000   0.0000000   0.0000000   0.0000000
  68.3439445   0.0000000   0.0000000   0.0000000   0.0000000   0.0000000   0.0000000   0.0000000   0.0000000   0.0000000   0.0000000
  68.6372662   0.0000000   0.0000000   0.0000000   0.0000000   0.0000000   0.0000000   0.0000000   0.0000000   0.0000000   0.0000000
  68.9305878   0.0000000   0.0000000   0.0000000   0.0000000   0.0000000   0.0000000   0.0000000   0.0000000   0.0000000   0.0000000
  69.2239095   0.0000000   0.0000000   0.0000000   0.0000000   0.0000000   0.0000000   0.0000000   0.0000000   0.0000000   0.0000000
  69.5172311   0.0000000   0.0000000   0.0000000   0.0000000   0.0000000   0.0000000   0.0000000   0.0000000   0.0000000   0.0000000
  69.8105528   0.0000000   0.0000000   0.0000000   0.0000000   0.0000000   0.0000000   0.0000000   0.0000000   0.0000000   0.0000002
  70.1038744   0.0000000   0.0000000   0.0000000   0.0000000   0.0000000   0.0000000   0.0000000   0.0000002   0.0000017   0.0000072
  70.3971961   0.0000000   0.0000000   0.0000000   0.0000000   0.0000000   0.0000002   0.0000025   0.0000139   0.0000461   0.0001107
  70.6905177   0.0000000   0.0000000   0.0000000   0.0000001   0.0000052   0.0000390   0.0001371   0.0003194   0.0005823   0.0009086
  70.9838394   0.0000000   0.0000000   0.0000242   0.0002371   0.0007218   0.0013837   0.0021120   0.0028329   0.0035106   0.0041337
  71.2771610   0.0041059   0.0072380   0.0082637   0.0090499   0.0096543   0.0100737   0.0103800   0.0106270   0.0108413   0.0110356
  71.5704827   0.0328029   0.0274340   0.0249154   0.0234343   0.0223516   0.0214629   0.0207065   0.0200690   0.0195436   0.0191194
  71.8638043   0.0296507   0.0275404   0.0265843   0.0261470   0.0259574   0.0258462   0.0257169   0.0255352   0.0253068   0.0250516
  72.1571260   0.0229826   0.0244052   0.0263030   0.0276421   0.0283756   0.0287518   0.0289734   0.0291232   0.0292206   0.0292684
  72.4504476   0.0365957   0.0352880   0.0344843   0.0339494   0.0336115   0.0334528   0.0334004   0.0334003   0.0334298   0.0334808
  72.7437693   0.0376499   0.0380395   0.0381862   0.0380666   0.0379861   0.0379467   0.0379314   0.0379526   0.0380231   0.0381425
  73.0370909   0.0376469   0.0398945   0.0411614   0.0417092   0.0420623   0.0423971   0.0427626   0.0431465   0.0435177   0.0438525
  73.3304126   0.0475521   0.0483917   0.0488318   0.0494803   0.0501022   0.0506267   0.0510077   0.0512440   0.0513696   0.0514301
  73.6237342   0.0687262   0.0670926   0.0657607   0.0644749   0.0631919   0.0619919   0.0609686   0.0601669   0.0595934   0.0592335
  73.9170559   0.0684243   0.0638280   0.0632228   0.0633614   0.0636854   0.0640550   0.0644628   0.0649241   0.0654423   0.0660068
  74.2103775   0.0651936   0.0659190   0.0659697   0.0669671   0.0685558   0.0703648   0.0721813   0.0738738   0.0753714   0.0766493
  74.5036992   0.0944005   0.0947329   0.0941247   0.0942509   0.0944239   0.0944640   0.0944172   0.0943326   0.0942298   0.0941142
  74.7970208   0.1339660   0.1279086   0.1247104   0.1221745   0.1199563   0.1178538   0.1158369   0.1139546   0.1122507   0.1107360
  75.0903425   0.1244059   0.1244240   0.1236752   0.1228612   0.1221878   0.1216157   0.1210517   0.1204048   0.1196223   0.1186930
  75.3836641   0.1068068   0.1097435   0.1131406   0.1162098   0.1183280   0.1196142   0.1202683   0.1204318   0.1202101   0.1196912
  75.6769858   0.1354102   0.1345081   0.1308300   0.1273207   0.1242777   0.1217586   0.1197325   0.1181145   0.1168141   0.1157495
  75.9703074   0.1044946   0.1048515   0.1042247   0.1046409   0.1052708   0.1057043   0.1059186   0.1059990   0.1060242   0.1060440
  76.2636291   0.0930511   0.0893906   0.0878918   0.0882275   0.0894696   0.0909900   0.0925401   0.0940181   0.0953746   0.0965933
  76.5569507   0.0979711   0.0958579   0.0931623   0.0918448   0.0914599   0.0915586   0.0919516   0.0925542   0.0933077   0.0941570
  76.8502724   0.0981135   0.0951968   0.0955472   0.0963865   0.0968595   0.0970728   0.0971820   0.0972767   0.0974021   0.0975747
  77.1435940   0.0951739   0.1008096   0.1030359   0.1036360   0.1036184   0.1034506   0.1032672   0.1030533   0.1027775   0.1024325
  77.4369157   0.1079713   0.1074994   0.1080888   0.1083788   0.1083300   0.1079732   0.1073490   0.1065369   0.1056189   0.1046563
  77.7302373   0.1154364   0.1143984   0.1117960   0.1091663   0.1070228   0.1052846   0.1038417   0.1026154   0.1015406   0.1005600
  78.0235590   0.0844083   0.0843328   0.0854441   0.0869679   0.0883148   0.0893324   0.0900258   0.0904198   0.0905388   0.0904138
  78.3168806   0.0798255   0.0792210   0.0786346   0.0786776   0.0788593   0.0789579   0.0789145   0.0787273   0.0784167   0.0780119
  78.6102023   0.0792482   0.0780584   0.0750067   0.0721113   0.0696238   0.0675203   0.0657786   0.0643858   0.0633131   0.0625147
  78.9035239   0.0290130   0.0334330   0.0357394   0.0375564   0.0390562   0.0402745   0.0412605   0.0420699   0.0427568   0.0433681
  79.1968456   0.0154939   0.0165771   0.0179459   0.0192554   0.0205425   0.0219514   0.0234652   0.0250044   0.0265024   0.0279229
  79.4901672   0.0177631   0.0182376   0.0187405   0.0188529   0.0188802   0.0189865   0.0192490   0.0196982   0.0203289   0.0211108
  79.7834889   0.0184148   0.0197623   0.0195265   0.0193380   0.0193076   0.0193812   0.0195061   0.0196708   0.0198876   0.0201737
  80.0768105   0.0193414   0.0201365   0.0205131   0.0207845   0.0210004   0.0211770   0.0213231   0.0214464   0.0215556   0.0216638
  80.3701322   0.0257318   0.0243745   0.0245505   0.0245782   0.0244623   0.0243112   0.0241731   0.0240655   0.0239944   0.0239610
  80.6634538   0.0252405   0.0259419   0.0263146   0.0262993   0.0262229   0.0261755   0.0261633   0.0261827   0.0262294   0.0262984
  80.9567755   0.0247531   0.0260729   0.0268772   0.0273252   0.0276951   0.0280606   0.0284051   0.0287120   0.0289786   0.0292095
  81.2500971   0.0321634   0.0322166   0.0328556   0.0331571   0.0332351   0.0332374   0.0332462   0.0332844   0.0333454   0.0334142
  81.5434188   0.0403809   0.0396453   0.0390976   0.0388328   0.0387049   0.0386131   0.0385078   0.0383728   0.0382117   0.0380349
  81.8367404   0.0465467   0.0448301   0.0438788   0.0434466   0.0431381   0.0428291   0.0424948   0.0421460   0.0417995   0.0414683
  82.1300621   0.0406007   0.0444554   0.0444826   0.0441926   0.0439009   0.0436195   0.0433791   0.0431877   0.0430342   0.0429030
  82.4233837   0.0380999   0.0408047   0.0407109   0.0411296   0.0416874   0.0422340   0.0427023   0.0430726   0.0433511   0.0435514
  82.7167054   0.0426412   0.0455558   0.0455857   0.0454474   0.0452498   0.0451015   0.0450295   0.0450151   0.0450284   0.0450426
  83.0100270   0.0388909   0.0456414   0.0470954   0.0475749   0.0476666   0.0475639   0.0473587   0.0470982   0.0468075   0.0465005
  83.3033487   0.0487565   0.0491090   0.0488987   0.0484636   0.0480502   0.0476686   0.0472726   0.0468410   0.0463773   0.0458959
  83.5966703   0.0453557   0.0449715   0.0448672   0.0445531   0.0441396   0.0437065   0.0432758   0.0428664   0.0424885   0.0421417
  83.8899920   0.0267015   0.0325504   0.0344880   0.0350374   0.0352892   0.0355102   0.0357380   0.0359572   0.0361495   0.0363067
  84.1833136   0.0244201   0.0256904   0.0272715   0.0282750   0.0290043   0.0295962   0.0300922   0.0305197   0.0309004   0.0312482
  84.4766353   0.0317960   0.0313396   0.0302592   0.0293503   0.0286814   0.0282629   0.0280598   0.0280243   0.0281089   0.0282742
  84.7699569   0.0239424   0.0236041   0.0239182   0.0245423   0.0252034   0.0257359   0.0261147   0.0263778   0.0265723   0.0267343
  85.0632786   0.0304020   0.0286510   0.0277368   0.0270944   0.0266452   0.0263687   0.0262276   0.0261734   0.0261656   0.0261787
  85.3566002   0.0251206   0.0247410   0.0252714   0.0257684   0.0260137   0.0260815   0.0260505   0.0259695   0.0258695   0.0257687
  85.6499219   0.0231701   0.0250885   0.0254075   0.0254140   0.0253065   0.0251794   0.0250610   0.0249530   0.0248530   0.0247605
  85.9432435   0.0239473   0.0236451   0.0235480   0.0233274   0.0231987   0.0231510   0.0231438   0.0231570   0.0231818   0.0232129
  86.2365652   0.0175285   0.0199366   0.0203304   0.0206187   0.0209101   0.0211678   0.0213864   0.0215736   0.0217382   0.0218875
  86.5298868   0.0224094   0.0221842   0.0215711   0.0213563   0.0212563   0.0212032   0.0212053   0.0212587   0.0213484   0.0214601
  86.8232085   0.0259155   0.0225605   0.0214249   0.0212310   0.0213496   0.0215039   0.0216213   0.0217065   0.0217775   0.0218450
  87.1165301   0.0263609   0.0250678   0.0240449   0.0233655   0.0229771   0.0227912   0.0227205   0.0226986   0.0226870   0.0226700
  87.4098518   0.0178154   0.0200022   0.0217867   0.0229385   0.0235164   0.0237151   0.0237074   0.0236044   0.0234681   0.0233288
  87.7031734   0.0250183   0.0268796   0.0262184   0.0252878   0.0244957   0.0239499   0.0236090   0.0233962   0.0232527   0.0231446
  87.9964951   0.0179243   0.0184305   0.0191627   0.0200903   0.0209175   0.0215164   0.0219058   0.0221481   0.0222948   0.0223784
  88.2898167   0.0266451   0.0262103   0.0243545   0.0231690   0.0225225   0.0221818   0.0220070   0.0219208   0.0218781   0.0218531
  88.5831384   0.0228681   0.0219907   0.0217012   0.0216935   0.0216818   0.0216271   0.0215307   0.0214122   0.0212973   0.0212039
  88.8764600   0.0161814   0.0169469   0.0187511   0.0196290   0.0199089   0.0199581   0.0199722   0.0200093   0.0200703   0.0201462
  89.1697817   0.0142283   0.0170997   0.0176965   0.0178689   0.0181349   0.0184792   0.0188191   0.0191250   0.0193993   0.0196492
  89.4631033   0.0217707   0.0216390   0.0213601   0.0207743   0.0203941   0.0202568   0.0202686   0.0203615   0.0204927   0.0206347
  89.7564250   0.0172469   0.0179695   0.0204199   0.0217421   0.0223556   0.0226250   0.0227065   0.0226842   0.0226099   0.0225151
  90.0497466   0.0220059   0.0250494   0.0265339   0.0263986   0.0257921   0.0252044   0.0247307   0.0243506   0.0240322   0.0237549
  90.3430683   0.0184690   0.0207779   0.0221656   0.0229563   0.0233580   0.0235546   0.0236164   0.0235892   0.0235081   0.0233955
  90.6363899   0.0230537   0.0229953   0.0226047   0.0222862   0.0220999   0.0220412   0.0220627   0.0221111   0.0221506   0.0221657
  90.9297116   0.0207345   0.0207948   0.0205982   0.0207089   0.0208904   0.0209734   0.0209647   0.0209201   0.0208767   0.0208465
  91.2230332   0.0287777   0.0238885   0.0217276   0.0204885   0.0198315   0.0195349   0.0194262   0.0193986   0.0194016   0.0194168
  91.5163549   0.0123937   0.0132992   0.0148874   0.0162583   0.0171031   0.0175500   0.0177886   0.0179366   0.0180453   0.0181312
  91.8096765   0.0197036   0.0194210   0.0186750   0.0179714   0.0175465   0.0173518   0.0172921   0.0172844   0.0172832   0.0172731
  92.1029982   0.0200813   0.0179315   0.0170154   0.0169513   0.0169962   0.0169462   0.0168038   0.0166205   0.0164388   0.0162822
  92.3963198   0.0166021   0.0173758   0.0162452   0.0155543   0.0151164   0.0148217   0.0146356   0.0145357   0.0144997   0.0145087
  92.6896415   0.0057358   0.0086236   0.0096087   0.0101366   0.0106973   0.0112649   0.0117938   0.0122626   0.0126660   0.0130089
  92.9829631   0.0122538   0.0113213   0.0118659   0.0122427   0.0125274   0.0127461   0.0129180   0.0130727   0.0132275   0.0133859
  93.2762848   0.0190943   0.0192864   0.0183517   0.0173076   0.0164191   0.0157969   0.0153862   0.0151125   0.0149256   0.0147963
  93.5696064   0.0068554   0.0090103   0.0119377   0.0138765   0.0149501   0.0155021   0.0157438   0.0158006   0.0157511   0.0156426
  93.8629281   0.0190621   0.0182850   0.0185640   0.0179687   0.0171829   0.0165853   0.0162020   0.0159479   0.0157492   0.0155649
  94.1562497   0.0109634   0.0112175   0.0125781   0.0136469   0.0143228   0.0146280   0.0146786   0.0145907   0.0144399   0.0142649
  94.4495714   0.0225704   0.0185571   0.0155396   0.0137487   0.0128103   0.0123424   0.0121021   0.0119617   0.0118598   0.0117700
  94.7428930   0.0103325   0.0076820   0.0073970   0.0076858   0.0080511   0.0083116   0.0084701   0.0085715   0.0086473   0.0087110
  95.0362147   0.0047382   0.0046541   0.0050425   0.0052800   0.0054116   0.0055094   0.0056210   0.0057489   0.0058804   0.0060073
  95.3295363   0.0037934   0.0044134   0.0041610   0.0039746   0.0039100   0.0039108   0.0039344   0.0039679   0.0040153   0.0040818
  95.6228580   0.0040857   0.0030172   0.0027929   0.0027164   0.0026503   0.0025934   0.0025680   0.0025858   0.0026440   0.0027339
  95.9161796   0.0000425   0.0002031   0.0003717   0.0006099   0.0008944   0.0011940   0.0014772   0.0017277   0.0019450   0.0021355
  96.2095013   0.0016418   0.0019509   0.0023233   0.0024708   0.0024947   0.0024922   0.0025030   0.0025347   0.0025836   0.0026442
  96.5028229   0.0029500   0.0038213   0.0041502   0.0041842   0.0041036   0.0039864   0.0038640   0.0037538   0.0036661   0.0036053
  96.7961446   0.0048820   0.0045103   0.0044534   0.0043485   0.0042891   0.0042813   0.0042969   0.0043183   0.0043392   0.0043588
  97.0894662   0.0026161   0.0035566   0.0041252   0.0044131   0.0046189   0.0047839   0.0049235   0.0050456   0.0051509   0.0052374
  97.3827879   0.0052010   0.0067515   0.0067663   0.0066565   0.0066035   0.0065903   0.0065865   0.0065782   0.0065629   0.0065424
  97.6761095   0.0083103   0.0090444   0.0089386   0.0087707   0.0085694   0.0083581   0.0081575   0.0079782   0.0078234   0.0076924
  97.9694312   0.0092688   0.0080831   0.0079720   0.0080874   0.0081727   0.0082054   0.0082080   0.0081943   0.0081699   0.0081379
  98.2627528   0.0089165   0.0086517   0.0080370   0.0078468   0.0078826   0.0079884   0.0081020   0.0082015   0.0082810   0.0083410
  98.5560745   0.0125700   0.0102015   0.0093774   0.0090681   0.0089426   0.0088718   0.0088258   0.0088033   0.0088029   0.0088186
  98.8493961   0.0110308   0.0096126   0.0093840   0.0093844   0.0093814   0.0093924   0.0094154   0.0094374   0.0094522   0.0094599
  99.1427178   0.0039108   0.0075426   0.0091191   0.0097924   0.0100697   0.0101663   0.0101864   0.0101748   0.0101497   0.0101195
  99.4360394   0.0118687   0.0117717   0.0117404   0.0114361   0.0111453   0.0109371   0.0107953   0.0106974   0.0106268   0.0105719
  99.7293611   0.0101837   0.0103069   0.0102265   0.0102603   0.0103878   0.0105315   0.0106394   0.0107011   0.0107254   0.0107241
 100.0226827   0.0131224   0.0110368   0.0110539   0.0111508   0.0110975   0.0109981   0.0109078   0.0108400   0.0107912   0.0107532
 100.3160044   0.0067964   0.0092695   0.0103217   0.0106207   0.0106628   0.0106549   0.0106412   0.0106217   0.0105950   0.0105632
 100.6093260   0.0057699   0.0081949   0.0094087   0.0099023   0.0100885   0.0101616   0.0101831   0.0101799   0.0101665   0.0101506
 100.9026477   0.0065251   0.0099578   0.0104182   0.0101604   0.0098920   0.0097292   0.0096489   0.0096201   0.0096220   0.0096417
 101.1959693   0.0064151   0.0070652   0.0076999   0.0081636   0.0085159   0.0087803   0.0089738   0.0091190   0.0092345   0.0093324
 101.4892910   0.0113378   0.0105056   0.0100571   0.0097560   0.0095838   0.0094979   0.0094726   0.0094882   0.0095315   0.0095955
 101.7826126   0.0128328   0.0108736   0.0102175   0.0101262   0.0101524   0.0101786   0.0102019   0.0102408   0.0103050   0.0103938
 102.0759343   0.0122630   0.0114659   0.0109970   0.0108672   0.0109382   0.0111141   0.0113305   0.0115456   0.0117370   0.0118957
 102.3692559   0.0116570   0.0126153   0.0134369   0.0138825   0.0141409   0.0142752   0.0143260   0.0143197   0.0142718   0.0141916
 102.6625776   0.0192952   0.0195062   0.0192685   0.0187675   0.0182024   0.0176506   0.0171332   0.0166522   0.0162038   0.0157843
 102.9558992   0.0172258   0.0168029   0.0165796   0.0163923   0.0162350   0.0160416   0.0157894   0.0154897   0.0151634   0.0148288
 103.2492209   0.0131236   0.0122013   0.0118460   0.0117299   0.0116869   0.0116781   0.0116912   0.0117107   0.0117234   0.0117218
 103.5425425   0.0076483   0.0066305   0.0065784   0.0069002   0.0072272   0.0075107   0.0077688   0.0080162   0.0082581   0.0084924
 103.8358642   0.0075088   0.0064230   0.0059336   0.0057556   0.0057422   0.0058386   0.0060112   0.0062273   0.0064620   0.0067002
 104.1291858   0.0051966   0.0051925   0.0054058   0.0057024   0.0059624   0.0061401   0.0062485   0.0063173   0.0063713   0.0064261
 104.4225075   0.0086877   0.0093086   0.0087279   0.0081192   0.0076391   0.0072792   0.0070139   0.0068184   0.0066739   0.0065681
 104.7158291   0.0053014   0.0051411   0.0053526   0.0056899   0.0059598   0.0061303   0.0062191   0.0062533   0.0062548   0.0062381
 105.0091508   0.0056320   0.0058678   0.0057735   0.0056474   0.0055778   0.0055709   0.0056043   0.0056531   0.0057005   0.0057389
 105.3024724   0.0037395   0.0050378   0.0053375   0.0054412   0.0054711   0.0054629   0.0054408   0.0054211   0.0054116   0.0054131
 105.5957941   0.0061429   0.0052195   0.0051416   0.0051285   0.0051162   0.0051146   0.0051215   0.0051324   0.0051442   0.0051558
 105.8891157   0.0035139   0.0045537   0.0047635   0.0047773   0.0048138   0.0048626   0.0049055   0.0049373   0.0049593   0.0049740
 106.1824374   0.0060652   0.0053774   0.0051528   0.0051119   0.0050557   0.0049933   0.0049401   0.0049002   0.0048730   0.0048568
 106.4757590   0.0044465   0.0044228   0.0044633   0.0045774   0.0046314   0.0046491   0.0046581   0.0046683   0.0046815   0.0046977
 106.7690807   0.0030416   0.0041731   0.0042104   0.0042275   0.0042993   0.0043881   0.0044727   0.0045464   0.0046086   0.0046608
 107.0624023   0.0057268   0.0055874   0.0052801   0.0050807   0.0049780   0.0049286   0.0049057   0.0048979   0.0048997   0.0049071
 107.3557240   0.0043980   0.0049518   0.0051916   0.0052893   0.0053230   0.0053228   0.0053044   0.0052775   0.0052489   0.0052227
 107.6490456   0.0051211   0.0052231   0.0054408   0.0055168   0.0055084   0.0054779   0.0054508   0.0054303   0.0054132   0.0053971
 107.9423673   0.0056723   0.0052718   0.0052280   0.0052794   0.0053433   0.0053963   0.0054319   0.0054523   0.0054629   0.0054675
 108.2356889   0.0066598   0.0062744   0.0059996   0.0057893   0.0056630   0.0055931   0.0055579   0.0055434   0.0055403   0.0055428
 108.5290106   0.0052858   0.0050574   0.0051879   0.0053498   0.0054754   0.0055550   0.0056007   0.0056261   0.0056402   0.0056479
 108.8223322   0.0069700   0.0062891   0.0061418   0.0060084   0.0059132   0.0058568   0.0058248   0.0058048   0.0057890   0.0057732
 109.1156539   0.0058420   0.0055583   0.0058292   0.0059038   0.0059202   0.0059162   0.0058955   0.0058630   0.0058247   0.0057849
 109.4089755   0.0039229   0.0052848   0.0057197   0.0057964   0.0057604   0.0057051   0.0056538   0.0056102   0.0055752   0.0055485
 109.7022972   0.0036004   0.0043835   0.0047391   0.0049177   0.0049816   0.0050137   0.0050495   0.0050943   0.0051430   0.0051894
 109.9956188   0.0050165   0.0042288   0.0042219   0.0043657   0.0045466   0.0047210   0.0048633   0.0049678   0.0050401   0.0050889
 110.2889405   0.0078733   0.0069513   0.0065374   0.0062000   0.0059133   0.0056808   0.0054999   0.0053638   0.0052643   0.0051935
 110.5822621   0.0035437   0.0043808   0.0046982   0.0049046   0.0050128   0.0050496   0.0050477   0.0050297   0.0050084   0.0049906
 110.8755838   0.0038607   0.0041811   0.0041231   0.0041243   0.0041843   0.0042882   0.0044088   0.0045259   0.0046292   0.0047157
 111.1689054   0.0034531   0.0043751   0.0046306   0.0046892   0.0047204   0.0047497   0.0047801   0.0048140   0.0048521   0.0048923
 111.4622271   0.0056541   0.0055151   0.0056237   0.0056347   0.0055862   0.0055231   0.0054628   0.0054100   0.0053648   0.0053266
 111.7555487   0.0049832   0.0055702   0.0056873   0.0057230   0.0057322   0.0057248   0.0057005   0.0056609   0.0056108   0.0055550
 112.0488704   0.0059287   0.0059165   0.0058507   0.0057602   0.0056825   0.0056129   0.0055517   0.0054992   0.0054533   0.0054115
 112.3421920   0.0050719   0.0052039   0.0049323   0.0048773   0.0048970   0.0049320   0.0049620   0.0049841   0.0050002   0.0050129
 112.6355137   0.0044976   0.0045343   0.0045370   0.0045043   0.0044966   0.0045140   0.0045467   0.0045880   0.0046346   0.0046845
 112.9288353   0.0036686   0.0037696   0.0041280   0.0043343   0.0044238   0.0044698   0.0045141   0.0045678   0.0046287   0.0046914
 113.2221570   0.0046187   0.0045792   0.0045862   0.0046738   0.0047907   0.0048999   0.0049836   0.0050391   0.0050727   0.0050925
 113.5154786   0.0076692   0.0074414   0.0068944   0.0065252   0.0062495   0.0060365   0.0058708   0.0057430   0.0056456   0.0055718
 113.8088003   0.0050482   0.0051292   0.0053480   0.0055343   0.0056503   0.0057049   0.0057238   0.0057236   0.0057128   0.0056962
 114.1021219   0.0056377   0.0053456   0.0052576   0.0052843   0.0053616   0.0054516   0.0055353   0.0056041   0.0056563   0.0056927
 114.3954436   0.0068393   0.0067575   0.0064836   0.0062464   0.0060859   0.0059796   0.0059113   0.0058698   0.0058456   0.0058311
 114.6887652   0.0053141   0.0054226   0.0055855   0.0057718   0.0059003   0.0059657   0.0059827   0.0059694   0.0059399   0.0059040
 114.9820869   0.0059706   0.0064964   0.0064364   0.0062435   0.0060733   0.0059523   0.0058706   0.0058139   0.0057719   0.0057388
 115.2754085   0.0045385   0.0045774   0.0048512   0.0050652   0.0051902   0.0052642   0.0053121   0.0053471   0.0053749   0.0053980
 115.5687302   0.0040414   0.0046707   0.0048144   0.0048614   0.0049153   0.0049763   0.0050358   0.0050900   0.0051387   0.0051830
 115.8620518   0.0062274   0.0059122   0.0056661   0.0054717   0.0053387   0.0052619   0.0052225   0.0052089   0.0052150   0.0052365
 116.1553735   0.0032998   0.0042543   0.0047450   0.0050373   0.0051932   0.0052838   0.0053499   0.0054071   0.0054587   0.0055052
 116.4486951   0.0055296   0.0054531   0.0056389   0.0057495   0.0058328   0.0059066   0.0059651   0.0060052   0.0060294   0.0060427
 116.7420168   0.0073628   0.0079389   0.0077557   0.0074665   0.0072246   0.0070342   0.0068848   0.0067704   0.0066849   0.0066212
 117.0353384   0.0061709   0.0063839   0.0065220   0.0066545   0.0067594   0.0068356   0.0068833   0.0069050   0.0069050   0.0068891
 117.3286601   0.0065720   0.0065496   0.0067549   0.0068952   0.0069623   0.0069939   0.0070064   0.0070060   0.0069964   0.0069800
 117.6219818   0.0082107   0.0076873   0.0077121   0.0075589   0.0073688   0.0072112   0.0070965   0.0070172   0.0069641   0.0069287
 117.9153034   0.0051460   0.0052212   0.0057037   0.0060549   0.0062944   0.0064604   0.0065731   0.0066471   0.0066949   0.0067267
 118.2086251   0.0071583   0.0070001   0.0069163   0.0067948   0.0066940   0.0066340   0.0066117   0.0066168   0.0066384   0.0066683
 118.5019467   0.0058575   0.0066481   0.0066842   0.0066675   0.0066932   0.0067295   0.0067583   0.0067807   0.0068024   0.0068271
 118.7952684   0.0070212   0.0071631   0.0071306   0.0070807   0.0070653   0.0070712   0.0070905   0.0071174   0.0071463   0.0071741
 119.0885900   0.0081633   0.0076863   0.0075263   0.0075513   0.0076092   0.0076514   0.0076744   0.0076844   0.0076871   0.0076858
 119.3819117   0.0098288   0.0093142   0.0088526   0.0086227   0.0084850   0.0083892   0.0083182   0.0082625   0.0082156   0.0081739
 119.6752333   0.0082752   0.0082934   0.0083456   0.0084189   0.0084786   0.0085054   0.0085030   0.0084819   0.0084511   0.0084165
 119.9685550   0.0084497   0.0087529   0.0087230   0.0086330   0.0085501   0.0084930   0.0084613   0.0084452   0.0084361   0.0084300
 120.2618766   0.0083071   0.0078259   0.0078485   0.0080310   0.0081730   0.0082575   0.0083083   0.0083456   0.0083799   0.0084144
 120.5551983   0.0097600   0.0093627   0.0088552   0.0085665   0.0084482   0.0084306   0.0084634   0.0085153   0.0085714   0.0086262
 120.8485199   0.0086860   0.0084590   0.0086107   0.0088301   0.0089852   0.0090673   0.0091072   0.0091308   0.0091527   0.0091793
 121.1418416   0.0120588   0.0107295   0.0103941   0.0102080   0.0100706   0.0099809   0.0099345   0.0099207   0.0099295   0.0099551
 121.4351632   0.0095053   0.0100787   0.0102033   0.0103135   0.0104605   0.0105994   0.0107149   0.0108137   0.0109046   0.0109918
 121.7284849   0.0124867   0.0126055   0.0124443   0.0123235   0.0122597   0.0122699   0.0123321   0.0124161   0.0125002   0.0125731
 122.0218065   0.0130359   0.0130193   0.0138260   0.0143527   0.0146198   0.0147196   0.0147237   0.0146772   0.0146059   0.0145242
 122.3151282   0.0189080   0.0188255   0.0183788   0.0177849   0.0172947   0.0169120   0.0166019   0.0163415   0.0161187   0.0159267
 122.6084498   0.0152862   0.0161516   0.0161504   0.0161641   0.0162201   0.0162727   0.0162990   0.0163011   0.0162868   0.0162622
 122.9017715   0.0130006   0.0144915   0.0150567   0.0153568   0.0155780   0.0157744   0.0159574   0.0161242   0.0162691   0.0163893
 123.1950931   0.0165264   0.0168468   0.0170387   0.0170911   0.0170653   0.0170412   0.0170391   0.0170568   0.0170873   0.0171217
 123.4884148   0.0177006   0.0179489   0.0182890   0.0184157   0.0184215   0.0183840   0.0183254   0.0182492   0.0181555   0.0180439
 123.7817364   0.0184883   0.0188325   0.0191750   0.0192592   0.0191954   0.0190677   0.0188930   0.0186722   0.0184097   0.0181145
 124.0750581   0.0182554   0.0184436   0.0186673   0.0185231   0.0182113   0.0178185   0.0173901   0.0169530   0.0165228   0.0161075
 124.3683797   0.0135525   0.0134554   0.0130775   0.0127254   0.0124466   0.0122217   0.0120256   0.0118466   0.0116811   0.0115280
 124.6617014   0.0033304   0.0034327   0.0036698   0.0040056   0.0043854   0.0047632   0.0051207   0.0054526   0.0057565   0.0060312
 124.9550230   0.0000007   0.0000164   0.0000961   0.0002578   0.0004826   0.0007590   0.0010748   0.0014157   0.0017685   0.0021231
 125.2483447   0.0000000   0.0000000   0.0000000   0.0000010   0.0000088   0.0000352   0.0000912   0.0001842   0.0003173   0.0004907
 125.5416663   0.0000000   0.0000000   0.0000000   0.0000003   0.0000023   0.0000100   0.0000304   0.0000718   0.0001431   0.0002511
 125.8349880   0.0000002   0.0000056   0.0000236   0.0000667   0.0001428   0.0002540   0.0003989   0.0005742   0.0007749   0.0009957
 126.1283096   0.0009470   0.0010422   0.0012464   0.0014933   0.0017721   0.0020763   0.0023912   0.0027033   0.0030037   0.0032878
 126.4216313   0.0062122   0.0064672   0.0066760   0.0068460   0.0069596   0.0070455   0.0071199   0.0071872   0.0072479   0.0073013
 126.7149529   0.0133829   0.0137035   0.0135487   0.0133001   0.0130171   0.0127207   0.0124256   0.0121398   0.0118674   0.0116101
 127.0082746   0.0163369   0.0163629   0.0161109   0.0158925   0.0157007   0.0154873   0.0152387   0.0149604   0.0146621   0.0143525
 127.3015962   0.0165916   0.0163810   0.0160477   0.0158510   0.0157338   0.0156353   0.0155254   0.0153924   0.0152327   0.0150468
 127.5949179   0.0147660   0.0146045   0.0145923   0.0146195   0.0146295   0.0146109   0.0145716   0.0145171   0.0144497   0.0143696
 127.8882395   0.0139568   0.0132923   0.0131845   0.0131784   0.0131535   0.0131226   0.0131006   0.0130888   0.0130823   0.0130760
 128.1815612   0.0112420   0.0111948   0.0112078   0.0112739   0.0113696   0.0114657   0.0115491   0.0116166   0.0116698   0.0117113
 128.4748828   0.0109916   0.0109571   0.0107722   0.0106664   0.0106082   0.0105721   0.0105510   0.0105425   0.0105435   0.0105506
 128.7682045   0.0089216   0.0096431   0.0096339   0.0095749   0.0095448   0.0095270   0.0095097   0.0094911   0.0094734   0.0094591
 129.0615261   0.0080409   0.0081005   0.0082187   0.0082817   0.0082998   0.0083023   0.0083017   0.0083017   0.0083040   0.0083101
 129.3548478   0.0069062   0.0067550   0.0068989   0.0070012   0.0070453   0.0070693   0.0070969   0.0071347   0.0071816   0.0072339
 129.6481694   0.0058720   0.0060231   0.0059701   0.0059736   0.0060461   0.0061493   0.0062550   0.0063520   0.0064382   0.0065150
 129.9414911   0.0067990   0.0064915   0.0063958   0.0063310   0.0062861   0.0062574   0.0062405   0.0062335   0.0062352   0.0062443
 130.2348127   0.0056672   0.0059732   0.0062147   0.0062994   0.0062895   0.0062426   0.0061895   0.0061420   0.0061037   0.0060753
 130.5281344   0.0054102   0.0054169   0.0055411   0.0056158   0.0056669   0.0057077   0.0057396   0.0057628   0.0057789   0.0057902
 130.8214560   0.0058761   0.0057375   0.0055640   0.0054760   0.0054479   0.0054523   0.0054720   0.0054992   0.0055308   0.0055655
 131.1147777   0.0053328   0.0054010   0.0053761   0.0053907   0.0054148   0.0054363   0.0054599   0.0054915   0.0055339   0.0055875
 131.4080993   0.0058449   0.0056363   0.0055619   0.0055733   0.0056169   0.0056770   0.0057515   0.0058377   0.0059311   0.0060260
 131.7014210   0.0065661   0.0065097   0.0064543   0.0064979   0.0065976   0.0067168   0.0068326   0.0069319   0.0070083   0.0070605
 131.9947426   0.0088628   0.0090183   0.0090169   0.0090049   0.0089557   0.0088624   0.0087371   0.0085921   0.0084358   0.0082737
 132.2880643   0.0117624   0.0111887   0.0107470   0.0103643   0.0100025   0.0096533   0.0093186   0.0090004   0.0086997   0.0084163
 132.5813859   0.0076542   0.0072318   0.0071557   0.0071707   0.0071908   0.0071824   0.0071373   0.0070586   0.0069537   0.0068307
 132.8747076   0.0037684   0.0038393   0.0039091   0.0039767   0.0040412   0.0041071   0.0041769   0.0042471   0.0043122   0.0043675
 133.1680292   0.0015389   0.0015615   0.0015838   0.0016137   0.0016655   0.0017399   0.0018329   0.0019401   0.0020573   0.0021801
 133.4613509   0.0000000   0.0000174   0.0000851   0.0001740   0.0002689   0.0003673   0.0004692   0.0005750   0.0006852   0.0008000
 133.7546725   0.0000000   0.0000000   0.0000000   0.0000009   0.0000069   0.0000227   0.0000501   0.0000888   0.0001378   0.0001960
 134.0479942   0.0000000   0.0000000   0.0000000   0.0000000   0.0000000   0.0000003   0.0000018   0.0000060   0.0000148   0.0000293
 134.3413158   0.0000000   0.0000000   0.0000000   0.0000000   0.0000000   0.0000000   0.0000000   0.0000002   0.0000008   0.0000025
 134.6346375   0.0000000   0.0000000   0.0000000   0.0000000   0.0000000   0.0000000   0.0000000   0.0000000   0.0000000   0.0000001
 134.9279591   0.0000000   0.0000000   0.0000000   0.0000000   0.0000000   0.0000000   0.0000000   0.0000000   0.0000000   0.0000000
 135.2212808   0.0000000   0.0000000   0.0000000   0.0000000   0.0000000   0.0000000   0.0000000   0.0000000   0.0000000   0.0000000
 135.5146024   0.0000000   0.0000000   0.0000000   0.0000000   0.0000000   0.0000000   0.0000000   0.0000000   0.0000000   0.0000000
 135.8079241   0.0000000   0.0000000   0.0000000   0.0000000   0.0000000   0.0000000   0.0000000   0.0000000   0.0000000   0.0000000
 136.1012457   0.0000000   0.0000000   0.0000000   0.0000000   0.0000000   0.0000000   0.0000000   0.0000000   0.0000000   0.0000000
 136.3945674   0.0000000   0.0000000   0.0000000   0.0000000   0.0000000   0.0000000   0.0000000   0.0000000   0.0000000   0.0000000
 136.6878890   0.0000000   0.0000000   0.0000000   0.0000000   0.0000000   0.0000000   0.0000000   0.0000000   0.0000000   0.0000000
 136.9812107   0.0000000   0.0000000   0.0000000   0.0000000   0.0000000   0.0000000   0.0000000   0.0000000   0.0000000   0.0000000
 137.2745323   0.0000000   0.0000000   0.0000000   0.0000000   0.0000000   0.0000000   0.0000000   0.0000000   0.0000000   0.0000000
 137.5678540   0.0000000   0.0000000   0.0000000   0.0000000   0.0000000   0.0000000   0.0000000   0.0000000   0.0000000   0.0000000
 137.8611756   0.0000000   0.0000000   0.0000000   0.0000000   0.0000000   0.0000000   0.0000000   0.0000000   0.0000000   0.0000000
 138.1544973   0.0000000   0.0000000   0.0000000   0.0000000   0.0000000   0.0000000   0.0000000   0.0000000   0.0000000   0.0000000
 138.4478189   0.0000000   0.0000000   0.0000000   0.0000000   0.0000000   0.0000000   0.0000000   0.0000000   0.0000000   0.0000000
 138.7411406   0.0000000   0.0000000   0.0000000   0.0000000   0.0000000   0.0000000   0.0000000   0.0000000   0.0000000   0.0000000
 139.0344622   0.0000000   0.0000000   0.0000000   0.0000000   0.0000000   0.0000000   0.0000000   0.0000000   0.0000000   0.0000000
 139.3277839   0.0000000   0.0000000   0.0000000   0.0000000   0.0000000   0.0000000   0.0000000   0.0000000   0.0000000   0.0000000
 139.6211055   0.0000000   0.0000000   0.0000000   0.0000000   0.0000000   0.0000000   0.0000000   0.0000000   0.0000000   0.0000000
 139.9144272   0.0000000   0.0000000   0.0000000   0.0000000   0.0000000   0.0000000   0.0000000   0.0000000   0.0000000   0.0000000
 140.2077488   0.0000000   0.0000000   0.0000000   0.0000000   0.0000000   0.0000000   0.0000000   0.0000000   0.0000000   0.0000000
 140.5010705   0.0000000   0.0000000   0.0000000   0.0000000   0.0000000   0.0000000   0.0000000   0.0000000   0.0000000   0.0000000
 140.7943921   0.0000000   0.0000000   0.0000000   0.0000000   0.0000000   0.0000000   0.0000000   0.0000000   0.0000000   0.0000000
 141.0877138   0.0000000   0.0000000   0.0000000   0.0000000   0.0000000   0.0000000   0.0000000   0.0000000   0.0000000   0.0000000
 141.3810354   0.0000000   0.0000000   0.0000000   0.0000000   0.0000000   0.0000000   0.0000000   0.0000000   0.0000000   0.0000000
 141.6743571   0.0000000   0.0000000   0.0000000   0.0000000   0.0000000   0.0000000   0.0000000   0.0000000   0.0000000   0.0000000
 141.9676787   0.0000000   0.0000000   0.0000000   0.0000000   0.0000000   0.0000000   0.0000000   0.0000000   0.0000000   0.0000000
 142.2610004   0.0000000   0.0000000   0.0000000   0.0000000   0.0000000   0.0000000   0.0000000   0.0000000   0.0000000   0.0000000
 142.5543220   0.0000000   0.0000000   0.0000000   0.0000000   0.0000000   0.0000000   0.0000000   0.0000000   0.0000000   0.0000000
 142.8476437   0.0000000   0.0000000   0.0000000   0.0000000   0.0000000   0.0000000   0.0000000   0.0000000   0.0000000   0.0000000
 143.1409653   0.0000000   0.0000000   0.0000000   0.0000000   0.0000000   0.0000000   0.0000000   0.0000000   0.0000000   0.0000000
 143.4342870   0.0000000   0.0000000   0.0000000   0.0000000   0.0000000   0.0000000   0.0000000   0.0000000   0.0000000   0.0000000
 143.7276086   0.0000000   0.0000000   0.0000000   0.0000000   0.0000000   0.0000000   0.0000000   0.0000000   0.0000000   0.0000000
 144.0209303   0.0000000   0.0000000   0.0000000   0.0000000   0.0000000   0.0000000   0.0000000   0.0000000   0.0000000   0.0000000
 144.3142519   0.0000000   0.0000000   0.0000000   0.0000000   0.0000000   0.0000000   0.0000000   0.0000000   0.0000000   0.0000000
 144.6075736   0.0000000   0.0000000   0.0000000   0.0000000   0.0000000   0.0000000   0.0000000   0.0000000   0.0000000   0.0000000
 144.9008952   0.0000000   0.0000000   0.0000000   0.0000000   0.0000000   0.0000000   0.0000000   0.0000000   0.0000000   0.0000000
 145.1942169   0.0000000   0.0000000   0.0000000   0.0000000   0.0000000   0.0000000   0.0000000   0.0000000   0.0000000   0.0000000
 145.4875385   0.0000000   0.0000000   0.0000000   0.0000000   0.0000000   0.0000000   0.0000000   0.0000000   0.0000000   0.0000000
 145.7808602   0.0000000   0.0000000   0.0000000   0.0000000   0.0000000   0.0000000   0.0000000   0.0000000   0.0000000   0.0000000
 146.0741818   0.0000000   0.0000000   0.0000000   0.0000000   0.0000000   0.0000000   0.0000000   0.0000000   0.0000000   0.0000000
 146.3675035   0.0000000   0.0000000   0.0000000   0.0000000   0.0000000   0.0000000   0.0000000   0.0000000   0.0000000   0.0000000
 146.6608251   0.0000000   0.0000000   0.0000000   0.0000000   0.0000000   0.0000000   0.0000000   0.0000000   0.0000000   0.0000000