   0.2933217   0.0000000   0.0000000   0.0000056   0.0000543   0.0001674   0.0003263   0.0005089   0.0007009   0.0008945   0.0010858
   0.5866433   0.0009802   0.0016277   0.0019255   0.0021462   0.0023428   0.0025247   0.0026955   0.0028578   0.0030130   0.0031625
   0.8799650   0.0066046   0.0067686   0.0067211   0.0066146   0.0064905   0.0063802   0.0062929   0.0062313   0.0061953   0.0061834
   1.1732866   0.0088939   0.0094327   0.0096029   0.0095857   0.0095324   0.0094733   0.0094152   0.0093614   0.0093149   0.0092786
   1.4666083   0.0113338   0.0114619   0.0116266   0.0117827   0.0119031   0.0119992   0.0120760   0.0121368   0.0121847   0.0122234
   1.7599299   0.0155514   0.0153289   0.0153205   0.0152595   0.0152206   0.0152142   0.0152333   0.0152710   0.0153228   0.0153850
   2.0532516   0.0189443   0.0184722   0.0185102   0.0186059   0.0186617   0.0187102   0.0187680   0.0188370   0.0189147   0.0189984
   2.3465732   0.0225545   0.0220343   0.0222666   0.0225165   0.0226954   0.0228308   0.0229401   0.0230310   0.0231104   0.0231845
   2.6398949   0.0285530   0.0284209   0.0283358   0.0282010   0.0280581   0.0279444   0.0278719   0.0278366   0.0278311   0.0278490
   2.9332165   0.0320342   0.0319727   0.0321249   0.0322825   0.0324109   0.0325106   0.0325848   0.0326441   0.0327009   0.0327640
   3.2265382   0.0371891   0.0374866   0.0377713   0.0377262   0.0376958   0.0377209   0.0377933   0.0379005   0.0380284   0.0381650
   3.5198598   0.0449820   0.0431727   0.0432513   0.0434015   0.0436107   0.0438312   0.0440289   0.0441969   0.0443398   0.0444661
   3.8131815   0.0520167   0.0524226   0.0522654   0.0520662   0.0519142   0.0517809   0.0516680   0.0515851   0.0515387   0.0515327
   4.1065031   0.0597850   0.0599177   0.0592690   0.0589679   0.0588129   0.0587133   0.0586621   0.0586677   0.0587315   0.0588497
   4.3998248   0.0664375   0.0648623   0.0644029   0.0644928   0.0648741   0.0653599   0.0658617   0.0663495   0.0668192   0.0672756
   4.6931464   0.0768419   0.0761188   0.0761944   0.0764345   0.0766847   0.0769703   0.0773155   0.0777167   0.0781571   0.0786183
   4.9864681   0.0893078   0.0908131   0.0914705   0.0918580   0.0920964   0.0922780   0.0924484   0.0926242   0.0928117   0.0930120
   5.2797897   0.1108055   0.1096969   0.1096371   0.1095614   0.1094145   0.1092781   0.1091556   0.1090349   0.1089110   0.1087855
   5.5731114   0.1222411   0.1243004   0.1252676   0.1254497   0.1253302   0.1250930   0.1247929   0.1244591   0.1241112   0.1237613
   5.8664330   0.1350252   0.1373490   0.1383936   0.1383520   0.1380421   0.1377217   0.1374170   0.1371146   0.1368086   0.1365016
   6.1597547   0.1428207   0.1448498   0.1463275   0.1470189   0.1472827   0.1473624   0.1473666   0.1473431   0.1473099   0.1472694
   6.4530763   0.1563466   0.1571900   0.1568373   0.1567077   0.1567167   0.1568513   0.1570635   0.1572979   0.1575160   0.1576963
   6.7463980   0.1699720   0.1680448   0.1676592   0.1679912   0.1683765   0.1686650   0.1688452   0.1689395   0.1689750   0.1689718
   7.0397196   0.1860020   0.1849987   0.1841594   0.1833059   0.1825268   0.1818399   0.1812567   0.1807746   0.1803770   0.1800419
   7.3330413   0.1859936   0.1884856   0.1893004   0.1894661   0.1895853   0.1896668   0.1896734   0.1895960   0.1894414   0.1892223
   7.6263629   0.1951905   0.1962299   0.1966535   0.1969492   0.1971307   0.1972048   0.1971840   0.1970732   0.1968796   0.1966151
   7.9196846   0.2120169   0.2080990   0.2063696   0.2055746   0.2048597   0.2041475   0.2034824   0.2028878   0.2023606   0.2018842
   8.2130062   0.2041446   0.2058732   0.2051742   0.2047750   0.2047285   0.2047505   0.2047304   0.2046398   0.2044834   0.2042771
   8.5063279   0.2095298   0.2061620   0.2047214   0.2045670   0.2047231   0.2048776   0.2049838   0.2050507   0.2050852   0.2050885
   8.7996495   0.2109400   0.2090401   0.2073509   0.2065674   0.2061232   0.2058649   0.2057347   0.2056847   0.2056814   0.2057052
   9.0929712   0.1993628   0.2024607   0.2040047   0.2049692   0.2056185   0.2060011   0.2062188   0.2063576   0.2064719   0.2065917
   9.3862928   0.2169539   0.2112680   0.2094721   0.2085608   0.2080262   0.2077936   0.2077812   0.2079110   0.2081256   0.2083892
   9.6796145   0.2078434   0.2072253   0.2078807   0.2087134   0.2095364   0.2102344   0.2108038   0.2112817   0.2117066   0.2121070
   9.9729361   0.2176323   0.2188397   0.2186430   0.2182525   0.2179846   0.2178479   0.2178374   0.2179396   0.2181291   0.2183791
  10.2662578   0.2267426   0.2263273   0.2259252   0.2257302   0.2257451   0.2258799   0.2260542   0.2262292   0.2263944   0.2265487
  10.5595794   0.2292968   0.2331250   0.2342424   0.2350071   0.2354716   0.2357033   0.2357971   0.2358075   0.2357536   0.2356453
  10.8529011   0.2499165   0.2497350   0.2485316   0.2474422   0.2466493   0.2460249   0.2454420   0.2448590   0.2442867   0.2437458
  11.1462227   0.2487129   0.2521368   0.2523709   0.2519807   0.2512975   0.2505737   0.2499326   0.2494070   0.2489835   0.2486336
  11.4395444   0.2392778   0.2426380   0.2449480   0.2467192   0.2481119   0.2492208   0.2500972   0.2507658   0.2512469   0.2515659
  11.7328660   0.2578089   0.2582919   0.2570813   0.2562418   0.2558123   0.2556597   0.2556285   0.2556326   0.2556400   0.2556423
  12.0261877   0.2640423   0.2644604   0.2643083   0.2637842   0.2629762   0.2620734   0.2612392   0.2605566   0.2600436   0.2596835
  12.3195093   0.2554117   0.2574848   0.2583260   0.2592079   0.2600155   0.2607100   0.2612729   0.2617006   0.2620162   0.2622574
  12.6128310   0.2671882   0.2649116   0.2640360   0.2639338   0.2640795   0.2643558   0.2647277   0.2651669   0.2656438   0.2661318
  12.9061526   0.2745229   0.2729703   0.2722890   0.2720449   0.2719879   0.2720514   0.2722124   0.2724567   0.2727698   0.2731354
  13.1994743   0.2735973   0.2787006   0.2801444   0.2807832   0.2813099   0.2817311   0.2820615   0.2823304   0.2825586   0.2827587
  13.4927959   0.3000418   0.2980167   0.2960777   0.2951955   0.2946882   0.2943702   0.2941450   0.2939492   0.2937518   0.2935442
  13.7861176   0.3066703   0.3056910   0.3052603   0.3054024   0.3053390   0.3050125   0.3045351   0.3039958   0.3034491   0.3029247
  14.0794392   0.3168553   0.3129309   0.3121506   0.3115455   0.3109625   0.3104695   0.3100659   0.3097229   0.3094193   0.3091470
  14.3727609   0.3063013   0.3085803   0.3102402   0.3110516   0.3116946   0.3122418   0.3127038   0.3131065   0.3134704   0.3138068
  14.6660825   0.3185831   0.3180172   0.3180108   0.3178787   0.3179685   0.3182920   0.3187619   0.3193114   0.3199016   0.3205124
  14.9594042   0.3250613   0.3273296   0.3281239   0.3286957   0.3291277   0.3294793   0.3298331   0.3302388   0.3307164   0.3312710
  15.2527258   0.3470303   0.3449521   0.3440361   0.3439174   0.3440632   0.3443197   0.3446522   0.3450639   0.3455674   0.3461657
  15.5460475   0.3616126   0.3638056   0.3627243   0.3623510   0.3624297   0.3627696   0.3633238   0.3640243   0.3647862   0.3655393
  15.8393691   0.3855714   0.3846889   0.3837142   0.3846548   0.3862057   0.3875473   0.3884943   0.3890832   0.3893784   0.3894259
  16.1326908   0.4478527   0.4369010   0.4302552   0.4257032   0.4225171   0.4200648   0.4179746   0.4160241   0.4140847   0.4120941
  16.4260124   0.4359376   0.4328611   0.4338838   0.4347546   0.4343725   0.4328192   0.4304561   0.4276086   0.4245074   0.4213024
  16.7193341   0.4277194   0.4296963   0.4279577   0.4251232   0.4221362   0.4193452   0.4167734   0.4143245   0.4119272   0.4095583
  17.0126557   0.3780947   0.3751456   0.3767480   0.3786483   0.3800897   0.3810696   0.3817139   0.3821421   0.3824330   0.3826230
  17.3059774   0.3509788   0.3465458   0.3453038   0.3454726   0.3464686   0.3480318   0.3499555   0.3520620   0.3542092   0.3562908
  17.5992990   0.3323893   0.3304027   0.3307722   0.3319235   0.3335077   0.3352854   0.3371330   0.3389869   0.3408050   0.3425578
  17.8926207   0.3401441   0.3403927   0.3412198   0.3414225   0.3413447   0.3410553   0.3406460   0.3402198   0.3398707   0.3396688
  18.1859423   0.3569185   0.3529190   0.3500060   0.3473777   0.3447948   0.3424369   0.3404396   0.3388444   0.3376316   0.3367550
  18.4792640   0.3194049   0.3188748   0.3198311   0.3217161   0.3237488   0.3256343   0.3272282   0.3284866   0.3294357   0.3301288
  18.7725856   0.3191118   0.3187844   0.3201943   0.3213824   0.3223515   0.3232783   0.3242277   0.3251455   0.3259577   0.3266220
  19.0659073   0.3352973   0.3348861   0.3336991   0.3326985   0.3316365   0.3304251   0.3291748   0.3280317   0.3270869   0.3263641
  19.3592289   0.3391572   0.3358330   0.3315213   0.3283866   0.3264753   0.3252702   0.3244342   0.3237941   0.3232617   0.3227938
  19.6525506   0.3006284   0.3031179   0.3053368   0.3082257   0.3108598   0.3129346   0.3144526   0.3154950   0.3161476   0.3164893
  19.9458722   0.3215538   0.3186205   0.3176638   0.3162743   0.3147591   0.3134720   0.3124893   0.3117518   0.3111886   0.3107552
  20.2391939   0.3033115   0.3050113   0.3064623   0.3066739   0.3062393   0.3054696   0.3045960   0.3038125   0.3032467   0.3029566
  20.5325155   0.2830277   0.2869237   0.2870854   0.2871093   0.2876609   0.2887444   0.2901743   0.2917890   0.2934913   0.2952371
  20.8258372   0.2753727   0.2743749   0.2775477   0.2810087   0.2842332   0.2873413   0.2903724   0.2933409   0.2962521   0.2991002
  21.1191588   0.3066946   0.3126005   0.3148710   0.3152362   0.3153653   0.3157808   0.3166140   0.3178258   0.3193180   0.3209929
  21.4124805   0.3551102   0.3534131   0.3532023   0.3535217   0.3539362   0.3542947   0.3544844   0.3545320   0.3545245   0.3545397
  21.7058021   0.3942564   0.3978949   0.3984799   0.3972097   0.3955340   0.3939211   0.3924583   0.3911197   0.3898642   0.3886667
  21.9991238   0.4124546   0.4142365   0.4178085   0.4194718   0.4199149   0.4196363   0.4189090   0.4178982   0.4166929   0.4153405
  22.2924454   0.4405503   0.4412399   0.4404294   0.4387868   0.4375124   0.4366182   0.4358013   0.4348542   0.4337179   0.4324210
  22.5857671   0.4437431   0.4441708   0.4460576   0.4468490   0.4464168   0.4452685   0.4438649   0.4425047   0.4413175   0.4403182
  22.8790887   0.4396452   0.4420369   0.4411044   0.4399774   0.4394472   0.4396056   0.4402375   0.4410823   0.4419544   0.4427546
  23.1724104   0.4218156   0.4259218   0.4298204   0.4342014   0.4382916   0.4417077   0.4444186   0.4465465   0.4482386   0.4496154
  23.4657320   0.4920212   0.4845513   0.4789650   0.4744863   0.4707840   0.4679385   0.4659647   0.4647358   0.4640793   0.4638338
  23.7590537   0.4802191   0.4741850   0.4741250   0.4756709   0.4771668   0.4780811   0.4784970   0.4786053   0.4785427   0.4783837
  24.0523753   0.4976490   0.4957522   0.4915781   0.4898519   0.4899251   0.4906279   0.4913280   0.4917441   0.4917860   0.4914680
  24.3456970   0.5312456   0.5217614   0.5169035   0.5142396   0.5118431   0.5093744   0.5069203   0.5045865   0.5024162   0.5003922
  24.6390186   0.5068803   0.5062178   0.5065005   0.5065323   0.5055577   0.5040217   0.5023118   0.5005433   0.4987185   0.4968281
  24.9323403   0.4748442   0.4754121   0.4768243   0.4784540   0.4800889   0.4813397   0.4819728   0.4819730   0.4814425   0.4805176
  25.2256619   0.4733712   0.4758072   0.4727946   0.4685645   0.4649571   0.4621521   0.4600044   0.4583838   0.4571888   0.4563289
  25.5189836   0.4107061   0.4132103   0.4179106   0.4211281   0.4229710   0.4241069   0.4250316   0.4260025   0.4270981   0.4283033
  25.8123052   0.3812650   0.3830153   0.3854799   0.3880427   0.3912827   0.3950469   0.3988981   0.4025063   0.4057309   0.4085567
  26.1056269   0.4028953   0.4024655   0.4034915   0.4040507   0.4040430   0.4038509   0.4037468   0.4038544   0.4041899   0.4047160
  26.3989485   0.4214978   0.4201511   0.4188619   0.4168951   0.4146355   0.4123427   0.4101689   0.4082261   0.4065881   0.4052883
  26.6922702   0.3945546   0.3991820   0.3997941   0.3996223   0.3997169   0.3999597   0.4001400   0.4001578   0.4000095   0.3997471
  26.9855918   0.3846558   0.3822752   0.3841067   0.3860374   0.3876116   0.3888144   0.3897872   0.3906479   0.3914446   0.3921869
  27.2789135   0.4013908   0.3947961   0.3908296   0.3883697   0.3870844   0.3866567   0.3868118   0.3873465   0.3881362   0.3891091
  27.5722351   0.3813256   0.3798688   0.3817351   0.3841865   0.3863589   0.3880465   0.3894131   0.3906664   0.3919494   0.3933379
  27.8655568   0.4065202   0.4064235   0.4040149   0.4024538   0.4018558   0.4020881   0.4029392   0.4042215   0.4057926   0.4075458
  28.1588784   0.4074061   0.4167174   0.4200930   0.4225554   0.4247477   0.4268142   0.4287790   0.4306266   0.4323357   0.4338911
  28.4522001   0.4648667   0.4650472   0.4678410   0.4695473   0.4703431   0.4706325   0.4705965   0.4703175   0.4698563   0.4692682
  28.7455217   0.5274025   0.5269160   0.5244114   0.5207098   0.5167282   0.5129127   0.5093630   0.5060846   0.5030558   0.5002440
  29.0388434   0.5118147   0.5185460   0.5209717   0.5217207   0.5216927   0.5210710   0.5199056   0.5182955   0.5163540   0.5141829
  29.3321650   0.5114464   0.5134456   0.5158648   0.5160485   0.5157663   0.5154938   0.5151590   0.5146512   0.5139198   0.5129588
  29.6254867   0.5055612   0.5031557   0.5061059   0.5070890   0.5067775   0.5060738   0.5053955   0.5048494   0.5044012   0.5039755
  29.9188083   0.4838504   0.4860921   0.4870332   0.4881196   0.4893456   0.4904195   0.4911849   0.4916472   0.4918621   0.4918751
  30.2121300   0.4938678   0.4914261   0.4874575   0.4842056   0.4821429   0.4809811   0.4802936   0.4797657   0.4792332   0.4786363
  30.5054516   0.4567385   0.4565161   0.4610787   0.4647663   0.4661878   0.4659808   0.4649485   0.4636194   0.4622697   0.4610160
  30.7987733   0.4527568   0.4515014   0.4472654   0.4432800   0.4403184   0.4384823   0.4374436   0.4368434   0.4364432   0.4361148
  31.0920949   0.3766623   0.3866071   0.3920759   0.3964879   0.4002661   0.4032755   0.4055253   0.4071558   0.4083263   0.4091681
  31.3854166   0.3934609   0.3934388   0.3923116   0.3906036   0.3888382   0.3874227   0.3865000   0.3860317   0.3859269   0.3861102
  31.6787382   0.3748748   0.3672480   0.3654427   0.3648433   0.3646391   0.3645132   0.3644713   0.3646347   0.3650995   0.3658965
  31.9720599   0.3435250   0.3381128   0.3368975   0.3374408   0.3392417   0.3417357   0.3445409   0.3474309   0.3502842   0.3530568
  32.2653815   0.3344041   0.3361197   0.3393334   0.3421900   0.3449769   0.3476322   0.3501849   0.3526966   0.3552082   0.3577380
  32.5587032   0.3903720   0.3853322   0.3834272   0.3815555   0.3798328   0.3785939   0.3779366   0.3778366   0.3782361   0.3790551
  32.8520248   0.3986694   0.3996021   0.4014359   0.4032635   0.4045575   0.4054809   0.4062412   0.4069275   0.4075132   0.4079311
  33.1453465   0.4336660   0.4358686   0.4364233   0.4369273   0.4381338   0.4395410   0.4404400   0.4404749   0.4396210   0.4380216
  33.4386681   0.4832228   0.4900437   0.4933948   0.4912608   0.4859632   0.4793573   0.4724862   0.4658357   0.4595959   0.4538155
  33.7319898   0.4580424   0.4603315   0.4610154   0.4589163   0.4552627   0.4510179   0.4467045   0.4425614   0.4386770   0.4350693
  34.0253114   0.3786502   0.3713287   0.3692329   0.3709075   0.3750829   0.3801407   0.3849446   0.3890078   0.3922259   0.3946571
  34.3186331   0.3429753   0.3476170   0.3495072   0.3510837   0.3526910   0.3545545   0.3568429   0.3595207   0.3624225   0.3653726
  34.6119547   0.3464701   0.3507033   0.3529132   0.3539042   0.3539788   0.3536404   0.3533109   0.3532873   0.3537498   0.3547578
  34.9052764   0.3527708   0.3562967   0.3540285   0.3517113   0.3504212   0.3501350   0.3505946   0.3515542   0.3528051   0.3541903
  35.1985980   0.3312257   0.3345452   0.3393778   0.3444386   0.3494062   0.3538640   0.3574744   0.3601200   0.3618782   0.3629255
  35.4919197   0.4016579   0.3998478   0.3991418   0.3974192   0.3938560   0.3894744   0.3851233   0.3811843   0.3777747   0.3749063
  35.7852413   0.4136318   0.4046962   0.3975996   0.3919956   0.3872386   0.3830134   0.3792991   0.3761639   0.3736663   0.3718075
  36.0785630   0.3321441   0.3282909   0.3276749   0.3308589   0.3361131   0.3418719   0.3474050   0.3524427   0.3568699   0.3606359
  36.3718846   0.3424375   0.3429190   0.3438339   0.3461684   0.3497653   0.3540571   0.3585166   0.3627174   0.3663821   0.3693810
  36.6652063   0.4117602   0.4152745   0.4174341   0.4172409   0.4145383   0.4103893   0.4056961   0.4010257   0.3967052   0.3928928
  36.9585279   0.4523096   0.4478333   0.4418536   0.4344463   0.4266212   0.4190730   0.4121065   0.4058244   0.4002562   0.3954170
  37.2518496   0.3440730   0.3450242   0.3481090   0.3520822   0.3567784   0.3612511   0.3649287   0.3677424   0.3698784   0.3715816
  37.5451712   0.3183364   0.3254250   0.3289128   0.3307972   0.3330030   0.3361361   0.3403625   0.3455230   0.3512785   0.3572781
  37.8384929   0.3397809   0.3399456   0.3428757   0.3469247   0.3519680   0.3576299   0.3635898   0.3696723   0.3757903   0.3818752
  38.1318145   0.4382135   0.4350443   0.4351384   0.4361721   0.4376357   0.4391919   0.4407138   0.4422449   0.4437843   0.4452612
  38.4251362   0.5407456   0.5514178   0.5513941   0.5461827   0.5405766   0.5357865   0.5314316   0.5270055   0.5222838   0.5172680
  38.7184578   0.5436001   0.5642920   0.5840199   0.5935442   0.5942350   0.5897743   0.5825360   0.5738848   0.5646341   0.5552847
  39.0117795   0.5948221   0.6038212   0.5978801   0.5857630   0.5736859   0.5632760   0.5544716   0.5468664   0.5400734   0.5337947
  39.3051011   0.4340542   0.4296815   0.4331949   0.4394024   0.4473697   0.4553323   0.4620968   0.4673217   0.4710892   0.4736045
  39.5984228   0.3820375   0.3896120   0.3966271   0.4014608   0.4051130   0.4083422   0.4116835   0.4152609   0.4189321   0.4225020
  39.8917444   0.4291129   0.4170427   0.4099706   0.4038896   0.3990861   0.3956539   0.3934470   0.3923299   0.3921997   0.3929362
  40.1850661   0.3486388   0.3523073   0.3554332   0.3592892   0.3629464   0.3658865   0.3681371   0.3699382   0.3715422   0.3731465
  40.4783877   0.3586842   0.3569547   0.3552725   0.3545866   0.3548254   0.3559431   0.3577630   0.3599889   0.3623601   0.3647164
  40.7717094   0.3639683   0.3597579   0.3603672   0.3626373   0.3648591   0.3665526   0.3678414   0.3689449   0.3699974   0.3710314
  41.0650310   0.4156576   0.4056096   0.3981810   0.3935040   0.3905942   0.3887049   0.3873474   0.3861845   0.3850209   0.3837800
  41.3583527   0.3997628   0.3973453   0.3979624   0.3993496   0.3997674   0.3988555   0.3968610   0.3941630   0.3910904   0.3878789
  41.6516743   0.4089316   0.4061768   0.4014007   0.3957958   0.3902586   0.3852976   0.3810266   0.3773358   0.3740805   0.3711544
  41.9449960   0.3157103   0.3178742   0.3219569   0.3259896   0.3294481   0.3320945   0.3340229   0.3354209   0.3364487   0.3372110
  42.2383176   0.3031225   0.2959322   0.2927149   0.2921063   0.2931974   0.2953677   0.2981191   0.3010852   0.3040278   0.3068131
  42.5316393   0.2861580   0.2842964   0.2846833   0.2856282   0.2866694   0.2876525   0.2886913   0.2899129   0.2913668   0.2930319
  42.8249609   0.2972845   0.2930318   0.2921801   0.2916381   0.2911367   0.2907870   0.2906203   0.2906284   0.2908112   0.2911816
  43.1182826   0.2860676   0.2898557   0.2919517   0.2925984   0.2928856   0.2930267   0.2930717   0.2930705   0.2930759   0.2931324
  43.4116042   0.2933422   0.2946823   0.2955061   0.2955934   0.2954570   0.2953878   0.2954367   0.2955804   0.2957915   0.2960528
  43.7049259   0.2932238   0.2950318   0.2961389   0.2972763   0.2980764   0.2987107   0.2992936   0.2998598   0.3004189   0.3009759
  43.9982475   0.3066575   0.3070781   0.3068320   0.3070223   0.3073498   0.3077180   0.3081176   0.3085509   0.3090262   0.3095511
  44.2915692   0.3270487   0.3247841   0.3225689   0.3214564   0.3209960   0.3208271   0.3208583   0.3210719   0.3214333   0.3218885
  44.5848908   0.3399852   0.3356324   0.3335882   0.3334372   0.3341209   0.3350553   0.3359539   0.3366808   0.3371830   0.3374576
  44.8782125   0.3563369   0.3565714   0.3574844   0.3580708   0.3581385   0.3577189   0.3569284   0.3558849   0.3546814   0.3533847
  45.1715341   0.3795879   0.3822166   0.3810262   0.3780092   0.3745500   0.3711928   0.3681180   0.3653412   0.3628259   0.3605276
  45.4648558   0.3491282   0.3498578   0.3516265   0.3534551   0.3547182   0.3554036   0.3555725   0.3553159   0.3547392   0.3539403
  45.7581774   0.3430310   0.3404375   0.3392711   0.3389288   0.3389558   0.3392554   0.3397222   0.3402460   0.3407371   0.3411376
  46.0514991   0.3280590   0.3277412   0.3280023   0.3279856   0.3280476   0.3282432   0.3285552   0.3289802   0.3295112   0.3301249
  46.3448207   0.3096335   0.3148472   0.3180573   0.3193803   0.3201551   0.3208064   0.3214396   0.3220845   0.3227528   0.3234493
  46.6381424   0.3130906   0.3165718   0.3184099   0.3190732   0.3193669   0.3196725   0.3200614   0.3205143   0.3210014   0.3215030
  46.9314640   0.3197393   0.3212008   0.3219788   0.3223546   0.3225990   0.3227534   0.3228225   0.3228406   0.3228476   0.3228728
  47.2247857   0.3325814   0.3305490   0.3291375   0.3279043   0.3269359   0.3262028   0.3256448   0.3252175   0.3248916   0.3246487
  47.5181073   0.3213243   0.3218894   0.3227831   0.3236619   0.3243196   0.3247453   0.3250094   0.3251717   0.3252744   0.3253456
  47.8114290   0.3266926   0.3259584   0.3253235   0.3251883   0.3252239   0.3253601   0.3255809   0.3258541   0.3261387   0.3264037
  48.1047506   0.3292794   0.3293635   0.3286978   0.3282636   0.3282916   0.3284892   0.3286681   0.3287917   0.3288779   0.3289448
  48.3980723   0.3333382   0.3342558   0.3348506   0.3343951   0.3337371   0.3331532   0.3327026   0.3323594   0.3320800   0.3318322
  48.6913939   0.3262195   0.3282731   0.3306505   0.3324931   0.3334836   0.3338950   0.3339549   0.3338058   0.3335378   0.3332072
  48.9847156   0.3423001   0.3400379   0.3380940   0.3363572   0.3350013   0.3340731   0.3334386   0.3329664   0.3325772   0.3322285
  49.2780372   0.3209475   0.3244449   0.3264602   0.3276866   0.3284720   0.3288938   0.3290884   0.3291609   0.3291589   0.3291002
  49.5713589   0.3292695   0.3270641   0.3254806   0.3248217   0.3247690   0.3249449   0.3251247   0.3252315   0.3252687   0.3252696
  49.8646805   0.3293092   0.3277816   0.3261661   0.3246734   0.3234879   0.3225519   0.3218801   0.3214872   0.3213509   0.3214230
  50.1580022   0.3133561   0.3094336   0.3102019   0.3118026   0.3132932   0.3146505   0.3159096   0.3170718   0.3181421   0.3191385
  50.4513238   0.3150256   0.3140995   0.3152758   0.3165826   0.3177612   0.3188669   0.3199353   0.3209736   0.3219870   0.3229800
  50.7446455   0.3398178   0.3381139   0.3369694   0.3356506   0.3344483   0.3335670   0.3330489   0.3328512   0.3329119   0.3331740
  51.0379671   0.3434651   0.3398013   0.3406376   0.3423032   0.3436664   0.3446086   0.3452151   0.3456068   0.3458946   0.3461620
  51.3312888   0.3646396   0.3648643   0.3633598   0.3618585   0.3609341   0.3604791   0.3603733   0.3605046   0.3607738   0.3611062
  51.6246104   0.3726292   0.3744821   0.3742237   0.3748519   0.3757393   0.3765591   0.3772260   0.3777234   0.3780816   0.3783747
  51.9179321   0.4091670   0.4012618   0.3991394   0.3989278   0.3988991   0.3985558   0.3980153   0.3975557   0.3974185   0.3977114
  52.2112537   0.4494480   0.4318388   0.4238579   0.4190657   0.4160815   0.4148067   0.4152143   0.4169063   0.4192717   0.4217514
  52.5045754   0.3928488   0.3997806   0.4074471   0.4182541   0.4306793   0.4418450   0.4502905   0.4558547   0.4589409   0.4600815
  52.7978970   0.5842343   0.5949394   0.5876397   0.5717011   0.5552117   0.5402229   0.5270040   0.5153497   0.5049720   0.4956162
  53.0912187   0.5141005   0.5122801   0.5228440   0.5264102   0.5224840   0.5144585   0.5047636   0.4947438   0.4850539   0.4759646
  53.3845403   0.3713069   0.3710676   0.3733098   0.3771017   0.3824647   0.3885660   0.3940932   0.3982178   0.4007335   0.4017984
  53.6778620   0.3076947   0.3083619   0.3091836   0.3100643   0.3112268   0.3130247   0.3156265   0.3189430   0.3226669   0.3264245
  53.9711836   0.2562365   0.2591571   0.2619371   0.2639666   0.2655143   0.2668393   0.2681685   0.2696784   0.2714928   0.2736598
  54.2645053   0.2393836   0.2376174   0.2359136   0.2346874   0.2341980   0.2342477   0.2346479   0.2352960   0.2361527   0.2372180
  54.5578269   0.2103186   0.2059176   0.2051999   0.2055704   0.2062156   0.2068497   0.2074376   0.2080131   0.2086159   0.2092801
  54.8511486   0.1864723   0.1853255   0.1848138   0.1848772   0.1850176   0.1851424   0.1853083   0.1855518   0.1858831   0.1863040
  55.1444702   0.1711345   0.1681127   0.1663828   0.1655764   0.1653272   0.1653607   0.1655521   0.1658529   0.1662417   0.1667021
  55.4377919   0.1472820   0.1460356   0.1460222   0.1465714   0.1472861   0.1480147   0.1487135   0.1493658   0.1499587   0.1504787
  55.7311135   0.1356184   0.1358060   0.1366406   0.1371297   0.1373459   0.1374511   0.1374990   0.1374683   0.1373267   0.1370580
  56.0244352   0.1300620   0.1293523   0.1293814   0.1289966   0.1282197   0.1271209   0.1257754   0.1242608   0.1226534   0.1210216
  56.3177568   0.1139163   0.1121681   0.1096427   0.1071455   0.1047950   0.1025140   0.1003031   0.0982132   0.0962918   0.0945665
  56.6110785   0.0592573   0.0564772   0.0557892   0.0557183   0.0559286   0.0562979   0.0567551   0.0572572   0.0577779   0.0583022
  56.9044001   0.0003428   0.0027466   0.0058614   0.0089764   0.0119833   0.0148994   0.0177274   0.0204414   0.0230142   0.0254294
  57.1977218   0.0000000   0.0000000   0.0000047   0.0000962   0.0004635   0.0012117   0.0023244   0.0037356   0.0053709   0.0071605
  57.4910434   0.0000000   0.0000000   0.0000000   0.0000000   0.0000019   0.0000215   0.0001027   0.0003021   0.0006644   0.0012113
  57.7843651   0.0000000   0.0000000   0.0000000   0.0000000   0.0000000   0.0000001   0.0000013   0.0000098   0.0000406   0.0001167
  58.0776867   0.0000000   0.0000000   0.0000000   0.0000000   0.0000000   0.0000000   0.0000000   0.0000001   0.0000012   0.0000062
  58.3710084   0.0000000   0.0000000   0.0000000   0.0000000   0.0000000   0.0000000   0.0000000   0.0000000   0.0000000   0.0000002
  58.6643301   0.0000000   0.0000000   0.0000000   0.0000000   0.0000000   0.0000000   0.0000000   0.0000000   0.0000000   0.0000000
  58.9576517   0.0000000   0.0000000   0.0000000   0.0000000   0.0000000   0.0000000   0.0000000   0.0000000   0.0000000   0.0000000
  59.2509734   0.0000000   0.0000000   0.0000000   0.0000000   0.0000000   0.0000000   0.0000000   0.0000000   0.0000000   0.0000000
  59.5442950   0.0000000   0.0000000   0.0000000   0.0000000   0.0000000   0.0000000   0.0000000   0.0000000   0.0000000   0.0000000
  59.8376167   0.0000000   0.0000000   0.0000000   0.0000000   0.0000000   0.0000000   0.0000000   0.0000000   0.0000000   0.0000000
  60.1309383   0.0000000   0.0000000   0.0000000   0.0000000   0.0000000   0.0000000   0.0000000   0.0000000   0.0000000   0.0000000
  60.4242600   0.0000000   0.0000000   0.0000000   0.0000000   0.0000000   0.0000000   0.0000000   0.0000000   0.0000000   0.0000000
  60.7175816   0.0000000   0.0000000   0.0000000   0.0000000   0.0000000   0.0000000   0.0000000   0.0000000   0.0000000   0.0000000
  61.0109033   0.0000000   0.0000000   0.0000000   0.0000000   0.0000000   0.0000000   0.0000000   0.0000000   0.0000000   0.0000000
  61.3042249   0.0000000   0.0000000   0.0000000   0.0000000   0.0000000   0.0000000   0.0000000   0.0000000   0.0000000   0.0000000
  61.5975466   0.0000000   0.0000000   0.0000000   0.0000000   0.0000000   0.0000000   0.0000000   0.0000000   0.0000000   0.0000000
  61.8908682   0.0000000   0.0000000   0.0000000   0.0000000   0.0000000   0.0000000   0.0000000   0.0000000   0.0000000   0.0000000
  62.1841899   0.0000000   0.0000000   0.0000000   0.0000000   0.0000000   0.0000000   0.0000000   0.0000000   0.0000000   0.0000000
  62.4775115   0.0000000   0.0000000   0.0000000   0.0000000   0.0000000   0.0000000   0.0000000   0.0000000   0.0000000   0.0000000
  62.7708332   0.0000000   0.0000000   0.0000000   0.0000000   0.0000000   0.0000000   0.0000000   0.0000000   0.0000000   0.0000000
  63.0641548   0.0000000   0.0000000   0.0000000   0.0000000   0.0000000   0.0000000   0.0000000   0.0000000   0.0000000   0.0000000
  63.3574765   0.0000000   0.0000000   0.0000000   0.0000000   0.0000000   0.0000000   0.0000000   0.0000000   0.0000000   0.0000000
  63.6507981   0.0000000   0.0000000   0.0000000   0.0000000   0.0000000   0.0000000   0.0000000   0.0000000   0.0000000   0.0000000
  63.9441198   0.0000000   0.0000000   0.0000000   0.0000000   0.0000000   0.0000000   0.0000000   0.0000000   0.0000000   0.0000000
  64.2374414   0.0000000   0.0000000   0.0000000   0.0000000   0.0000000   0.0000000   0.0000000   0.0000000   0.0000000   0.0000000
  64.5307631   0.0000000   0.0000000   0.0000000   0.0000000   0.0000000   0.0000000   0.0000000   0.0000000   0.0000000   0.0000000
  64.8240847   0.0000000   0.0000000   0.0000000   0.0000000   0.0000000   0.0000000   0.0000000   0.0000000   0.0000000   0.0000000
  65.1174064   0.0000000   0.0000000   0.0000000   0.0000000   0.0000000   0.0000000   0.0000000   0.0000000   0.0000000   0.0000000
  65.4107280   0.0000000   0.0000000   0.0000000   0.0000000   0.0000000   0.0000000   0.0000000   0.0000000   0.0000000   0.0000000
  65.7040497   0.0000000   0.0000000   0.0000000   0.0000000   0.0000000   0.0000000   0.0000000   0.0000000   0.0000000   0.0000000
  65.9973713   0.0000000   0.0000000   0.0000000   0.0000000   0.0000000   0.0000000   0.0000000   0.0000000   0.0000000   0.0000000
  66.2906930   0.0000000   0.0000000   0.0000000   0.0000000   0.0000000   0.0000000   0.0000000   0.0000000   0.0000000   0.0000000
  66.5840146   0.0000000   0.0000000   0.0000000   0.0000000   0.0000000   0.0000000   0.0000000   0.0000000   0.0000000   0.0000000
  66.8773363   0.0000000   0.0000000   0.0000000   0.0000000   0.0000000   0.0000000   0.0000000   0.0000000   0.0000000   0.0000000
  67.1706579   0.0000000   0.0000000   0.0000000   0.0000000   0.0000000   0.0000000   0.0000000   0.0000000   0.0000000   0.0000000
  67.4639796   0.0000000   0.0000000   0.0000000   0.0000000   0.0000000   0.0000000   0.0000000   0.0000000   0.0000000   0.0000000
  67.7573012   0.0000000   0.0000000   0.0000000   0.0000000   0.0000000   0.0000000   0.0000000   0.0000000   0.0000000   0.0000000
  68.0506229   0.0000000   0.0000000   0.0000000   0.0000000   0.0000000   0.0000000   0.0000000   0.0000000   0.0000000   0.0000000
  68.3439445   0.0000000   0.0000000   0.0000000   0.0000000   0.0000000   0.0000000   0.0000000   0.0000000   0.0000000   0.0000002
  68.6372662   0.0000000   0.0000000   0.0000000   0.0000000   0.0000000   0.0000000   0.0000000   0.0000002   0.0000016   0.0000065
  68.9305878   0.0000000   0.0000000   0.0000000   0.0000000   0.0000000   0.0000002   0.0000025   0.0000128   0.0000412   0.0000988
  69.2239095   0.0000000   0.0000000   0.0000000   0.0000003   0.0000059   0.0000373   0.0001233   0.0002826   0.0005190   0.0008254
  69.5172311   0.0000000   0.0000006   0.0000399   0.0002404   0.0006481   0.0012082   0.0018560   0.0025467   0.0032528   0.0039583
  69.8105528   0.0044258   0.0058772   0.0068283   0.0076217   0.0083731   0.0090886   0.0097670   0.0104119   0.0110285   0.0116229
  70.1038744   0.0259424   0.0249881   0.0247151   0.0243546   0.0239318   0.0235610   0.0232844   0.0231097   0.0230329   0.0230477
  70.3971961   0.0331694   0.0354328   0.0359536   0.0359867   0.0358751   0.0357134   0.0355297   0.0353555   0.0352268   0.0351699
  70.6905177   0.0427818   0.0445002   0.0452410   0.0455673   0.0457704   0.0459916   0.0462931   0.0466689   0.0470819   0.0474955
  70.9838394   0.0570421   0.0572671   0.0570551   0.0576619   0.0586343   0.0596466   0.0605478   0.0612948   0.0618928   0.0623610
  71.2771610   0.0881896   0.0865517   0.0846516   0.0834164   0.0824437   0.0816419   0.0809751   0.0804132   0.0799311   0.0795094
  71.5704827   0.0960456   0.0972643   0.0982958   0.0985204   0.0981884   0.0975188   0.0966967   0.0958397   0.0950102   0.0942364
  71.8638043   0.1054082   0.1053609   0.1052640   0.1050226   0.1048877   0.1048574   0.1048407   0.1047676   0.1046114   0.1043744
  72.1571260   0.1128733   0.1106041   0.1107371   0.1112252   0.1116215   0.1119173   0.1121447   0.1123189   0.1124413   0.1125078
  72.4504476   0.1222672   0.1218346   0.1215409   0.1213450   0.1211672   0.1209946   0.1208535   0.1207542   0.1206952   0.1206698
  72.7437693   0.1314901   0.1304818   0.1295762   0.1290918   0.1289112   0.1288373   0.1287999   0.1287873   0.1287994   0.1288367
  73.0370909   0.1363336   0.1368755   0.1361883   0.1359541   0.1361320   0.1364180   0.1366992   0.1369560   0.1371935   0.1374209
  73.3304126   0.1517268   0.1487049   0.1471576   0.1467714   0.1466770   0.1466958   0.1467990   0.1469739   0.1472034   0.1474717
  73.6237342   0.1552306   0.1565247   0.1572180   0.1576667   0.1580263   0.1583369   0.1586203   0.1588890   0.1591658   0.1594788
  73.9170559   0.1728976   0.1715791   0.1721902   0.1725876   0.1726779   0.1726963   0.1727857   0.1730132   0.1733993   0.1739359
  74.2103775   0.1820018   0.1863321   0.1871329   0.1873342   0.1877201   0.1884197   0.1893635   0.1904524   0.1916101   0.1927863
  74.5036992   0.2026408   0.2056999   0.2083126   0.2106080   0.2126228   0.2143642   0.2158542   0.2171357   0.2182453   0.2192080
  74.7970208   0.2596372   0.2602339   0.2589084   0.2570212   0.2554022   0.2541380   0.2531416   0.2523276   0.2516291   0.2509977
  75.0903425   0.2859678   0.2861800   0.2867685   0.2865981   0.2859675   0.2849628   0.2836613   0.2821620   0.2805592   0.2789260
  75.3836641   0.3060506   0.3051791   0.3043814   0.3038333   0.3029153   0.3017676   0.3005124   0.2991831   0.2977878   0.2963390
  75.6769858   0.3104107   0.3074544   0.3063870   0.3061691   0.3059937   0.3057533   0.3054454   0.3050634   0.3046080   0.3040817
  75.9703074   0.3062299   0.3051575   0.3051651   0.3054989   0.3059395   0.3063750   0.3068074   0.3072256   0.3076009   0.3079069
  76.2636291   0.3151880   0.3123068   0.3107484   0.3104151   0.3107686   0.3112920   0.3118034   0.3122774   0.3127170   0.3131175
  76.5569507   0.3314335   0.3276505   0.3243623   0.3225467   0.3216095   0.3211306   0.3208858   0.3207539   0.3206626   0.3205652
  76.8502724   0.3202207   0.3243474   0.3267416   0.3283131   0.3290696   0.3292375   0.3290229   0.3285540   0.3279054   0.3271198
  77.1435940   0.3397946   0.3369335   0.3376044   0.3367960   0.3353825   0.3338965   0.3324367   0.3309561   0.3294086   0.3277785
  77.4369157   0.3248230   0.3244684   0.3254625   0.3256871   0.3251619   0.3241080   0.3226748   0.3209965   0.3191784   0.3172913
  77.7302373   0.2995784   0.3046747   0.3036124   0.3016907   0.3000642   0.2987337   0.2975624   0.2964633   0.2953967   0.2943461
  78.0235590   0.2587984   0.2578974   0.2591133   0.2603684   0.2613550   0.2621682   0.2628863   0.2635379   0.2641179   0.2646118
  78.3168806   0.2262486   0.2270720   0.2282874   0.2296359   0.2310385   0.2324391   0.2337947   0.2350817   0.2362905   0.2374182
  78.6102023   0.2202910   0.2197325   0.2184720   0.2171988   0.2163516   0.2159380   0.2158656   0.2160564   0.2164509   0.2169999
  78.9035239   0.1894675   0.1954798   0.1975442   0.1987661   0.1995423   0.1999897   0.2002579   0.2004634   0.2006785   0.2009443
  79.1968456   0.1921740   0.1884503   0.1868811   0.1863300   0.1861616   0.1862106   0.1863801   0.1866075   0.1868560   0.1871050
  79.4901672   0.1749539   0.1748516   0.1746301   0.1743919   0.1743765   0.1744812   0.1746192   0.1747405   0.1748131   0.1748188
  79.7834889   0.1567984   0.1619305   0.1632117   0.1638832   0.1641846   0.1641508   0.1638498   0.1633605   0.1627477   0.1620593
  80.0768105   0.1559959   0.1573972   0.1555883   0.1535140   0.1515733   0.1498530   0.1483282   0.1469539   0.1456929   0.1445174
  80.3701322   0.1183714   0.1183374   0.1194861   0.1204481   0.1209678   0.1211348   0.1210390   0.1207470   0.1203119   0.1197775
  80.6634538   0.0892689   0.0889773   0.0896101   0.0900197   0.0902685   0.0904936   0.0907053   0.0908826   0.0910187   0.0911207
  80.9567755   0.0607133   0.0622238   0.0627082   0.0624766   0.0621006   0.0618565   0.0618292   0.0620259   0.0624217   0.0629774
  81.2500971   0.0253562   0.0275820   0.0295349   0.0310973   0.0325317   0.0339177   0.0352737   0.0366126   0.0379461   0.0392831
  81.5434188   0.0173221   0.0172797   0.0173922   0.0177043   0.0183876   0.0193568   0.0205000   0.0217404   0.0230323   0.0243512
  81.8367404   0.0176750   0.0169275   0.0166673   0.0166257   0.0166485   0.0167197   0.0168764   0.0171550   0.0175701   0.0181173
  82.1300621   0.0152825   0.0165434   0.0163907   0.0162381   0.0161433   0.0160837   0.0160596   0.0160762   0.0161435   0.0162745
  82.4233837   0.0144242   0.0149214   0.0148430   0.0149950   0.0151902   0.0153627   0.0155019   0.0156144   0.0157114   0.0158049
  82.7167054   0.0164140   0.0166061   0.0162863   0.0160872   0.0159570   0.0158899   0.0158748   0.0158971   0.0159439   0.0160054
  83.0100270   0.0132065   0.0153824   0.0159083   0.0161929   0.0163578   0.0164596   0.0165308   0.0165855   0.0166297   0.0166663
  83.3033487   0.0172369   0.0174408   0.0175707   0.0176224   0.0176429   0.0176465   0.0176341   0.0176074   0.0175704   0.0175280
  83.5966703   0.0199634   0.0198045   0.0194785   0.0191395   0.0188607   0.0186430   0.0184662   0.0183210   0.0182035   0.0181092
  83.8899920   0.0145507   0.0167289   0.0175010   0.0177946   0.0179362   0.0180268   0.0180967   0.0181496   0.0181835   0.0181982
  84.1833136   0.0162131   0.0166706   0.0172158   0.0176040   0.0178655   0.0180382   0.0181481   0.0182142   0.0182507   0.0182683
  84.4766353   0.0218342   0.0214518   0.0204659   0.0197558   0.0192614   0.0189176   0.0186809   0.0185242   0.0184269   0.0183721
  84.7699569   0.0166862   0.0169007   0.0170193   0.0172846   0.0175844   0.0178360   0.0180225   0.0181551   0.0182503   0.0183215
  85.0632786   0.0181942   0.0181263   0.0182279   0.0182750   0.0183014   0.0183419   0.0184057   0.0184832   0.0185613   0.0186310
  85.3566002   0.0202585   0.0196318   0.0197006   0.0196948   0.0196436   0.0195736   0.0194979   0.0194254   0.0193623   0.0193112
  85.6499219   0.0211466   0.0203693   0.0202540   0.0202049   0.0201281   0.0200463   0.0199652   0.0198856   0.0198095   0.0197396
  85.9432435   0.0187423   0.0191272   0.0195020   0.0196429   0.0196927   0.0197158   0.0197342   0.0197508   0.0197626   0.0197673
  86.2365652   0.0183278   0.0189552   0.0192130   0.0193422   0.0194612   0.0195652   0.0196439   0.0197004   0.0197421   0.0197747
  86.5298868   0.0210456   0.0211752   0.0208046   0.0204835   0.0202430   0.0200864   0.0199990   0.0199589   0.0199466   0.0199490
  86.8232085   0.0187358   0.0186589   0.0190023   0.0194421   0.0197813   0.0199921   0.0201057   0.0201594   0.0201810   0.0201884
  87.1165301   0.0243849   0.0226112   0.0218789   0.0213232   0.0209321   0.0206911   0.0205567   0.0204881   0.0204561   0.0204433
  87.4098518   0.0181245   0.0187363   0.0194127   0.0198875   0.0202121   0.0204200   0.0205438   0.0206147   0.0206561   0.0206828
  87.7031734   0.0216264   0.0213134   0.0213586   0.0213027   0.0211806   0.0210866   0.0210406   0.0210288   0.0210340   0.0210456
  87.9964951   0.0180222   0.0204226   0.0211167   0.0213209   0.0214281   0.0214872   0.0215072   0.0215060   0.0214998   0.0214980
  88.2898167   0.0230405   0.0226488   0.0224784   0.0222168   0.0220370   0.0219499   0.0219233   0.0219316   0.0219578   0.0219924
  88.5831384   0.0214058   0.0211804   0.0215527   0.0219034   0.0221595   0.0223473   0.0224855   0.0225892   0.0226698   0.0227341
  88.8764600   0.0234948   0.0237402   0.0241083   0.0241167   0.0240229   0.0239390   0.0238842   0.0238501   0.0238272   0.0238101
  89.1697817   0.0236478   0.0244896   0.0249487   0.0251229   0.0251467   0.0251017   0.0250267   0.0249449   0.0248677   0.0247980
  89.4631033   0.0254230   0.0258159   0.0257186   0.0255640   0.0254733   0.0254465   0.0254454   0.0254399   0.0254174   0.0253770
  89.7564250   0.0254159   0.0250245   0.0253702   0.0256563   0.0257884   0.0258162   0.0257846   0.0257261   0.0256607   0.0255989
  90.0497466   0.0250891   0.0263483   0.0264560   0.0261877   0.0259032   0.0256925   0.0255598   0.0254901   0.0254656   0.0254706
  90.3430683   0.0219326   0.0226277   0.0233368   0.0237950   0.0241930   0.0245582   0.0248717   0.0251277   0.0253326   0.0254969
  90.6363899   0.0249709   0.0257078   0.0261631   0.0262989   0.0263104   0.0262958   0.0262911   0.0263055   0.0263371   0.0263806
  90.9297116   0.0294524   0.0289707   0.0287802   0.0285239   0.0282739   0.0280617   0.0278909   0.0277593   0.0276635   0.0275993
  91.2230332   0.0289254   0.0276447   0.0276979   0.0279014   0.0281201   0.0283019   0.0284301   0.0285120   0.0285608   0.0285886
  91.5163549   0.0306664   0.0301708   0.0300230   0.0298105   0.0296617   0.0295914   0.0295794   0.0296016   0.0296379   0.0296746
  91.8096765   0.0302038   0.0299875   0.0303654   0.0306951   0.0308746   0.0309615   0.0309949   0.0309954   0.0309771   0.0309496
  92.1029982   0.0326705   0.0326596   0.0327738   0.0327555   0.0326357   0.0324848   0.0323421   0.0322181   0.0321122   0.0320219
  92.3963198   0.0333043   0.0332288   0.0329337   0.0327571   0.0326863   0.0326616   0.0326468   0.0326317   0.0326164   0.0326024
  92.6896415   0.0325060   0.0326353   0.0324972   0.0324965   0.0325816   0.0326977   0.0328153   0.0329239   0.0330217   0.0331094
  92.9829631   0.0334649   0.0333930   0.0336244   0.0337949   0.0338514   0.0338767   0.0339144   0.0339719   0.0340442   0.0341263
  93.2762848   0.0329431   0.0344580   0.0350027   0.0352845   0.0354346   0.0355184   0.0355709   0.0356143   0.0356621   0.0357200
  93.5696064   0.0384159   0.0384070   0.0381916   0.0378821   0.0376757   0.0375986   0.0376027   0.0376457   0.0377044   0.0377685
  93.8629281   0.0360789   0.0376162   0.0387177   0.0393647   0.0397478   0.0399661   0.0400879   0.0401596   0.0402088   0.0402497
  94.1562497   0.0477308   0.0447059   0.0441817   0.0437995   0.0434703   0.0432425   0.0431066   0.0430334   0.0429987   0.0429893
  94.4495714   0.0447467   0.0445270   0.0447883   0.0450545   0.0453156   0.0455054   0.0456188   0.0456874   0.0457437   0.0458095
  94.7428930   0.0502808   0.0500073   0.0494861   0.0490098   0.0487220   0.0486171   0.0486504   0.0487766   0.0489679   0.0492233
  95.0362147   0.0509274   0.0496767   0.0504737   0.0513330   0.0520179   0.0525507   0.0530048   0.0534728   0.0540691   0.0549189
  95.3295363   0.0623608   0.0614980   0.0610336   0.0606641   0.0605563   0.0608163   0.0616047   0.0631225   0.0654772   0.0686223
  95.6228580   0.0677690   0.0691316   0.0704822   0.0721059   0.0749204   0.0795265   0.0857001   0.0927849   0.1001220   0.1072229
  95.9161796   0.1007925   0.1080169   0.1225098   0.1390137   0.1535370   0.1651960   0.1741208   0.1806782   0.1852939   0.1883783
  96.2095013   0.4294768   0.4082824   0.3841282   0.3630774   0.3447335   0.3286322   0.3144955   0.3020688   0.2911075   0.2813910
  96.5028229   0.3858285   0.3869755   0.3805119   0.3746020   0.3678324   0.3593379   0.3495069   0.3390661   0.3286011   0.3184773
  96.7961446   0.2747134   0.2749000   0.2762420   0.2794387   0.2837566   0.2880024   0.2913771   0.2934378   0.2940524   0.2933234
  97.0894662   0.2399525   0.2413721   0.2416412   0.2424464   0.2437002   0.2454350   0.2476789   0.2502981   0.2530308   0.2555872
  97.3827879   0.2275117   0.2262321   0.2261971   0.2264527   0.2267770   0.2272472   0.2279279   0.2288742   0.2301226   0.2316598
  97.6761095   0.2102780   0.2139543   0.2153244   0.2159715   0.2164038   0.2168136   0.2172780   0.2178268   0.2184843   0.2192781
  97.9694312   0.2080242   0.2095122   0.2100705   0.2105130   0.2109077   0.2112986   0.2117127   0.2121591   0.2126455   0.2131851
  98.2627528   0.2139219   0.2118424   0.2103859   0.2099926   0.2099441   0.2100226   0.2101764   0.2104039   0.2107110   0.2110980
  98.5560745   0.2115689   0.2116603   0.2107279   0.2104274   0.2104084   0.2105678   0.2108497   0.2112080   0.2116166   0.2120657
  98.8493961   0.2082397   0.2092323   0.2112658   0.2126902   0.2136573   0.2143310   0.2148533   0.2153165   0.2157690   0.2162334
  99.1427178   0.2214343   0.2254992   0.2248517   0.2238016   0.2231438   0.2228669   0.2228509   0.2229988   0.2232536   0.2235899
  99.4360394   0.2315616   0.2301678   0.2301292   0.2308985   0.2316006   0.2321278   0.2325172   0.2328514   0.2332143   0.2336660
  99.7293611   0.2407413   0.2450380   0.2454379   0.2451580   0.2448741   0.2448090   0.2450635   0.2456461   0.2464914   0.2474848
 100.0226827   0.2518297   0.2546082   0.2561261   0.2576224   0.2593905   0.2614609   0.2636045   0.2655325   0.2670148   0.2679226
 100.3160044   0.2878682   0.2899494   0.2936752   0.2968444   0.2987030   0.2991960   0.2983509   0.2963518   0.2934860   0.2900449
 100.6093260   0.3640283   0.3620752   0.3555742   0.3457302   0.3343646   0.3230699   0.3126063   0.3031983   0.2948287   0.2873905
 100.9026477   0.2229764   0.2367394   0.2421192   0.2450565   0.2466892   0.2471719   0.2466995   0.2455193   0.2438570   0.2418913
 101.1959693   0.1519154   0.1508256   0.1505032   0.1527501   0.1573510   0.1629972   0.1687161   0.1739831   0.1785573   0.1823677
 101.4892910   0.1462858   0.1398103   0.1365863   0.1350007   0.1344572   0.1346894   0.1356918   0.1374368   0.1397814   0.1425150
 101.7826126   0.1168338   0.1160504   0.1172763   0.1184778   0.1192193   0.1196518   0.1199792   0.1203576   0.1209130   0.1217318
 102.0759343   0.1043834   0.1060697   0.1069986   0.1074629   0.1076395   0.1077423   0.1078587   0.1079955   0.1081488   0.1083314
 102.3692559   0.0996018   0.0987546   0.0980409   0.0975163   0.0972351   0.0970966   0.0969912   0.0968682   0.0967119   0.0965194
 102.6625776   0.0829406   0.0854674   0.0859559   0.0859205   0.0857254   0.0853995   0.0849658   0.0844477   0.0838636   0.0832351
 102.9558992   0.0728240   0.0713005   0.0708544   0.0703456   0.0697258   0.0689874   0.0681610   0.0673061   0.0664790   0.0657188
 103.2492209   0.0465946   0.0472047   0.0464642   0.0454495   0.0446283   0.0440863   0.0437902   0.0436854   0.0437232   0.0438648
 103.5425425   0.0068139   0.0078245   0.0104638   0.0129943   0.0152104   0.0171784   0.0189554   0.0205784   0.0220741   0.0234629
 103.8358642   0.0064528   0.0062196   0.0062691   0.0063451   0.0066277   0.0072123   0.0080638   0.0091024   0.0102557   0.0114698
 104.1291858   0.0069051   0.0064657   0.0065116   0.0066102   0.0066650   0.0066984   0.0067631   0.0069102   0.0071712   0.0075555
 104.4225075   0.0080462   0.0076665   0.0073404   0.0071837   0.0071118   0.0070640   0.0070184   0.0069758   0.0069498   0.0069603
 104.7158291   0.0084400   0.0078174   0.0073875   0.0071820   0.0070572   0.0069710   0.0069099   0.0068667   0.0068359   0.0068149
 105.0091508   0.0041424   0.0053678   0.0057822   0.0060287   0.0062192   0.0063609   0.0064624   0.0065327   0.0065793   0.0066087
 105.3024724   0.0070976   0.0070061   0.0069056   0.0067915   0.0066845   0.0066079   0.0065599   0.0065317   0.0065163   0.0065096
 105.5957941   0.0064158   0.0063136   0.0064272   0.0064904   0.0065018   0.0064827   0.0064532   0.0064278   0.0064132   0.0064103
 105.8891157   0.0056906   0.0058844   0.0059591   0.0059409   0.0059764   0.0060539   0.0061435   0.0062279   0.0063002   0.0063592
 106.1824374   0.0056273   0.0061690   0.0063328   0.0064214   0.0064803   0.0065232   0.0065545   0.0065778   0.0065967   0.0066132
 106.4757590   0.0074691   0.0074525   0.0075034   0.0074830   0.0073803   0.0072603   0.0071544   0.0070707   0.0070088   0.0069651
 106.7690807   0.0054830   0.0064424   0.0067744   0.0068946   0.0069703   0.0070319   0.0070779   0.0071079   0.0071253   0.0071349
 107.0624023   0.0070261   0.0069949   0.0071161   0.0071475   0.0071634   0.0071893   0.0072244   0.0072638   0.0073030   0.0073389
 107.3557240   0.0070165   0.0075400   0.0076757   0.0077148   0.0077244   0.0077257   0.0077259   0.0077286   0.0077341   0.0077411
 107.6490456   0.0086939   0.0083633   0.0083188   0.0082910   0.0082773   0.0082699   0.0082591   0.0082413   0.0082172   0.0081892
 107.9423673   0.0090790   0.0089115   0.0088418   0.0087976   0.0087440   0.0086809   0.0086157   0.0085534   0.0084962   0.0084451
 108.2356889   0.0084541   0.0085706   0.0085098   0.0084790   0.0084622   0.0084476   0.0084335   0.0084221   0.0084151   0.0084134
 108.5290106   0.0076926   0.0079528   0.0079721   0.0079769   0.0080150   0.0080796   0.0081591   0.0082438   0.0083265   0.0084029
 108.8223322   0.0083716   0.0079808   0.0081266   0.0082903   0.0084307   0.0085454   0.0086380   0.0087143   0.0087780   0.0088312
 109.1156539   0.0103210   0.0103661   0.0103104   0.0101405   0.0099764   0.0098498   0.0097513   0.0096699   0.0096003   0.0095406
 109.4089755   0.0084599   0.0096403   0.0101031   0.0102994   0.0103235   0.0102676   0.0101833   0.0100930   0.0100053   0.0099237
 109.7022972   0.0090344   0.0095475   0.0096389   0.0097040   0.0097515   0.0097879   0.0098143   0.0098293   0.0098325   0.0098256
 109.9956188   0.0111180   0.0102031   0.0097918   0.0095982   0.0095299   0.0095255   0.0095455   0.0095724   0.0096003   0.0096274
 110.2889405   0.0097271   0.0092421   0.0093479   0.0094524   0.0095017   0.0095162   0.0095232   0.0095370   0.0095610   0.0095935
 110.5822621   0.0091029   0.0093231   0.0094042   0.0094614   0.0095219   0.0095844   0.0096484   0.0097089   0.0097616   0.0098054
 110.8755838   0.0117755   0.0107479   0.0103538   0.0102633   0.0102693   0.0102885   0.0102934   0.0102837   0.0102666   0.0102483
 111.1689054   0.0117507   0.0120040   0.0117238   0.0114160   0.0111620   0.0109652   0.0108191   0.0107139   0.0106397   0.0105879
 111.4622271   0.0083809   0.0089135   0.0094816   0.0099107   0.0101955   0.0103858   0.0105160   0.0106047   0.0106629   0.0106984
 111.7555487   0.0105343   0.0108926   0.0109848   0.0109449   0.0109048   0.0108926   0.0108982   0.0109092   0.0109191   0.0109254
 112.0488704   0.0124010   0.0119995   0.0119320   0.0117916   0.0116414   0.0115024   0.0113832   0.0112881   0.0112166   0.0111649
 112.3421920   0.0108531   0.0106555   0.0106583   0.0107855   0.0109169   0.0110229   0.0110956   0.0111391   0.0111631   0.0111773
 112.6355137   0.0105079   0.0113541   0.0113574   0.0112535   0.0111684   0.0111246   0.0111216   0.0111510   0.0112028   0.0112677
 112.9288353   0.0105070   0.0106003   0.0108338   0.0110506   0.0112165   0.0113568   0.0114853   0.0116056   0.0117179   0.0118213
 113.2221570   0.0114831   0.0124257   0.0125696   0.0126590   0.0127500   0.0128294   0.0128909   0.0129344   0.0129640   0.0129852
 113.5154786   0.0162640   0.0161941   0.0157011   0.0153496   0.0150692   0.0148323   0.0146348   0.0144763   0.0143534   0.0142600
 113.8088003   0.0154081   0.0149472   0.0148644   0.0148964   0.0149701   0.0150386   0.0150832   0.0151026   0.0151024   0.0150893
 114.1021219   0.0148495   0.0150857   0.0152854   0.0154289   0.0155087   0.0155734   0.0156384   0.0156984   0.0157457   0.0157758
 114.3954436   0.0155863   0.0161482   0.0165751   0.0167468   0.0167836   0.0167549   0.0167024   0.0166448   0.0165879   0.0165322
 114.6887652   0.0185638   0.0183745   0.0179562   0.0176693   0.0174911   0.0173661   0.0172546   0.0171437   0.0170332   0.0169267
 114.9820869   0.0173896   0.0172522   0.0171545   0.0170323   0.0169469   0.0168823   0.0168245   0.0167707   0.0167207   0.0166747
 115.2754085   0.0137143   0.0148145   0.0153253   0.0155803   0.0157354   0.0158421   0.0159291   0.0160086   0.0160828   0.0161508
 115.5687302   0.0155397   0.0155887   0.0155466   0.0155042   0.0155371   0.0156201   0.0157211   0.0158246   0.0159256   0.0160235
 115.8620518   0.0178053   0.0168180   0.0165861   0.0165202   0.0164698   0.0164359   0.0164238   0.0164342   0.0164657   0.0165155
 116.1553735   0.0157387   0.0164014   0.0168066   0.0170358   0.0171584   0.0172268   0.0172776   0.0173267   0.0173791   0.0174364
 116.4486951   0.0189717   0.0186161   0.0184550   0.0184065   0.0184299   0.0184925   0.0185676   0.0186404   0.0187064   0.0187662
 116.7420168   0.0209055   0.0209254   0.0206984   0.0206040   0.0205565   0.0205178   0.0204853   0.0204640   0.0204551   0.0204564
 117.0353384   0.0215955   0.0224596   0.0223634   0.0222990   0.0222695   0.0222565   0.0222482   0.0222379   0.0222228   0.0222030
 117.3286601   0.0234037   0.0234814   0.0236991   0.0238324   0.0238944   0.0239162   0.0239103   0.0238841   0.0238446   0.0237979
 117.6219818   0.0248269   0.0254258   0.0257206   0.0256918   0.0255583   0.0254150   0.0252934   0.0251983   0.0251263   0.0250711
 117.9153034   0.0254396   0.0251632   0.0253919   0.0255821   0.0257111   0.0258179   0.0259081   0.0259786   0.0260289   0.0260614
 118.2086251   0.0257081   0.0264889   0.0267363   0.0268748   0.0269726   0.0270414   0.0270901   0.0271243   0.0271474   0.0271627
 118.5019467   0.0305289   0.0298436   0.0294014   0.0290873   0.0288563   0.0286782   0.0285385   0.0284357   0.0283683   0.0283312
 118.7952684   0.0286635   0.0288943   0.0289748   0.0289480   0.0289937   0.0290812   0.0291784   0.0292705   0.0293525   0.0294245
 119.0885900   0.0298440   0.0294655   0.0296499   0.0299799   0.0302500   0.0304520   0.0306090   0.0307366   0.0308422   0.0309297
 119.3819117   0.0353077   0.0345277   0.0340389   0.0336872   0.0334227   0.0332332   0.0330986   0.0330041   0.0329401   0.0328996
 119.6752333   0.0336799   0.0342209   0.0347333   0.0348497   0.0348751   0.0348738   0.0348505   0.0348124   0.0347698   0.0347317
 119.9685550   0.0340309   0.0348865   0.0357114   0.0360581   0.0361582   0.0361966   0.0362343   0.0362799   0.0363320   0.0363910
 120.2618766   0.0359669   0.0365994   0.0372579   0.0376291   0.0378118   0.0379285   0.0380400   0.0381697   0.0383220   0.0384930
 120.5551983   0.0409395   0.0411275   0.0408238   0.0406131   0.0406386   0.0408141   0.0410498   0.0413010   0.0415525   0.0418014
 120.8485199   0.0465248   0.0457648   0.0457302   0.0458954   0.0460518   0.0461755   0.0462925   0.0464188   0.0465592   0.0467145
 121.1418416   0.0547267   0.0531943   0.0527487   0.0527396   0.0527451   0.0527157   0.0526826   0.0526704   0.0526898   0.0527448
 121.4351632   0.0604243   0.0604759   0.0596637   0.0591538   0.0589785   0.0589720   0.0590349   0.0591289   0.0592464   0.0593906
 121.7284849   0.0649498   0.0650391   0.0652184   0.0655109   0.0657880   0.0660334   0.0662807   0.0665531   0.0668582   0.0671963
 122.0218065   0.0752233   0.0747556   0.0747647   0.0749794   0.0752794   0.0756230   0.0760104   0.0764441   0.0769176   0.0774176
 122.3151282   0.0886502   0.0894089   0.0889893   0.0887948   0.0889239   0.0892606   0.0896905   0.0901418   0.0905768   0.0909780
 122.6084498   0.1027131   0.1052711   0.1062620   0.1069386   0.1072795   0.1073938   0.1073628   0.1072428   0.1070715   0.1068736
 122.9017715   0.1229120   0.1270603   0.1275445   0.1267862   0.1257532   0.1247291   0.1237817   0.1229167   0.1221279   0.1214093
 123.1950931   0.1315579   0.1323073   0.1328753   0.1330733   0.1331070   0.1330046   0.1327812   0.1324722   0.1321115   0.1317222
 123.4884148   0.1421996   0.1393198   0.1385386   0.1383531   0.1384039   0.1386037   0.1388612   0.1391024   0.1392867   0.1393992
 123.7817364   0.1441286   0.1444218   0.1454354   0.1461927   0.1466220   0.1468401   0.1469736   0.1470868   0.1471986   0.1473059
 124.0750581   0.1642227   0.1586161   0.1574161   0.1568118   0.1564498   0.1562220   0.1560677   0.1559568   0.1558754   0.1558172
 124.3683797   0.1641824   0.1651978   0.1647782   0.1644216   0.1643177   0.1643040   0.1642797   0.1642262   0.1641573   0.1640900
 124.6617014   0.1713124   0.1712861   0.1718493   0.1721194   0.1721052   0.1720114   0.1719454   0.1719306   0.1719603   0.1720251
 124.9550230   0.1746035   0.1763820   0.1774372   0.1782947   0.1788636   0.1792745   0.1796179   0.1799383   0.1802584   0.1805827
 125.2483447   0.1895736   0.1906770   0.1901765   0.1897677   0.1896405   0.1897741   0.1900872   0.1904844   0.1908817   0.1912187
 125.5416663   0.2021724   0.2014086   0.2017700   0.2026188   0.2034173   0.2039690   0.2042048   0.2041473   0.2038554   0.2033903
 125.8349880   0.2225113   0.2258182   0.2254023   0.2235516   0.2213525   0.2191568   0.2170787   0.2151425   0.2133452   0.2116799
 126.1283096   0.2133590   0.2144813   0.2154548   0.2155806   0.2151070   0.2142716   0.2132442   0.2121458   0.2110512   0.2099993
 126.4216313   0.1959397   0.1969863   0.1967913   0.1970221   0.1976971   0.1986294   0.1996155   0.2005206   0.2012793   0.2018719
 126.7149529   0.1847815   0.1884711   0.1896886   0.1907140   0.1917174   0.1926972   0.1936710   0.1946413   0.1955871   0.1964795
 127.0082746   0.1992801   0.1980248   0.1974865   0.1970642   0.1967156   0.1964526   0.1962751   0.1961954   0.1962251   0.1963659
 127.3015962   0.2003279   0.2000482   0.2003212   0.1998512   0.1992874   0.1988183   0.1984470   0.1981653   0.1979743   0.1978769
 127.5949179   0.1877550   0.1915752   0.1947636   0.1963653   0.1972575   0.1978778   0.1983666   0.1987711   0.1991137   0.1994119
 127.8882395   0.1943234   0.1987783   0.2004929   0.2009629   0.2011542   0.2013710   0.2016582   0.2019922   0.2023431   0.2026873
 128.1815612   0.2130617   0.2092648   0.2083114   0.2080805   0.2080127   0.2079946   0.2079937   0.2080069   0.2080269   0.2080325
 128.4748828   0.2146315   0.2162096   0.2154377   0.2150130   0.2148072   0.2146654   0.2144853   0.2141904   0.2137402   0.2131304
 128.7682045   0.2193789   0.2198089   0.2201707   0.2203154   0.2200224   0.2192179   0.2180132   0.2165512   0.2149430   0.2132630
 129.0615261   0.2299382   0.2239544   0.2196385   0.2160609   0.2130097   0.2103838   0.2080741   0.2059904   0.2040718   0.2022780
 129.3548478   0.1744665   0.1732998   0.1752198   0.1772429   0.1787508   0.1797267   0.1802773   0.1805048   0.1804904   0.1802955
 129.6481694   0.1472370   0.1507894   0.1515056   0.1518879   0.1523412   0.1529568   0.1537142   0.1545382   0.1553513   0.1560991
 129.9414911   0.1370182   0.1356367   0.1346072   0.1340984   0.1340242   0.1342038   0.1345264   0.1349603   0.1354955   0.1361119
 130.2348127   0.1171382   0.1173824   0.1181180   0.1185593   0.1188677   0.1191525   0.1194542   0.1197778   0.1201242   0.1204993
 130.5281344   0.1029472   0.1042085   0.1056933   0.1065678   0.1070015   0.1071968   0.1072942   0.1073700   0.1074603   0.1075823
 130.8214560   0.0996466   0.1000129   0.0983192   0.0970895   0.0963735   0.0959877   0.0957923   0.0957091   0.0956984   0.0957402
 131.1147777   0.0817441   0.0822151   0.0820109   0.0824180   0.0829739   0.0834466   0.0838022   0.0840698   0.0842824   0.0844643
 131.4080993   0.0759968   0.0749444   0.0744996   0.0742499   0.0740753   0.0739809   0.0739723   0.0740328   0.0741392   0.0742725
 131.7014210   0.0630044   0.0641424   0.0644633   0.0646118   0.0647055   0.0647766   0.0648401   0.0649037   0.0649728   0.0650496
 131.9947426   0.0537619   0.0553128   0.0556305   0.0558800   0.0560627   0.0561881   0.0562748   0.0563315   0.0563635   0.0563759
 132.2880643   0.0518764   0.0500313   0.0492461   0.0488209   0.0485392   0.0483208   0.0481360   0.0479732   0.0478251   0.0476847
 132.5813859   0.0412240   0.0396020   0.0391057   0.0389139   0.0388179   0.0387283   0.0386129   0.0384647   0.0382900   0.0381016
 132.8747076   0.0280697   0.0277135   0.0278702   0.0279685   0.0279589   0.0278508   0.0276946   0.0275340   0.0273945   0.0272884
 133.1680292   0.0177884   0.0168641   0.0161813   0.0156713   0.0153945   0.0153147   0.0153783   0.0155410   0.0157721   0.0160508
 133.4613509   0.0000006   0.0002442   0.0010708   0.0020800   0.0030419   0.0039206   0.0047268   0.0054772   0.0061854   0.0068610
 133.7546725   0.0000000   0.0000000   0.0000002   0.0000119   0.0000851   0.0002679   0.0005638   0.0009497   0.0013990   0.0018902
 134.0479942   0.0000000   0.0000000   0.0000000   0.0000000   0.0000002   0.0000036   0.0000211   0.0000693   0.0001624   0.0003071
 134.3413158   0.0000000   0.0000000   0.0000000   0.0000000   0.0000000   0.0000000   0.0000002   0.0000020   0.0000090   0.0000278
 134.6346375   0.0000000   0.0000000   0.0000000   0.0000000   0.0000000   0.0000000   0.0000000   0.0000000   0.0000002   0.0000014
 134.9279591   0.0000000   0.0000000   0.0000000   0.0000000   0.0000000   0.0000000   0.0000000   0.0000000   0.0000000   0.0000000
 135.2212808   0.0000000   0.0000000   0.0000000   0.0000000   0.0000000   0.0000000   0.0000000   0.0000000   0.0000000   0.0000000
 135.5146024   0.0000000   0.0000000   0.0000000   0.0000000   0.0000000   0.0000000   0.0000000   0.0000000   0.0000000   0.0000000
 135.8079241   0.0000000   0.0000000   0.0000000   0.0000000   0.0000000   0.0000000   0.0000000   0.0000000   0.0000000   0.0000000
 136.1012457   0.0000000   0.0000000   0.0000000   0.0000000   0.0000000   0.0000000   0.0000000   0.0000000   0.0000000   0.0000000
 136.3945674   0.0000000   0.0000000   0.0000000   0.0000000   0.0000000   0.0000000   0.0000000   0.0000000   0.0000000   0.0000000
 136.6878890   0.0000000   0.0000000   0.0000000   0.0000000   0.0000000   0.0000000   0.0000000   0.0000000   0.0000000   0.0000000
 136.9812107   0.0000000   0.0000000   0.0000000   0.0000000   0.0000000   0.0000000   0.0000000   0.0000000   0.0000000   0.0000000
 137.2745323   0.0000000   0.0000000   0.0000000   0.0000000   0.0000000   0.0000000   0.0000000   0.0000000   0.0000000   0.0000000
 137.5678540   0.0000000   0.0000000   0.0000000   0.0000000   0.0000000   0.0000000   0.0000000   0.0000000   0.0000000   0.0000000
 137.8611756   0.0000000   0.0000000   0.0000000   0.0000000   0.0000000   0.0000000   0.0000000   0.0000000   0.0000000   0.0000000
 138.1544973   0.0000000   0.0000000   0.0000000   0.0000000   0.0000000   0.0000000   0.0000000   0.0000000   0.0000000   0.0000000
 138.4478189   0.0000000   0.0000000   0.0000000   0.0000000   0.0000000   0.0000000   0.0000000   0.0000000   0.0000000   0.0000000
 138.7411406   0.0000000   0.0000000   0.0000000   0.0000000   0.0000000   0.0000000   0.0000000   0.0000000   0.0000000   0.0000000
 139.0344622   0.0000000   0.0000000   0.0000000   0.0000000   0.0000000   0.0000000   0.0000000   0.0000000   0.0000000   0.0000000
 139.3277839   0.0000000   0.0000000   0.0000000   0.0000000   0.0000000   0.0000000   0.0000000   0.0000000   0.0000000   0.0000000
 139.6211055   0.0000000   0.0000000   0.0000000   0.0000000   0.0000000   0.0000000   0.0000000   0.0000000   0.0000000   0.0000000
 139.9144272   0.0000000   0.0000000   0.0000000   0.0000000   0.0000000   0.0000000   0.0000000   0.0000000   0.0000000   0.0000000
 140.2077488   0.0000000   0.0000000   0.0000000   0.0000000   0.0000000   0.0000000   0.0000000   0.0000000   0.0000000   0.0000000
 140.5010705   0.0000000   0.0000000   0.0000000   0.0000000   0.0000000   0.0000000   0.0000000   0.0000000   0.0000000   0.0000000
 140.7943921   0.0000000   0.0000000   0.0000000   0.0000000   0.0000000   0.0000000   0.0000000   0.0000000   0.0000000   0.0000000
 141.0877138   0.0000000   0.0000000   0.0000000   0.0000000   0.0000000   0.0000000   0.0000000   0.0000000   0.0000000   0.0000000
 141.3810354   0.0000000   0.0000000   0.0000000   0.0000000   0.0000000   0.0000000   0.0000000   0.0000000   0.0000000   0.0000000
 141.6743571   0.0000000   0.0000000   0.0000000   0.0000000   0.0000000   0.0000000   0.0000000   0.0000000   0.0000000   0.0000000
 141.9676787   0.0000000   0.0000000   0.0000000   0.0000000   0.0000000   0.0000000   0.0000000   0.0000000   0.0000000   0.0000000
 142.2610004   0.0000000   0.0000000   0.0000000   0.0000000   0.0000000   0.0000000   0.0000000   0.0000000   0.0000000   0.0000000
 142.5543220   0.0000000   0.0000000   0.0000000   0.0000000   0.0000000   0.0000000   0.0000000   0.0000000   0.0000000   0.0000000
 142.8476437   0.0000000   0.0000000   0.0000000   0.0000000   0.0000000   0.0000000   0.0000000   0.0000000   0.0000000   0.0000000
 143.1409653   0.0000000   0.0000000   0.0000000   0.0000000   0.0000000   0.0000000   0.0000000   0.0000000   0.0000000   0.0000000
 143.4342870   0.0000000   0.0000000   0.0000000   0.0000000   0.0000000   0.0000000   0.0000000   0.0000000   0.0000000   0.0000000
 143.7276086   0.0000000   0.0000000   0.0000000   0.0000000   0.0000000   0.0000000   0.0000000   0.0000000   0.0000000   0.0000000
 144.0209303   0.0000000   0.0000000   0.0000000   0.0000000   0.0000000   0.0000000   0.0000000   0.0000000   0.0000000   0.0000000
 144.3142519   0.0000000   0.0000000   0.0000000   0.0000000   0.0000000   0.0000000   0.0000000   0.0000000   0.0000000   0.0000000
 144.6075736   0.0000000   0.0000000   0.0000000   0.0000000   0.0000000   0.0000000   0.0000000   0.0000000   0.0000000   0.0000000
 144.9008952   0.0000000   0.0000000   0.0000000   0.0000000   0.0000000   0.0000000   0.0000000   0.0000000   0.0000000   0.0000000
 145.1942169   0.0000000   0.0000000   0.0000000   0.0000000   0.0000000   0.0000000   0.0000000   0.0000000   0.0000000   0.0000000
 145.4875385   0.0000000   0.0000000   0.0000000   0.0000000   0.0000000   0.0000000   0.0000000   0.0000000   0.0000000   0.0000000
 145.7808602   0.0000000   0.0000000   0.0000000   0.0000000   0.0000000   0.0000000   0.0000000   0.0000000   0.0000000   0.0000000
 146.0741818   0.0000000   0.0000000   0.0000000   0.0000000   0.0000000   0.0000000   0.0000000   0.0000000   0.0000000   0.0000000
 146.3675035   0.0000000   0.0000000   0.0000000   0.0000000   0.0000000   0.0000000   0.0000000   0.0000000   0.0000000   0.0000000
 146.6608251   0.0000000   0.0000000   0.0000000   0.0000000   0.0000000   0.0000000   0.0000000   0.0000000   0.0000000   0.0000000
