   0.2955406   0.0000000   0.0000000   0.0000081   0.0000787   0.0002457   0.0004863   0.0007687   0.0010692   0.0013737   0.0016745
   0.5910811   0.0015421   0.0024320   0.0028860   0.0032715   0.0036213   0.0039324   0.0042123   0.0044707   0.0047140   0.0049462
   0.8866217   0.0124641   0.0113810   0.0109180   0.0105943   0.0103084   0.0100814   0.0099153   0.0098001   0.0097262   0.0096866
   1.1821622   0.0135662   0.0143131   0.0146343   0.0147985   0.0148464   0.0148086   0.0147194   0.0146052   0.0144848   0.0143717
   1.4777028   0.0181941   0.0187930   0.0186783   0.0185591   0.0184993   0.0184712   0.0184533   0.0184405   0.0184312   0.0184242
   1.7732434   0.0205558   0.0221296   0.0221768   0.0219923   0.0219287   0.0219800   0.0220854   0.0222066   0.0223288   0.0224475
   2.0687839   0.0242541   0.0242476   0.0253544   0.0261058   0.0264872   0.0266844   0.0268215   0.0269503   0.0270831   0.0272191
   2.3643245   0.0339753   0.0329141   0.0327648   0.0326651   0.0326377   0.0326638   0.0327128   0.0327687   0.0328270   0.0328883
   2.6598651   0.0435697   0.0411636   0.0400800   0.0395783   0.0393226   0.0391907   0.0391131   0.0390588   0.0390181   0.0389902
   2.9554056   0.0419447   0.0436372   0.0443229   0.0447871   0.0450199   0.0450846   0.0450737   0.0450441   0.0450193   0.0450059
   3.2509462   0.0521743   0.0515462   0.0511285   0.0508227   0.0506903   0.0506885   0.0507551   0.0508450   0.0509355   0.0510187
   3.5464867   0.0555689   0.0566275   0.0566383   0.0567915   0.0569920   0.0571531   0.0572718   0.0573654   0.0574470   0.0575235
   3.8420273   0.0657693   0.0661243   0.0653430   0.0649826   0.0647875   0.0646595   0.0645731   0.0645233   0.0645082   0.0645239
   4.1375679   0.0707534   0.0714846   0.0715338   0.0714633   0.0714332   0.0714608   0.0715296   0.0716188   0.0717147   0.0718120
   4.4331084   0.0752580   0.0766062   0.0774994   0.0782313   0.0787509   0.0790925   0.0793228   0.0794904   0.0796267   0.0797514
   4.7286490   0.0939614   0.0921058   0.0904527   0.0895776   0.0890228   0.0886693   0.0884779   0.0884112   0.0884324   0.0885101
   5.0241895   0.0988157   0.0962630   0.0956931   0.0959828   0.0964865   0.0969619   0.0973480   0.0976409   0.0978567   0.0980150
   5.3197301   0.1102786   0.1093582   0.1090076   0.1089216   0.1088311   0.1087101   0.1085875   0.1084746   0.1083716   0.1082761
   5.6152707   0.1218413   0.1209887   0.1206803   0.1201945   0.1197138   0.1192573   0.1188483   0.1184981   0.1182019   0.1179496
   5.9108112   0.1287057   0.1258963   0.1253267   0.1253459   0.1256315   0.1259370   0.1261434   0.1262369   0.1262460   0.1262052
   6.2063518   0.1369051   0.1360635   0.1355509   0.1350051   0.1345110   0.1341610   0.1339720   0.1339159   0.1339466   0.1340206
   6.5018923   0.1318468   0.1361250   0.1383900   0.1396714   0.1405394   0.1411679   0.1416315   0.1419731   0.1422248   0.1424127
   6.7974329   0.1544737   0.1532582   0.1530907   0.1527832   0.1524617   0.1522178   0.1520400   0.1519053   0.1518028   0.1517299
   7.0929735   0.1665378   0.1634240   0.1629581   0.1625798   0.1621420   0.1617120   0.1613457   0.1610677   0.1608816   0.1607786
   7.3885140   0.1684236   0.1659516   0.1658131   0.1664926   0.1672281   0.1678711   0.1684239   0.1688965   0.1692973   0.1696341
   7.6840546   0.1824212   0.1809078   0.1794056   0.1789732   0.1790090   0.1792240   0.1795145   0.1798191   0.1800913   0.1803020
   7.9795952   0.1961692   0.1957617   0.1947940   0.1942628   0.1939848   0.1937012   0.1933184   0.1928526   0.1923478   0.1918366
   8.2751357   0.2052722   0.2072002   0.2073111   0.2063275   0.2050709   0.2038538   0.2027636   0.2017882   0.2008943   0.2000567
   8.5706763   0.1965741   0.1978792   0.2001067   0.2019575   0.2030682   0.2036112   0.2037736   0.2036828   0.2034218   0.2030478
   8.8662168   0.2111616   0.2093676   0.2068827   0.2051564   0.2041606   0.2036318   0.2033622   0.2032195   0.2031269   0.2030432
   9.1617574   0.2039142   0.2021812   0.2012785   0.2012523   0.2015113   0.2017545   0.2019299   0.2020749   0.2022299   0.2024177
   9.4572980   0.1995864   0.2003768   0.2006167   0.2008534   0.2010994   0.2013888   0.2017547   0.2022056   0.2027306   0.2033116
   9.7528385   0.2010157   0.2024529   0.2035331   0.2040019   0.2044628   0.2050892   0.2058474   0.2066692   0.2075005   0.2083071
  10.0483791   0.2054408   0.2107557   0.2135299   0.2150960   0.2161294   0.2168707   0.2174074   0.2177976   0.2180910   0.2183268
  10.3439196   0.2398905   0.2387816   0.2375883   0.2361971   0.2346736   0.2332782   0.2320998   0.2311297   0.2303358   0.2296860
  10.6394602   0.2367155   0.2371289   0.2376768   0.2383372   0.2387126   0.2388017   0.2386689   0.2383858   0.2380122   0.2375916
  10.9350008   0.2378122   0.2421180   0.2422953   0.2420380   0.2420041   0.2421539   0.2423512   0.2425100   0.2425948   0.2426017
  11.2305413   0.2424918   0.2466658   0.2477733   0.2478693   0.2477011   0.2474763   0.2472872   0.2471770   0.2471472   0.2471762
  11.5260819   0.2479878   0.2493363   0.2501515   0.2505346   0.2508642   0.2511835   0.2514805   0.2517432   0.2519692   0.2521648
  11.8216224   0.2594341   0.2584133   0.2575906   0.2574499   0.2575752   0.2577535   0.2579188   0.2580588   0.2581785   0.2582853
  12.1171630   0.2754293   0.2699926   0.2677224   0.2668600   0.2663191   0.2658772   0.2655380   0.2653026   0.2651498   0.2650547
  12.4127036   0.2733428   0.2710784   0.2700900   0.2702037   0.2706628   0.2710701   0.2713306   0.2714545   0.2714869   0.2714761
  12.7082441   0.2877591   0.2824524   0.2804510   0.2793973   0.2787032   0.2782015   0.2778801   0.2777265   0.2777053   0.2777748
  13.0037847   0.2832331   0.2816130   0.2812738   0.2816260   0.2822436   0.2828938   0.2835010   0.2840431   0.2845167   0.2849238
  13.2993253   0.2948246   0.2924362   0.2922188   0.2925927   0.2930368   0.2934415   0.2937804   0.2940387   0.2942134   0.2943130
  13.5948658   0.3051033   0.3098884   0.3097943   0.3090166   0.3080632   0.3070758   0.3061353   0.3052906   0.3045559   0.3039238
  13.8904064   0.3065481   0.3116981   0.3127234   0.3123015   0.3119021   0.3115759   0.3112331   0.3108438   0.3104189   0.3099838
  14.1859469   0.3123253   0.3104088   0.3109746   0.3116015   0.3120746   0.3124340   0.3127116   0.3129336   0.3131176   0.3132766
  14.4814875   0.3182014   0.3165887   0.3159196   0.3157391   0.3156964   0.3157879   0.3160416   0.3164390   0.3169443   0.3175211
  14.7770281   0.3249543   0.3206830   0.3199637   0.3205965   0.3214968   0.3224082   0.3232988   0.3241686   0.3250235   0.3258730
  15.0725686   0.3391666   0.3388997   0.3378012   0.3374562   0.3375923   0.3378999   0.3382813   0.3387295   0.3392569   0.3398672
  15.3681092   0.3667188   0.3614994   0.3594164   0.3584134   0.3578047   0.3574992   0.3574706   0.3576619   0.3580003   0.3584237
  15.6636497   0.3677816   0.3703441   0.3726543   0.3747558   0.3765625   0.3779540   0.3789189   0.3795336   0.3798951   0.3800796
  15.9591903   0.4086606   0.4130937   0.4125233   0.4103556   0.4081341   0.4063416   0.4049819   0.4039049   0.4029571   0.4020238
  16.2547309   0.4191266   0.4160249   0.4188240   0.4214004   0.4225918   0.4226970   0.4220421   0.4208441   0.4192591   0.4174068
  16.5502714   0.4396071   0.4401377   0.4375056   0.4348166   0.4321882   0.4296106   0.4270425   0.4244595   0.4218687   0.4192952
  16.8458120   0.4194798   0.4191909   0.4168864   0.4145511   0.4124864   0.4106147   0.4088833   0.4072901   0.4058355   0.4045100
  17.1413525   0.3564913   0.3632649   0.3667381   0.3696666   0.3723739   0.3747712   0.3768624   0.3786961   0.3803218   0.3817742
  17.4368931   0.3629166   0.3582185   0.3570691   0.3568484   0.3574392   0.3587254   0.3605782   0.3627991   0.3651702   0.3675141
  17.7324337   0.3627221   0.3593246   0.3584937   0.3597101   0.3616671   0.3635167   0.3649826   0.3660963   0.3669745   0.3677232
  18.0279742   0.4017520   0.3969925   0.3926625   0.3883492   0.3845562   0.3812733   0.3784597   0.3760766   0.3740847   0.3724493
  18.3235148   0.3683590   0.3699774   0.3718883   0.3731007   0.3732426   0.3726838   0.3717792   0.3707423   0.3696928   0.3686978
  18.6190554   0.3502088   0.3477363   0.3488901   0.3505865   0.3522870   0.3539958   0.3556070   0.3570078   0.3581463   0.3590195
  18.9145959   0.3465266   0.3501295   0.3508904   0.3507446   0.3506500   0.3508362   0.3512930   0.3519366   0.3526623   0.3533749
  19.2101365   0.3474169   0.3501941   0.3517700   0.3527214   0.3532224   0.3533481   0.3531661   0.3527883   0.3523270   0.3518663
  19.5056770   0.3621021   0.3610114   0.3592395   0.3570045   0.3547940   0.3528626   0.3512257   0.3498381   0.3486586   0.3476601
  19.8012176   0.3235975   0.3303404   0.3335276   0.3353277   0.3364305   0.3371089   0.3375210   0.3377727   0.3379287   0.3380297
  20.0967582   0.3162302   0.3213079   0.3223471   0.3228485   0.3235854   0.3245867   0.3257016   0.3268139   0.3278770   0.3288894
  20.3922987   0.3267713   0.3234249   0.3233997   0.3234986   0.3234679   0.3234947   0.3237426   0.3242817   0.3251128   0.3261972
  20.6878393   0.3245569   0.3229906   0.3228515   0.3236908   0.3248386   0.3260956   0.3274525   0.3289141   0.3304671   0.3320921
  20.9833798   0.3435547   0.3419128   0.3402246   0.3401212   0.3412320   0.3428362   0.3445254   0.3461508   0.3476758   0.3490995
  21.2789204   0.3813681   0.3801778   0.3792046   0.3782538   0.3773030   0.3765003   0.3758882   0.3754349   0.3751038   0.3748749
  21.5744610   0.4045609   0.4001578   0.4032169   0.4053021   0.4055691   0.4048052   0.4035965   0.4022613   0.4009711   0.3998119
  21.8700015   0.4171544   0.4231134   0.4236314   0.4221501   0.4207297   0.4197895   0.4192305   0.4188739   0.4185743   0.4182339
  22.1655421   0.4149672   0.4204435   0.4236000   0.4259838   0.4283542   0.4304647   0.4320779   0.4331330   0.4336608   0.4337264
  22.4610826   0.4704927   0.4623483   0.4607079   0.4590972   0.4570869   0.4549436   0.4528021   0.4507320   0.4487599   0.4468906
  22.7566232   0.4573588   0.4655466   0.4663163   0.4639543   0.4610039   0.4580481   0.4552513   0.4526928   0.4504096   0.4484029
  23.0521638   0.4198312   0.4230382   0.4266870   0.4295620   0.4318896   0.4338798   0.4355337   0.4368314   0.4377899   0.4384572
  23.3477043   0.4218761   0.4192091   0.4203931   0.4219168   0.4233341   0.4248224   0.4264229   0.4280793   0.4297151   0.4312697
  23.6432449   0.4343998   0.4347556   0.4341926   0.4333234   0.4326882   0.4323237   0.4322152   0.4323804   0.4328267   0.4335290
  23.9387855   0.4380401   0.4391144   0.4395868   0.4395375   0.4396146   0.4398789   0.4402710   0.4407483   0.4412917   0.4418884
  24.2343260   0.4470099   0.4449723   0.4469403   0.4490679   0.4506364   0.4518316   0.4528054   0.4535834   0.4541375   0.4544438
  24.5298666   0.4784139   0.4763306   0.4752253   0.4743058   0.4735702   0.4727668   0.4717424   0.4704631   0.4689517   0.4672513
  24.8254071   0.4969065   0.4972310   0.4938319   0.4898758   0.4860156   0.4822574   0.4785244   0.4748331   0.4712475   0.4678295
  25.1209477   0.4440636   0.4523082   0.4558111   0.4565026   0.4557071   0.4542042   0.4524459   0.4506576   0.4489320   0.4472980
  25.4164883   0.3894824   0.3977670   0.4008835   0.4031503   0.4054556   0.4079316   0.4104299   0.4127791   0.4148654   0.4166349
  25.7120288   0.3788200   0.3801066   0.3809237   0.3823412   0.3842960   0.3865488   0.3888702   0.3911408   0.3933050   0.3953288
  26.0075694   0.3951177   0.3931418   0.3924460   0.3913513   0.3899159   0.3885226   0.3874078   0.3866587   0.3862768   0.3862247
  26.3031099   0.3782678   0.3791985   0.3805640   0.3810469   0.3810677   0.3807810   0.3803021   0.3797428   0.3792027   0.3787581
  26.5986505   0.3714949   0.3685454   0.3676368   0.3672603   0.3672567   0.3675876   0.3680708   0.3685629   0.3690046   0.3693948
  26.8941911   0.3510140   0.3525995   0.3557631   0.3577786   0.3588798   0.3595648   0.3601633   0.3608207   0.3615786   0.3624372
  27.1897316   0.3545413   0.3561550   0.3566536   0.3567682   0.3570678   0.3576185   0.3583825   0.3593379   0.3604793   0.3618023
  27.4852722   0.3663014   0.3644189   0.3630253   0.3626160   0.3631420   0.3642408   0.3656703   0.3673260   0.3691563   0.3711178
  27.7808127   0.3837934   0.3796666   0.3807683   0.3826747   0.3845506   0.3864224   0.3883382   0.3902769   0.3921862   0.3940228
  28.0763533   0.4111318   0.4231056   0.4259007   0.4269568   0.4276554   0.4281162   0.4283712   0.4284672   0.4284555   0.4283793
  28.3718939   0.4940053   0.4849969   0.4811111   0.4777043   0.4744822   0.4715501   0.4688687   0.4663964   0.4641101   0.4619968
  28.6674344   0.4835132   0.4860752   0.4885972   0.4896455   0.4896612   0.4889748   0.4878015   0.4863049   0.4846135   0.4828241
  28.9629750   0.4819604   0.4912089   0.4931563   0.4933099   0.4930488   0.4927917   0.4925823   0.4923585   0.4920496   0.4916035
  29.2585156   0.4889761   0.4913018   0.4926489   0.4933534   0.4939706   0.4946251   0.4952510   0.4957645   0.4961095   0.4962568
  29.5540561   0.5056671   0.5016850   0.5015171   0.5021017   0.5024776   0.5024558   0.5021301   0.5016297   0.5010378   0.5003862
  29.8495967   0.5263681   0.5208883   0.5151538   0.5111145   0.5081765   0.5059455   0.5041585   0.5026192   0.5011889   0.4997779
  30.1451372   0.4841236   0.4855348   0.4879113   0.4903906   0.4921246   0.4929477   0.4929482   0.4922812   0.4911210   0.4896320
  30.4406778   0.4924249   0.4861682   0.4842520   0.4820874   0.4793665   0.4765950   0.4740655   0.4718536   0.4699334   0.4682475
  30.7362184   0.4265895   0.4359574   0.4368299   0.4363230   0.4360970   0.4361308   0.4362951   0.4365168   0.4367561   0.4369806
  31.0317589   0.3878772   0.3865685   0.3879000   0.3909972   0.3944317   0.3977007   0.4006210   0.4031179   0.4051917   0.4068958
  31.3272995   0.3997190   0.3953543   0.3913518   0.3894824   0.3881117   0.3869255   0.3860622   0.3856219   0.3856095   0.3859756
  31.6228400   0.3911486   0.3801270   0.3743777   0.3714384   0.3699653   0.3691790   0.3687985   0.3687593   0.3690620   0.3697103
  31.9183806   0.3409725   0.3384872   0.3401787   0.3428505   0.3460055   0.3491437   0.3521163   0.3549158   0.3575645   0.3600971
  32.2139212   0.3578144   0.3555818   0.3556650   0.3560310   0.3569024   0.3582554   0.3600077   0.3620581   0.3643119   0.3666906
  32.5094617   0.3890409   0.3856146   0.3858593   0.3861524   0.3863508   0.3865884   0.3869761   0.3875903   0.3884303   0.3894193
  32.8050023   0.4166224   0.4166488   0.4183459   0.4189305   0.4192408   0.4196902   0.4201267   0.4202470   0.4198743   0.4189923
  33.1005428   0.4423937   0.4492769   0.4542436   0.4575376   0.4582094   0.4565009   0.4532012   0.4490068   0.4443972   0.4396766
  33.3960834   0.5319411   0.5116794   0.4914069   0.4759079   0.4640854   0.4546346   0.4468267   0.4402463   0.4346019   0.4296703
  33.6916240   0.3741366   0.3643944   0.3636746   0.3684678   0.3747471   0.3803678   0.3846873   0.3877387   0.3897522   0.3909662
  33.9871645   0.3319444   0.3338400   0.3365303   0.3389453   0.3411447   0.3435781   0.3464759   0.3496816   0.3529149   0.3559558
  34.2827051   0.3389892   0.3394140   0.3396338   0.3393260   0.3386642   0.3379984   0.3375548   0.3374910   0.3379138   0.3388503
  34.5782457   0.3345478   0.3321801   0.3309074   0.3301405   0.3295757   0.3292664   0.3292553   0.3295688   0.3302309   0.3312564
  34.8737862   0.3078311   0.3119198   0.3138231   0.3161983   0.3189304   0.3217885   0.3246867   0.3275639   0.3303502   0.3329821
  35.1693268   0.3438278   0.3399651   0.3389120   0.3396940   0.3414412   0.3435718   0.3457405   0.3477208   0.3493919   0.3507286
  35.4648673   0.4004081   0.3968031   0.3935234   0.3915252   0.3894481   0.3868290   0.3838096   0.3807052   0.3777798   0.3751935
  35.7604079   0.4262687   0.4241096   0.4172030   0.4099651   0.4037378   0.3985028   0.3941689   0.3906305   0.3877711   0.3854663
  36.0559485   0.3476671   0.3455189   0.3508986   0.3581017   0.3646717   0.3702966   0.3749904   0.3787557   0.3816058   0.3835953
  36.3514890   0.3766550   0.3789860   0.3800820   0.3816528   0.3834837   0.3852946   0.3869037   0.3881638   0.3889983   0.3893977
  36.6470296   0.4592981   0.4468014   0.4374218   0.4295195   0.4221661   0.4152705   0.4090001   0.4035071   0.3988447   0.3949810
  36.9425701   0.3893603   0.3865167   0.3855299   0.3855877   0.3856601   0.3852168   0.3842360   0.3829068   0.3814818   0.3801912
  37.2381107   0.3397670   0.3345673   0.3350273   0.3372299   0.3399517   0.3431575   0.3468261   0.3508050   0.3549079   0.3589949
  37.5336513   0.3152828   0.3220198   0.3256241   0.3296252   0.3344626   0.3398917   0.3456991   0.3517470   0.3579377   0.3641760
  37.8291918   0.3912465   0.3908453   0.3915386   0.3926524   0.3942549   0.3964567   0.3992445   0.4025477   0.4062505   0.4101911
  38.1247324   0.4717076   0.4807430   0.4826669   0.4832198   0.4834663   0.4835880   0.4837000   0.4836923   0.4833787   0.4826514
  38.4202730   0.5878528   0.5824524   0.5766799   0.5748418   0.5740229   0.5717938   0.5675762   0.5617204   0.5547997   0.5473292
  38.7158135   0.7357605   0.6959687   0.6659591   0.6434021   0.6248946   0.6089590   0.5949981   0.5826307   0.5715306   0.5614231
  39.0113541   0.4751993   0.4799710   0.4893195   0.5001764   0.5083678   0.5133769   0.5158998   0.5165998   0.5159555   0.5143103
  39.3068946   0.4247536   0.4237147   0.4246699   0.4265029   0.4295453   0.4337443   0.4385278   0.4432478   0.4474670   0.4509762
  39.6024352   0.4112290   0.4100901   0.4090042   0.4070762   0.4050610   0.4034804   0.4026484   0.4027231   0.4036866   0.4053808
  39.8979758   0.3565743   0.3589084   0.3621924   0.3648727   0.3669335   0.3686052   0.3700575   0.3714451   0.3729306   0.3746597
  40.1935163   0.3366006   0.3422893   0.3439358   0.3447743   0.3459555   0.3476817   0.3498422   0.3523042   0.3549654   0.3577493
  40.4890569   0.3409279   0.3419162   0.3446415   0.3465328   0.3482077   0.3501448   0.3523813   0.3548110   0.3573027   0.3597341
  40.7845974   0.3589020   0.3639306   0.3692629   0.3728319   0.3749636   0.3763012   0.3770794   0.3773599   0.3772035   0.3766998
  41.0801380   0.4205930   0.4217676   0.4205204   0.4172705   0.4128962   0.4080020   0.4029366   0.3979224   0.3931034   0.3885669
  41.3756786   0.4070813   0.4069460   0.4024491   0.3974561   0.3928082   0.3884469   0.3842531   0.3802241   0.3763992   0.3728126
  41.6712191   0.3066405   0.3130790   0.3170914   0.3206123   0.3241078   0.3272956   0.3300141   0.3322211   0.3339308   0.3351881
  41.9667597   0.2852268   0.2846174   0.2852519   0.2868531   0.2888768   0.2913030   0.2940828   0.2970783   0.3001236   0.3030772
  42.2623002   0.2889993   0.2857676   0.2844136   0.2840122   0.2841837   0.2846706   0.2853985   0.2863817   0.2876326   0.2891296
  42.5578408   0.2887493   0.2889446   0.2880883   0.2872650   0.2867361   0.2864258   0.2862485   0.2861824   0.2862472   0.2864764
  42.8533814   0.2793071   0.2823518   0.2851493   0.2863911   0.2868184   0.2868806   0.2868158   0.2867352   0.2866887   0.2867049
  43.1489219   0.2862231   0.2846381   0.2857653   0.2861439   0.2862519   0.2864290   0.2866869   0.2869874   0.2873101   0.2876502
  43.4444625   0.2796503   0.2848298   0.2872957   0.2880230   0.2884169   0.2888461   0.2893326   0.2898587   0.2904132   0.2909892
  43.7400031   0.2871110   0.2923184   0.2943637   0.2953962   0.2959595   0.2963762   0.2967805   0.2972220   0.2977136   0.2982546
  44.0355436   0.3059652   0.3084581   0.3081838   0.3079949   0.3079523   0.3080745   0.3083077   0.3086157   0.3089865   0.3094110
  44.3310842   0.3149935   0.3204416   0.3216872   0.3220759   0.3222845   0.3225044   0.3227784   0.3230884   0.3233929   0.3236529
  44.6266247   0.3357167   0.3366930   0.3378532   0.3388044   0.3395029   0.3399384   0.3400923   0.3399773   0.3396365   0.3391238
  44.9221653   0.3657546   0.3660742   0.3639971   0.3618898   0.3597731   0.3576690   0.3556526   0.3537613   0.3519927   0.3503266
  45.2177059   0.3651682   0.3602387   0.3580892   0.3570990   0.3563756   0.3555965   0.3546609   0.3535705   0.3523704   0.3511132
  45.5132464   0.3400395   0.3413703   0.3421424   0.3426850   0.3430770   0.3433444   0.3435093   0.3435856   0.3435777   0.3434867
  45.8087870   0.3243984   0.3301366   0.3316645   0.3319495   0.3320671   0.3323403   0.3328028   0.3333937   0.3340414   0.3346878
  46.1043275   0.3230814   0.3206396   0.3224685   0.3242436   0.3256321   0.3267473   0.3276718   0.3284679   0.3291878   0.3298679
  46.3998681   0.3362075   0.3342476   0.3327120   0.3314000   0.3304334   0.3297567   0.3293589   0.3292027   0.3292289   0.3293827
  46.6954087   0.3418921   0.3325049   0.3295238   0.3290717   0.3294774   0.3299530   0.3302731   0.3304388   0.3305094   0.3305397
  46.9909492   0.3464081   0.3391332   0.3353638   0.3338348   0.3330531   0.3325746   0.3322818   0.3321021   0.3319731   0.3318512
  47.2864898   0.3272121   0.3298820   0.3310969   0.3320811   0.3326697   0.3329169   0.3329338   0.3327957   0.3325557   0.3322528
  47.5820303   0.3318202   0.3334521   0.3340652   0.3338148   0.3332367   0.3325929   0.3319766   0.3314067   0.3308814   0.3303958
  47.8775709   0.3297201   0.3275851   0.3272637   0.3268530   0.3265113   0.3262580   0.3260539   0.3258798   0.3257265   0.3255841
  48.1731115   0.3148622   0.3150857   0.3158401   0.3165812   0.3173203   0.3180256   0.3186480   0.3191565   0.3195500   0.3198487
  48.4686520   0.3170103   0.3156419   0.3156038   0.3157902   0.3157712   0.3156079   0.3154533   0.3153926   0.3154432   0.3155884
  48.7641926   0.3186799   0.3160776   0.3137472   0.3125298   0.3120200   0.3119200   0.3120261   0.3122300   0.3124850   0.3127716
  49.0597332   0.3017594   0.3048941   0.3067024   0.3079145   0.3090151   0.3099153   0.3106243   0.3111873   0.3116358   0.3119923
  49.3552737   0.3244263   0.3181641   0.3164657   0.3155240   0.3148289   0.3143054   0.3138919   0.3135532   0.3132791   0.3130703
  49.6508143   0.3180056   0.3162689   0.3164298   0.3161678   0.3155733   0.3149140   0.3143167   0.3138296   0.3134734   0.3132546
  49.9463548   0.2997602   0.3030001   0.3059541   0.3077918   0.3089922   0.3099138   0.3107207   0.3114812   0.3122200   0.3129456
  50.2418954   0.3093922   0.3106747   0.3113478   0.3114072   0.3118541   0.3127325   0.3138403   0.3150256   0.3162142   0.3173788
  50.5374360   0.3190794   0.3234104   0.3254116   0.3264185   0.3269726   0.3273369   0.3276705   0.3280839   0.3286250   0.3292979
  50.8329765   0.3460259   0.3466436   0.3465895   0.3460562   0.3456074   0.3454418   0.3455032   0.3457144   0.3460482   0.3465154
  51.1285171   0.3567228   0.3585115   0.3612709   0.3631194   0.3642324   0.3649723   0.3655838   0.3662245   0.3669897   0.3679356
  51.4240576   0.3870440   0.3891026   0.3899769   0.3897388   0.3898323   0.3904773   0.3915939   0.3931154   0.3949741   0.3970810
  51.7195982   0.4134282   0.4190464   0.4220106   0.4240424   0.4263320   0.4291530   0.4322929   0.4354692   0.4384856   0.4412200
  52.0151388   0.4779411   0.4832726   0.4892208   0.4947869   0.4983059   0.5002545   0.5012683   0.5016749   0.5015391   0.5008151
  52.3106793   0.6198754   0.6103737   0.6005553   0.5917227   0.5845609   0.5784238   0.5723793   0.5658678   0.5587527   0.5511373
  52.6062199   0.6014187   0.6085922   0.6117424   0.6098660   0.6037372   0.5945376   0.5835901   0.5719379   0.5602388   0.5488545
  52.9017604   0.5262627   0.5253223   0.5176236   0.5092694   0.5016615   0.4950978   0.4894243   0.4843275   0.4795266   0.4748434
  53.1973010   0.3062612   0.3063135   0.3116649   0.3208779   0.3315501   0.3418670   0.3509612   0.3586305   0.3649595   0.3701008
  53.4928416   0.2782813   0.2742331   0.2727744   0.2720693   0.2723546   0.2740048   0.2771169   0.2814252   0.2864877   0.2918747
  53.7883821   0.2350589   0.2375385   0.2395294   0.2411314   0.2425279   0.2437202   0.2447965   0.2459489   0.2473810   0.2492194
  54.0839227   0.2242012   0.2267958   0.2268205   0.2260887   0.2250653   0.2240622   0.2232010   0.2225148   0.2220299   0.2217943
  54.3794633   0.1942206   0.1975742   0.1975378   0.1973431   0.1969484   0.1964562   0.1959678   0.1955430   0.1952161   0.1950085
  54.6750038   0.1607123   0.1614372   0.1613155   0.1619528   0.1629864   0.1640968   0.1651552   0.1661275   0.1670152   0.1678334
  54.9705444   0.1482967   0.1438594   0.1420662   0.1414795   0.1415592   0.1420481   0.1427890   0.1436863   0.1446760   0.1457102
  55.2660849   0.1213872   0.1244699   0.1260949   0.1271524   0.1278379   0.1283432   0.1288132   0.1293193   0.1298787   0.1304763
  55.5616255   0.1151447   0.1179059   0.1188837   0.1192281   0.1193320   0.1194218   0.1195090   0.1195344   0.1194549   0.1192612
  55.8571661   0.1109131   0.1116640   0.1123217   0.1123707   0.1120091   0.1112634   0.1101997   0.1089167   0.1075081   0.1060512
  56.1527066   0.1039653   0.1027560   0.0995520   0.0964038   0.0936512   0.0911729   0.0888965   0.0868191   0.0849518   0.0832979
  56.4482472   0.0483468   0.0472754   0.0473540   0.0478022   0.0483921   0.0489988   0.0495752   0.0501137   0.0506183   0.0510953
  56.7437877   0.0000570   0.0017805   0.0045768   0.0073183   0.0099193   0.0124617   0.0149662   0.0173980   0.0197155   0.0218919
  57.0393283   0.0000000   0.0000000   0.0000021   0.0000626   0.0003433   0.0009470   0.0018672   0.0030539   0.0044488   0.0059929
  57.3348689   0.0000000   0.0000000   0.0000000   0.0000000   0.0000011   0.0000148   0.0000761   0.0002331   0.0005258   0.0009763
  57.6304094   0.0000000   0.0000000   0.0000000   0.0000000   0.0000000   0.0000000   0.0000009   0.0000070   0.0000302   0.0000896
  57.9259500   0.0000000   0.0000000   0.0000000   0.0000000   0.0000000   0.0000000   0.0000000   0.0000001   0.0000008   0.0000045
  58.2214905   0.0000000   0.0000000   0.0000000   0.0000000   0.0000000   0.0000000   0.0000000   0.0000000   0.0000000   0.0000001
  58.5170311   0.0000000   0.0000000   0.0000000   0.0000000   0.0000000   0.0000000   0.0000000   0.0000000   0.0000000   0.0000000
  58.8125717   0.0000000   0.0000000   0.0000000   0.0000000   0.0000000   0.0000000   0.0000000   0.0000000   0.0000000   0.0000000
  59.1081122   0.0000000   0.0000000   0.0000000   0.0000000   0.0000000   0.0000000   0.0000000   0.0000000   0.0000000   0.0000000
  59.4036528   0.0000000   0.0000000   0.0000000   0.0000000   0.0000000   0.0000000   0.0000000   0.0000000   0.0000000   0.0000000
  59.6991934   0.0000000   0.0000000   0.0000000   0.0000000   0.0000000   0.0000000   0.0000000   0.0000000   0.0000000   0.0000000
  59.9947339   0.0000000   0.0000000   0.0000000   0.0000000   0.0000000   0.0000000   0.0000000   0.0000000   0.0000000   0.0000000
  60.2902745   0.0000000   0.0000000   0.0000000   0.0000000   0.0000000   0.0000000   0.0000000   0.0000000   0.0000000   0.0000000
  60.5858150   0.0000000   0.0000000   0.0000000   0.0000000   0.0000000   0.0000000   0.0000000   0.0000000   0.0000000   0.0000000
  60.8813556   0.0000000   0.0000000   0.0000000   0.0000000   0.0000000   0.0000000   0.0000000   0.0000000   0.0000000   0.0000000
  61.1768962   0.0000000   0.0000000   0.0000000   0.0000000   0.0000000   0.0000000   0.0000000   0.0000000   0.0000000   0.0000000
  61.4724367   0.0000000   0.0000000   0.0000000   0.0000000   0.0000000   0.0000000   0.0000000   0.0000000   0.0000000   0.0000000
  61.7679773   0.0000000   0.0000000   0.0000000   0.0000000   0.0000000   0.0000000   0.0000000   0.0000000   0.0000000   0.0000000
  62.0635178   0.0000000   0.0000000   0.0000000   0.0000000   0.0000000   0.0000000   0.0000000   0.0000000   0.0000000   0.0000000
  62.3590584   0.0000000   0.0000000   0.0000000   0.0000000   0.0000000   0.0000000   0.0000000   0.0000000   0.0000000   0.0000000
  62.6545990   0.0000000   0.0000000   0.0000000   0.0000000   0.0000000   0.0000000   0.0000000   0.0000000   0.0000000   0.0000000
  62.9501395   0.0000000   0.0000000   0.0000000   0.0000000   0.0000000   0.0000000   0.0000000   0.0000000   0.0000000   0.0000000
  63.2456801   0.0000000   0.0000000   0.0000000   0.0000000   0.0000000   0.0000000   0.0000000   0.0000000   0.0000000   0.0000000
  63.5412206   0.0000000   0.0000000   0.0000000   0.0000000   0.0000000   0.0000000   0.0000000   0.0000000   0.0000000   0.0000000
  63.8367612   0.0000000   0.0000000   0.0000000   0.0000000   0.0000000   0.0000000   0.0000000   0.0000000   0.0000000   0.0000000
  64.1323018   0.0000000   0.0000000   0.0000000   0.0000000   0.0000000   0.0000000   0.0000000   0.0000000   0.0000000   0.0000000
  64.4278423   0.0000000   0.0000000   0.0000000   0.0000000   0.0000000   0.0000000   0.0000000   0.0000000   0.0000000   0.0000000
  64.7233829   0.0000000   0.0000000   0.0000000   0.0000000   0.0000000   0.0000000   0.0000000   0.0000000   0.0000000   0.0000000
  65.0189235   0.0000000   0.0000000   0.0000000   0.0000000   0.0000000   0.0000000   0.0000000   0.0000000   0.0000000   0.0000000
  65.3144640   0.0000000   0.0000000   0.0000000   0.0000000   0.0000000   0.0000000   0.0000000   0.0000000   0.0000000   0.0000000
  65.6100046   0.0000000   0.0000000   0.0000000   0.0000000   0.0000000   0.0000000   0.0000000   0.0000000   0.0000000   0.0000000
  65.9055451   0.0000000   0.0000000   0.0000000   0.0000000   0.0000000   0.0000000   0.0000000   0.0000000   0.0000000   0.0000000
  66.2010857   0.0000000   0.0000000   0.0000000   0.0000000   0.0000000   0.0000000   0.0000000   0.0000000   0.0000000   0.0000002
  66.4966263   0.0000000   0.0000000   0.0000000   0.0000000   0.0000000   0.0000000   0.0000000   0.0000002   0.0000011   0.0000037
  66.7921668   0.0000000   0.0000000   0.0000000   0.0000000   0.0000000   0.0000004   0.0000025   0.0000090   0.0000226   0.0000452
  67.0877074   0.0000000   0.0000000   0.0000000   0.0000012   0.0000096   0.0000338   0.0000778   0.0001401   0.0002171   0.0003052
  67.3832479   0.0000000   0.0000227   0.0001185   0.0002647   0.0004313   0.0005985   0.0007591   0.0009126   0.0010610   0.0012058
  67.6787885   0.0031715   0.0029396   0.0028146   0.0027490   0.0027286   0.0027466   0.0027955   0.0028665   0.0029517   0.0030458
  67.9743291   0.0053934   0.0052973   0.0053253   0.0054091   0.0054738   0.0055070   0.0055198   0.0055256   0.0055330   0.0055461
  68.2698696   0.0089812   0.0089392   0.0087181   0.0085326   0.0084101   0.0083364   0.0082882   0.0082495   0.0082151   0.0081879
  68.5654102   0.0093296   0.0101104   0.0105236   0.0106827   0.0107443   0.0107506   0.0107264   0.0107027   0.0107060   0.0107518
  68.8609508   0.0121939   0.0129219   0.0130588   0.0129692   0.0128492   0.0128443   0.0129829   0.0132380   0.0135737   0.0139608
  69.1564913   0.0106816   0.0120770   0.0134252   0.0147785   0.0159414   0.0169387   0.0178124   0.0185908   0.0192971   0.0199512
  69.4520319   0.0322539   0.0312422   0.0303796   0.0298114   0.0294902   0.0293528   0.0293631   0.0294914   0.0297114   0.0300041
  69.7475724   0.0445774   0.0440754   0.0432671   0.0427823   0.0425838   0.0424635   0.0423622   0.0423040   0.0423197   0.0424224
  70.0431130   0.0560213   0.0550759   0.0545253   0.0543376   0.0544067   0.0546498   0.0549961   0.0553817   0.0557625   0.0561158
  70.3386536   0.0668204   0.0664937   0.0676266   0.0689408   0.0699439   0.0706412   0.0711346   0.0714899   0.0717372   0.0718915
  70.6341941   0.0959478   0.0961934   0.0943936   0.0928857   0.0917682   0.0908801   0.0901112   0.0894040   0.0887378   0.0881081
  70.9297347   0.1103969   0.1071748   0.1058288   0.1051580   0.1045073   0.1037388   0.1028967   0.1020420   0.1012088   0.1004097
  71.2252752   0.1097746   0.1080044   0.1074335   0.1074740   0.1077136   0.1079309   0.1080502   0.1080457   0.1079213   0.1076992
  71.5208158   0.1170534   0.1141263   0.1132613   0.1129665   0.1128581   0.1128093   0.1128056   0.1128480   0.1129249   0.1130158
  71.8163564   0.1191595   0.1185146   0.1180002   0.1177513   0.1177349   0.1178608   0.1180675   0.1183214   0.1186014   0.1188920
  72.1118969   0.1208999   0.1221631   0.1233369   0.1241328   0.1247463   0.1252660   0.1257082   0.1260787   0.1263944   0.1266778
  72.4074375   0.1354039   0.1361454   0.1372182   0.1374443   0.1371696   0.1367854   0.1364714   0.1362803   0.1362103   0.1362410
  72.7029780   0.1455584   0.1443184   0.1449153   0.1451943   0.1453962   0.1456352   0.1458879   0.1461254   0.1463491   0.1465760
  72.9985186   0.1560279   0.1550080   0.1554326   0.1560745   0.1565955   0.1570033   0.1573700   0.1577427   0.1581370   0.1585545
  73.2940592   0.1765753   0.1747058   0.1730685   0.1722404   0.1719712   0.1720147   0.1722323   0.1725618   0.1729750   0.1734544
  73.5895997   0.1892654   0.1882999   0.1885304   0.1888877   0.1893271   0.1898108   0.1903157   0.1908302   0.1913546   0.1918996
  73.8851403   0.2087649   0.2095513   0.2109695   0.2118577   0.2124140   0.2127544   0.2130196   0.2133216   0.2137064   0.2141699
  74.1806809   0.2437599   0.2431329   0.2409096   0.2392484   0.2384287   0.2383172   0.2386112   0.2390554   0.2395009   0.2398781
  74.4762214   0.2506348   0.2571461   0.2613370   0.2647824   0.2669393   0.2680269   0.2683962   0.2683158   0.2679551   0.2674150
  74.7717620   0.3117629   0.3124874   0.3093608   0.3054780   0.3019144   0.2989234   0.2964197   0.2942557   0.2923202   0.2905431
  75.0673025   0.2996739   0.3032803   0.3050469   0.3060559   0.3065277   0.3064444   0.3058997   0.3050312   0.3039539   0.3027480
  75.3628431   0.3075128   0.3075222   0.3067351   0.3064658   0.3065548   0.3067168   0.3068340   0.3068484   0.3067210   0.3064359
  75.6583837   0.3209470   0.3155682   0.3113757   0.3093012   0.3083275   0.3078408   0.3075639   0.3073863   0.3072593   0.3071462
  75.9539242   0.3020873   0.3050763   0.3051717   0.3058751   0.3064788   0.3067828   0.3069182   0.3069799   0.3069928   0.3069523
  76.2494648   0.3174121   0.3097495   0.3070473   0.3064780   0.3064980   0.3066201   0.3066750   0.3065984   0.3063796   0.3060352
  76.5450053   0.3111852   0.3125070   0.3108151   0.3091151   0.3077481   0.3065204   0.3053457   0.3042163   0.3031419   0.3021263
  76.8405459   0.2963709   0.2951391   0.2957131   0.2957952   0.2954002   0.2947653   0.2940481   0.2933180   0.2926001   0.2919050
  77.1360865   0.2699507   0.2714462   0.2728613   0.2740109   0.2748973   0.2756256   0.2762225   0.2766905   0.2770420   0.2772942
  77.4316270   0.2659252   0.2625708   0.2621589   0.2619583   0.2618266   0.2619181   0.2622287   0.2626870   0.2632143   0.2637414
  77.7271676   0.2449189   0.2471181   0.2491628   0.2505631   0.2515145   0.2521898   0.2526724   0.2530031   0.2532059   0.2532999
  78.0227081   0.2455425   0.2485390   0.2489197   0.2482581   0.2474314   0.2465801   0.2456789   0.2447330   0.2437704   0.2428207
  78.3182487   0.2343811   0.2366430   0.2365840   0.2350551   0.2333052   0.2316451   0.2301169   0.2287260   0.2274637   0.2263092
  78.6137893   0.1949875   0.1955438   0.1979213   0.1998173   0.2010644   0.2019205   0.2024955   0.2028156   0.2028949   0.2027596
  78.9093298   0.1719972   0.1746044   0.1755384   0.1761175   0.1765349   0.1768400   0.1770370   0.1771308   0.1771285   0.1770362
  79.2048704   0.1606040   0.1612929   0.1590157   0.1566474   0.1547420   0.1532727   0.1521372   0.1512642   0.1506036   0.1501086
  79.5004110   0.1107497   0.1137857   0.1156945   0.1174530   0.1187230   0.1195643   0.1201077   0.1204501   0.1206553   0.1207697
  79.7959515   0.0899607   0.0896090   0.0895696   0.0896610   0.0898983   0.0902484   0.0906558   0.0910653   0.0914468   0.0917961
  80.0914921   0.0686366   0.0688889   0.0674535   0.0663852   0.0656734   0.0651647   0.0648276   0.0646809   0.0647355   0.0649805
  80.3870326   0.0368291   0.0365084   0.0359705   0.0362058   0.0367714   0.0374662   0.0382408   0.0390846   0.0399927   0.0409621
  80.6825732   0.0119790   0.0131631   0.0139055   0.0150475   0.0164188   0.0178892   0.0193895   0.0208789   0.0223392   0.0237668
  80.9781138   0.0129534   0.0128685   0.0130700   0.0131792   0.0132643   0.0134515   0.0138036   0.0143274   0.0150020   0.0157973
  81.2736543   0.0126801   0.0129272   0.0131411   0.0132566   0.0133096   0.0133412   0.0133747   0.0134352   0.0135515   0.0137466
  81.5691949   0.0133658   0.0136619   0.0137459   0.0137178   0.0136651   0.0136175   0.0135883   0.0135810   0.0135963   0.0136370
  81.8647354   0.0131283   0.0134634   0.0134586   0.0134896   0.0135829   0.0136941   0.0137982   0.0138875   0.0139609   0.0140202
  82.1602760   0.0170041   0.0152201   0.0148748   0.0147895   0.0147650   0.0147618   0.0147620   0.0147558   0.0147403   0.0147173
  82.4558166   0.0168767   0.0161277   0.0160548   0.0160661   0.0159774   0.0158198   0.0156453   0.0154837   0.0153451   0.0152292
  82.7513571   0.0145948   0.0154694   0.0153822   0.0152130   0.0151378   0.0151277   0.0151379   0.0151424   0.0151332   0.0151117
  83.0468977   0.0130915   0.0136969   0.0140396   0.0142712   0.0144383   0.0145557   0.0146387   0.0147017   0.0147524   0.0147935
  83.3424382   0.0142790   0.0151682   0.0150927   0.0149234   0.0147892   0.0147021   0.0146587   0.0146487   0.0146605   0.0146849
  83.6379788   0.0146866   0.0144267   0.0142826   0.0143392   0.0144706   0.0145891   0.0146716   0.0147236   0.0147573   0.0147827
  83.9335194   0.0180269   0.0164548   0.0157484   0.0154443   0.0152632   0.0151447   0.0150756   0.0150421   0.0150307   0.0150313
  84.2290599   0.0142691   0.0146213   0.0147033   0.0148971   0.0150786   0.0151977   0.0152663   0.0153020   0.0153197   0.0153295
  84.5246005   0.0189101   0.0168830   0.0162219   0.0159881   0.0158493   0.0157551   0.0157009   0.0156775   0.0156728   0.0156764
  84.8201411   0.0158284   0.0159365   0.0157356   0.0157432   0.0158370   0.0159321   0.0160018   0.0160426   0.0160598   0.0160603
  85.1156816   0.0173228   0.0171723   0.0169777   0.0168523   0.0167671   0.0166789   0.0165895   0.0165067   0.0164336   0.0163703
  85.4112222   0.0198708   0.0178084   0.0171061   0.0168083   0.0166467   0.0165388   0.0164609   0.0164026   0.0163583   0.0163245
  85.7067627   0.0166171   0.0153508   0.0151487   0.0153228   0.0155401   0.0157198   0.0158586   0.0159653   0.0160483   0.0161148
  86.0023033   0.0168607   0.0167036   0.0164524   0.0162779   0.0161809   0.0161348   0.0161291   0.0161559   0.0162042   0.0162629
  86.2978439   0.0158452   0.0165549   0.0165853   0.0165586   0.0165937   0.0166586   0.0167208   0.0167669   0.0167962   0.0168124
  86.5933844   0.0163595   0.0173309   0.0176100   0.0177681   0.0177980   0.0177530   0.0176743   0.0175839   0.0174926   0.0174066
  86.8889250   0.0181391   0.0185950   0.0185598   0.0183775   0.0181634   0.0179644   0.0178002   0.0176710   0.0175714   0.0174953
  87.1844655   0.0175004   0.0163862   0.0161279   0.0162561   0.0164747   0.0166863   0.0168646   0.0170078   0.0171220   0.0172141
  87.4800061   0.0200442   0.0178246   0.0172029   0.0170305   0.0170029   0.0170400   0.0171158   0.0172132   0.0173182   0.0174211
  87.7755467   0.0188878   0.0181926   0.0181992   0.0182423   0.0182799   0.0182916   0.0182833   0.0182687   0.0182576   0.0182545
  88.0710872   0.0185440   0.0197399   0.0198096   0.0196519   0.0195080   0.0193989   0.0193147   0.0192445   0.0191837   0.0191318
  88.3666278   0.0199846   0.0193504   0.0194155   0.0195930   0.0197013   0.0197415   0.0197491   0.0197470   0.0197429   0.0197369
  88.6621683   0.0217080   0.0210037   0.0203099   0.0200579   0.0200268   0.0200800   0.0201526   0.0202150   0.0202568   0.0202771
  88.9577089   0.0213648   0.0217188   0.0214489   0.0213002   0.0212252   0.0211518   0.0210680   0.0209802   0.0208952   0.0208170
  89.2532495   0.0226845   0.0218717   0.0217337   0.0216379   0.0214989   0.0213405   0.0211942   0.0210719   0.0209736   0.0208957
  89.5487900   0.0206033   0.0198238   0.0196811   0.0197995   0.0199777   0.0201508   0.0202980   0.0204156   0.0205075   0.0205802
  89.8443306   0.0212470   0.0207690   0.0204466   0.0203190   0.0202886   0.0203114   0.0203710   0.0204544   0.0205494   0.0206459
  90.1398712   0.0207650   0.0210165   0.0210102   0.0210766   0.0211547   0.0212098   0.0212448   0.0212698   0.0212925   0.0213169
  90.4354117   0.0234966   0.0230769   0.0227985   0.0226005   0.0224773   0.0223925   0.0223243   0.0222652   0.0222146   0.0221732
  90.7309523   0.0223954   0.0230030   0.0230457   0.0230287   0.0229834   0.0229362   0.0228980   0.0228689   0.0228457   0.0228261
  91.0264928   0.0209443   0.0220614   0.0224810   0.0227878   0.0230024   0.0231423   0.0232338   0.0232957   0.0233377   0.0233647
  91.3220334   0.0244007   0.0252487   0.0248499   0.0244358   0.0242106   0.0241048   0.0240543   0.0240273   0.0240107   0.0239995
  91.6175740   0.0260867   0.0249095   0.0246716   0.0247154   0.0247325   0.0247137   0.0246781   0.0246398   0.0246079   0.0245872
  91.9131145   0.0238000   0.0240879   0.0244979   0.0247482   0.0248690   0.0249228   0.0249630   0.0250100   0.0250672   0.0251328
  92.2086551   0.0270155   0.0259486   0.0255372   0.0253914   0.0254216   0.0255429   0.0256971   0.0258566   0.0260102   0.0261528
  92.5041956   0.0276953   0.0276920   0.0276881   0.0276723   0.0277133   0.0277836   0.0278561   0.0279210   0.0279760   0.0280212
  92.7997362   0.0302454   0.0303822   0.0308011   0.0309344   0.0308737   0.0307337   0.0305702   0.0304084   0.0302592   0.0301264
  93.0952768   0.0311531   0.0318190   0.0323223   0.0323124   0.0321599   0.0320023   0.0318588   0.0317240   0.0315958   0.0314753
  93.3908173   0.0300300   0.0302943   0.0311369   0.0315575   0.0317582   0.0318774   0.0319610   0.0320220   0.0320666   0.0320989
  93.6863579   0.0334567   0.0321229   0.0322214   0.0323452   0.0324134   0.0324762   0.0325543   0.0326503   0.0327595   0.0328745
  93.9818984   0.0338982   0.0342632   0.0340413   0.0338755   0.0338679   0.0339456   0.0340558   0.0341745   0.0342918   0.0344049
  94.2774390   0.0379529   0.0367446   0.0364536   0.0364650   0.0365430   0.0366013   0.0366269   0.0366346   0.0366391   0.0366489
  94.5729796   0.0409864   0.0406837   0.0403148   0.0399427   0.0396239   0.0393906   0.0392341   0.0391309   0.0390633   0.0390222
  94.8685201   0.0372013   0.0383730   0.0394873   0.0401921   0.0406393   0.0408975   0.0410444   0.0411397   0.0412153   0.0412857
  95.1640607   0.0467549   0.0455908   0.0446393   0.0439364   0.0436063   0.0435399   0.0436079   0.0437303   0.0438733   0.0440347
  95.4596013   0.0474590   0.0459639   0.0463141   0.0467717   0.0470770   0.0472496   0.0473625   0.0474923   0.0477146   0.0481101
  95.7551418   0.0521471   0.0518728   0.0519378   0.0518953   0.0518635   0.0519861   0.0523911   0.0532185   0.0545956   0.0565793
  96.0506824   0.0571377   0.0561212   0.0566970   0.0578800   0.0596142   0.0622951   0.0661351   0.0709825   0.0764832   0.0822591
  96.3462229   0.0801428   0.0827593   0.0873337   0.0956907   0.1060501   0.1164169   0.1257995   0.1338473   0.1405115   0.1458866
  96.6417635   0.3034462   0.2948433   0.2825940   0.2733098   0.2660215   0.2596102   0.2535677   0.2477655   0.2422145   0.2369484
  96.9373041   0.3875006   0.3831415   0.3762824   0.3674001   0.3559295   0.3430750   0.3300666   0.3176142   0.3060236   0.2953807
  97.2328446   0.2809953   0.2824822   0.2866856   0.2912181   0.2946692   0.2967164   0.2971904   0.2960912   0.2936276   0.2901156
  97.5283852   0.2421032   0.2455080   0.2453985   0.2454620   0.2463054   0.2479678   0.2501754   0.2525468   0.2547211   0.2564276
  97.8239257   0.2132747   0.2166309   0.2189076   0.2205295   0.2218861   0.2231503   0.2244711   0.2259731   0.2276984   0.2295974
  98.1194663   0.2099435   0.2116845   0.2120342   0.2118566   0.2118492   0.2121868   0.2128077   0.2136349   0.2146308   0.2157861
  98.4150069   0.1958988   0.2032379   0.2057594   0.2071006   0.2079341   0.2085423   0.2090584   0.2095615   0.2100987   0.2106973
  98.7105474   0.2095435   0.2098521   0.2103850   0.2102940   0.2100409   0.2098814   0.2098333   0.2098683   0.2099692   0.2101332
  99.0060880   0.2079686   0.2096305   0.2107779   0.2111159   0.2111886   0.2111718   0.2111255   0.2110910   0.2110906   0.2111328
  99.3016285   0.2092954   0.2115519   0.2118051   0.2117230   0.2117842   0.2119639   0.2121745   0.2123754   0.2125613   0.2127413
  99.5971691   0.2140926   0.2146408   0.2147565   0.2148241   0.2148507   0.2148862   0.2149731   0.2151241   0.2153311   0.2155793
  99.8927097   0.2168977   0.2175954   0.2177446   0.2181859   0.2185975   0.2189627   0.2193024   0.2196251   0.2199412   0.2202671
 100.1882502   0.2264532   0.2265375   0.2263937   0.2263116   0.2263151   0.2263694   0.2264757   0.2266526   0.2269238   0.2273099
 100.4837908   0.2394311   0.2358646   0.2352465   0.2350571   0.2349769   0.2350990   0.2354493   0.2360252   0.2368215   0.2378199
 100.7793314   0.2339137   0.2398557   0.2428499   0.2448469   0.2466222   0.2483623   0.2501974   0.2521634   0.2541674   0.2560481
 101.0748719   0.2739685   0.2760281   0.2765123   0.2769854   0.2785112   0.2807372   0.2828893   0.2844003   0.2850242   0.2847502
 101.3704125   0.3283639   0.3326209   0.3381424   0.3397148   0.3376484   0.3330340   0.3269013   0.3200397   0.3129766   0.3060264
 101.6659530   0.3775441   0.3683240   0.3567969   0.3436570   0.3305892   0.3186686   0.3081346   0.2988680   0.2906733   0.2833723
 101.9614936   0.1622785   0.1697173   0.1784737   0.1879456   0.1968476   0.2042391   0.2098288   0.2137564   0.2163197   0.2178225
 102.2570342   0.1344967   0.1346951   0.1337912   0.1337126   0.1351954   0.1381685   0.1422584   0.1469643   0.1518120   0.1564511
 102.5525747   0.1148105   0.1160915   0.1160689   0.1163359   0.1167767   0.1172984   0.1180209   0.1191227   0.1207065   0.1227591
 102.8481153   0.1096185   0.1061432   0.1055089   0.1053215   0.1051285   0.1049583   0.1048576   0.1048498   0.1049695   0.1052665
 103.1436558   0.0898364   0.0910912   0.0915735   0.0918125   0.0919337   0.0919585   0.0919006   0.0917665   0.0915644   0.0913141
 103.4391964   0.0802197   0.0795234   0.0791167   0.0787693   0.0784230   0.0780276   0.0775357   0.0769465   0.0762919   0.0756138
 103.7347370   0.0608906   0.0618609   0.0616861   0.0608854   0.0597961   0.0586684   0.0576439   0.0567774   0.0560791   0.0555393
 104.0302775   0.0261613   0.0256716   0.0266342   0.0277286   0.0287129   0.0296133   0.0304690   0.0312995   0.0321115   0.0329065
 104.3258181   0.0062174   0.0057348   0.0057749   0.0063665   0.0075347   0.0090370   0.0106656   0.0123021   0.0138914   0.0154120
 104.6213587   0.0046946   0.0045998   0.0046881   0.0047911   0.0049169   0.0051112   0.0054439   0.0059512   0.0066256   0.0074370
 104.9168992   0.0058030   0.0056135   0.0054196   0.0053359   0.0052913   0.0052664   0.0052621   0.0052922   0.0053801   0.0055488
 105.2124398   0.0057132   0.0056862   0.0055640   0.0055193   0.0055012   0.0054819   0.0054620   0.0054464   0.0054400   0.0054501
 105.5079803   0.0059624   0.0057339   0.0055021   0.0054513   0.0054693   0.0055036   0.0055382   0.0055670   0.0055882   0.0056025
 105.8035209   0.0065989   0.0061412   0.0058906   0.0058556   0.0058586   0.0058584   0.0058524   0.0058432   0.0058332   0.0058232
 106.0990615   0.0067135   0.0064582   0.0063629   0.0062726   0.0061969   0.0061317   0.0060790   0.0060382   0.0060062   0.0059799
 106.3946020   0.0055613   0.0057135   0.0057330   0.0058000   0.0058728   0.0059317   0.0059710   0.0059907   0.0059941   0.0059860
 106.6901426   0.0067769   0.0063369   0.0062127   0.0061491   0.0060934   0.0060371   0.0059857   0.0059437   0.0059119   0.0058890
 106.9856831   0.0069272   0.0060667   0.0058406   0.0057381   0.0056842   0.0056595   0.0056533   0.0056591   0.0056728   0.0056917
 107.2812237   0.0040798   0.0045776   0.0047930   0.0049819   0.0051470   0.0052848   0.0054006   0.0054971   0.0055757   0.0056385
 107.5767643   0.0065219   0.0063029   0.0061425   0.0060607   0.0060199   0.0059887   0.0059591   0.0059343   0.0059178   0.0059100
 107.8723048   0.0076962   0.0074131   0.0070527   0.0067552   0.0065430   0.0064036   0.0063142   0.0062546   0.0062124   0.0061816
 108.1678454   0.0036353   0.0044468   0.0050497   0.0055521   0.0058922   0.0060915   0.0062022   0.0062628   0.0062947   0.0063095
 108.4633859   0.0088983   0.0082662   0.0075470   0.0070509   0.0067567   0.0065996   0.0065208   0.0064837   0.0064684   0.0064648
 108.7589265   0.0054873   0.0062733   0.0063674   0.0064335   0.0065123   0.0065675   0.0065969   0.0066134   0.0066270   0.0066418
 109.0544671   0.0061112   0.0064755   0.0065326   0.0066179   0.0066827   0.0067406   0.0067979   0.0068507   0.0068949   0.0069291
 109.3500076   0.0074538   0.0073928   0.0074978   0.0075355   0.0075168   0.0074848   0.0074538   0.0074257   0.0074008   0.0073791
 109.6455482   0.0068090   0.0076370   0.0079295   0.0079989   0.0079803   0.0079283   0.0078669   0.0078067   0.0077523   0.0077055
 109.9410888   0.0086936   0.0079854   0.0078023   0.0077542   0.0077384   0.0077411   0.0077514   0.0077628   0.0077722   0.0077779
 110.2366293   0.0065606   0.0073724   0.0075239   0.0075526   0.0076063   0.0076738   0.0077371   0.0077896   0.0078300   0.0078594
 110.5321699   0.0083033   0.0081208   0.0082621   0.0082873   0.0082523   0.0082042   0.0081586   0.0081200   0.0080899   0.0080689
 110.8277104   0.0076205   0.0079943   0.0082622   0.0083562   0.0083442   0.0083000   0.0082564   0.0082246   0.0082069   0.0082016
 111.1232510   0.0070955   0.0074935   0.0076752   0.0077795   0.0078802   0.0079934   0.0081088   0.0082124   0.0082975   0.0083638
 111.4187916   0.0085866   0.0086502   0.0085912   0.0086861   0.0087782   0.0088271   0.0088443   0.0088482   0.0088496   0.0088519
 111.7143321   0.0120762   0.0115790   0.0108232   0.0102898   0.0099501   0.0097353   0.0095935   0.0094938   0.0094203   0.0093651
 112.0098727   0.0076052   0.0081610   0.0086232   0.0090229   0.0092960   0.0094576   0.0095457   0.0095900   0.0096089   0.0096133
 112.3054132   0.0102297   0.0101413   0.0100481   0.0099584   0.0098699   0.0098140   0.0097952   0.0098004   0.0098151   0.0098293
 112.6009538   0.0095425   0.0100428   0.0100488   0.0100511   0.0100894   0.0101273   0.0101439   0.0101395   0.0101224   0.0101001
 112.8964944   0.0107905   0.0109669   0.0108629   0.0107450   0.0106176   0.0104996   0.0104008   0.0103230   0.0102632   0.0102173
 113.1920349   0.0092725   0.0094673   0.0097117   0.0098319   0.0099114   0.0099721   0.0100196   0.0100565   0.0100849   0.0101064
 113.4875755   0.0089216   0.0095141   0.0096735   0.0097313   0.0097984   0.0098718   0.0099414   0.0100030   0.0100558   0.0101007
 113.7831160   0.0113702   0.0110469   0.0107755   0.0106235   0.0105199   0.0104430   0.0103892   0.0103576   0.0103444   0.0103445
 114.0786566   0.0108318   0.0105584   0.0104573   0.0104671   0.0105200   0.0105747   0.0106145   0.0106371   0.0106469   0.0106496
 114.3741972   0.0109436   0.0110199   0.0110916   0.0110966   0.0110652   0.0110267   0.0109959   0.0109749   0.0109619   0.0109548
 114.6697377   0.0114577   0.0111006   0.0110966   0.0111665   0.0112049   0.0112140   0.0112157   0.0112210   0.0112318   0.0112459
 114.9652783   0.0125940   0.0118785   0.0114603   0.0113236   0.0113429   0.0114195   0.0114994   0.0115630   0.0116075   0.0116364
 115.2608189   0.0124619   0.0127289   0.0127173   0.0125920   0.0124792   0.0123818   0.0122975   0.0122287   0.0121765   0.0121393
 115.5563594   0.0115012   0.0121404   0.0124533   0.0125733   0.0125846   0.0125568   0.0125263   0.0125042   0.0124913   0.0124858
 115.8519000   0.0120692   0.0118052   0.0119051   0.0121137   0.0122940   0.0124510   0.0125847   0.0126920   0.0127737   0.0128336
 116.1474405   0.0130909   0.0137927   0.0138486   0.0137512   0.0136544   0.0135800   0.0135272   0.0134917   0.0134689   0.0134544
 116.4429811   0.0142863   0.0144154   0.0144161   0.0143717   0.0143238   0.0142649   0.0141970   0.0141286   0.0140665   0.0140137
 116.7385217   0.0152713   0.0145640   0.0143322   0.0142503   0.0142310   0.0142422   0.0142623   0.0142799   0.0142912   0.0142964
 117.0340622   0.0135620   0.0139587   0.0141764   0.0142983   0.0143778   0.0144302   0.0144708   0.0145090   0.0145480   0.0145876
 117.3296028   0.0154701   0.0152054   0.0150684   0.0150263   0.0150029   0.0150014   0.0150202   0.0150524   0.0150929   0.0151388
 117.6251433   0.0155014   0.0154494   0.0155706   0.0156815   0.0157730   0.0158384   0.0158886   0.0159331   0.0159756   0.0160167
 117.9206839   0.0186080   0.0177384   0.0173795   0.0172069   0.0171469   0.0171389   0.0171458   0.0171521   0.0171547   0.0171557
 118.2162245   0.0193227   0.0187302   0.0186836   0.0186727   0.0186089   0.0185264   0.0184487   0.0183856   0.0183390   0.0183067
 118.5117650   0.0166310   0.0181669   0.0187588   0.0190008   0.0191137   0.0191819   0.0192332   0.0192737   0.0193035   0.0193224
 118.8073056   0.0189084   0.0198840   0.0201339   0.0201982   0.0202464   0.0203027   0.0203514   0.0203823   0.0203939   0.0203886
 119.1028461   0.0221802   0.0222403   0.0222989   0.0221884   0.0220193   0.0218494   0.0216914   0.0215503   0.0214285   0.0213256
 119.3983867   0.0203803   0.0212574   0.0217738   0.0219166   0.0219130   0.0218683   0.0218203   0.0217760   0.0217357   0.0217004
 119.6939273   0.0220223   0.0205039   0.0206722   0.0209796   0.0212288   0.0214174   0.0215639   0.0216855   0.0217917   0.0218862
 119.9894678   0.0244906   0.0237730   0.0230589   0.0225746   0.0223473   0.0222967   0.0223392   0.0224230   0.0225214   0.0226222
 120.2850084   0.0209741   0.0222522   0.0229883   0.0234677   0.0237431   0.0238816   0.0239420   0.0239671   0.0239831   0.0240038
 120.5805490   0.0245777   0.0260643   0.0263755   0.0262448   0.0260220   0.0258315   0.0257042   0.0256325   0.0256011   0.0255979
 120.8760895   0.0258904   0.0261035   0.0261102   0.0263047   0.0265553   0.0267823   0.0269658   0.0271097   0.0272230   0.0273137
 121.1716301   0.0326236   0.0308367   0.0298283   0.0294776   0.0293883   0.0293867   0.0294126   0.0294459   0.0294798   0.0295123
 121.4671706   0.0340245   0.0334906   0.0329942   0.0326899   0.0324846   0.0323136   0.0321675   0.0320520   0.0319706   0.0319211
 121.7627112   0.0314390   0.0329498   0.0333977   0.0336385   0.0337819   0.0338874   0.0339810   0.0340647   0.0341357   0.0341948
 122.0582518   0.0365759   0.0352611   0.0355672   0.0359201   0.0361783   0.0363687   0.0365120   0.0366238   0.0367166   0.0367994
 122.3537923   0.0397562   0.0415426   0.0412586   0.0407613   0.0403741   0.0401194   0.0399696   0.0398981   0.0398878   0.0399267
 122.6493329   0.0416794   0.0410269   0.0415383   0.0420914   0.0424823   0.0427610   0.0429854   0.0431892   0.0433899   0.0435977
 122.9448734   0.0454897   0.0468598   0.0469599   0.0470669   0.0472652   0.0475119   0.0477898   0.0480898   0.0484059   0.0487360
 123.2404140   0.0580068   0.0567502   0.0556624   0.0552291   0.0551219   0.0551788   0.0553310   0.0555512   0.0558284   0.0561587
 123.5359546   0.0625269   0.0636349   0.0637950   0.0640698   0.0644115   0.0647215   0.0650138   0.0653310   0.0656983   0.0661201
 123.8314951   0.0780757   0.0780504   0.0773940   0.0770242   0.0769811   0.0772201   0.0776413   0.0781503   0.0786829   0.0792041
 124.1270357   0.0841024   0.0892610   0.0913992   0.0928554   0.0938812   0.0945563   0.0949875   0.0952605   0.0954312   0.0955348
 124.4225762   0.1231322   0.1211786   0.1194304   0.1178668   0.1164999   0.1153601   0.1144030   0.1135810   0.1128655   0.1122436
 124.7181168   0.1256510   0.1271341   0.1275843   0.1276383   0.1275161   0.1272196   0.1268018   0.1263386   0.1258831   0.1254601
 125.0136574   0.1338021   0.1336669   0.1336543   0.1337695   0.1340501   0.1344914   0.1349977   0.1354752   0.1358695   0.1361641
 125.3091979   0.1387302   0.1423979   0.1445058   0.1456655   0.1464252   0.1469368   0.1473079   0.1476127   0.1478885   0.1481453
 125.6047385   0.1724331   0.1676719   0.1657177   0.1643821   0.1633882   0.1626847   0.1622166   0.1619236   0.1617529   0.1616649
 125.9002791   0.1717134   0.1730787   0.1729163   0.1734541   0.1741213   0.1746355   0.1749369   0.1750582   0.1750595   0.1749957
 126.1958196   0.1900953   0.1910771   0.1905003   0.1898824   0.1892434   0.1886945   0.1882906   0.1880193   0.1878409   0.1877174
 126.4913602   0.1956728   0.1970363   0.1980417   0.1986473   0.1990531   0.1993485   0.1995575   0.1996946   0.1997787   0.1998255
 126.7869007   0.2097928   0.2106254   0.2110614   0.2114178   0.2116132   0.2117493   0.2118660   0.2119608   0.2120202   0.2120353
 127.0824413   0.2227534   0.2262319   0.2262716   0.2259021   0.2255671   0.2252602   0.2249504   0.2246360   0.2243254   0.2240236
 127.3779819   0.2388291   0.2367430   0.2368317   0.2364829   0.2360302   0.2356113   0.2352157   0.2348315   0.2344528   0.2340741
 127.6735224   0.2291161   0.2377996   0.2407032   0.2415973   0.2419166   0.2420468   0.2420684   0.2419982   0.2418349   0.2415734
 127.9690630   0.2442793   0.2467472   0.2481757   0.2485215   0.2484484   0.2482832   0.2480430   0.2476938   0.2472224   0.2466369
 128.2646035   0.2491944   0.2521689   0.2534377   0.2534027   0.2526980   0.2516943   0.2505612   0.2493949   0.2482495   0.2471509
 128.5601441   0.2481238   0.2464328   0.2460308   0.2451512   0.2441972   0.2433573   0.2426245   0.2419649   0.2413607   0.2408058
 128.8556847   0.2170127   0.2218721   0.2241221   0.2256898   0.2269568   0.2280319   0.2289641   0.2297798   0.2304972   0.2311318
 129.1512252   0.2192249   0.2203016   0.2203014   0.2205127   0.2209278   0.2215319   0.2222960   0.2231841   0.2241529   0.2251539
 129.4467658   0.2280043   0.2241734   0.2231887   0.2229418   0.2230241   0.2233700   0.2238838   0.2244811   0.2250990   0.2256910
 129.7423063   0.2178583   0.2255109   0.2282385   0.2296894   0.2305413   0.2309364   0.2309792   0.2307478   0.2303092   0.2297233
 130.0378469   0.2512761   0.2468378   0.2443265   0.2421695   0.2398677   0.2375516   0.2353066   0.2331626   0.2311262   0.2291943
 130.3333875   0.2256999   0.2256467   0.2249043   0.2240022   0.2230375   0.2219591   0.2207507   0.2194338   0.2180406   0.2166016
 130.6289280   0.1887354   0.1901215   0.1911752   0.1920787   0.1929326   0.1936407   0.1941394   0.1944143   0.1944759   0.1943483
 130.9244686   0.1678878   0.1708320   0.1706468   0.1700220   0.1695742   0.1693624   0.1693617   0.1695266   0.1697965   0.1701078
 131.2200092   0.1437156   0.1433989   0.1441530   0.1447850   0.1453649   0.1459378   0.1464742   0.1469618   0.1474133   0.1478469
 131.5155497   0.1250111   0.1245993   0.1262478   0.1271991   0.1275545   0.1276978   0.1278131   0.1279618   0.1281575   0.1283992
 131.8110903   0.1089128   0.1104617   0.1112439   0.1111565   0.1108879   0.1106899   0.1106045   0.1106149   0.1107003   0.1108460
 132.1066308   0.0914226   0.0912981   0.0916417   0.0921748   0.0927656   0.0933022   0.0937339   0.0940744   0.0943586   0.0946177
 132.4021714   0.0844802   0.0825646   0.0814105   0.0806043   0.0800800   0.0797843   0.0796833   0.0797295   0.0798727   0.0800741
 132.6977120   0.0647945   0.0639328   0.0640365   0.0647668   0.0654853   0.0660283   0.0664074   0.0666807   0.0669027   0.0671105
 132.9932525   0.0589462   0.0583155   0.0573078   0.0564109   0.0558051   0.0554699   0.0553392   0.0553431   0.0554286   0.0555621
 133.2887931   0.0393629   0.0412066   0.0424164   0.0433116   0.0439414   0.0443498   0.0446194   0.0448137   0.0449681   0.0450997
 133.5843336   0.0376068   0.0367878   0.0360932   0.0357109   0.0355430   0.0354880   0.0354761   0.0354653   0.0354400   0.0354025
 133.8798742   0.0307573   0.0290146   0.0279974   0.0274173   0.0269863   0.0265868   0.0262104   0.0258834   0.0256268   0.0254481
 134.1754148   0.0139271   0.0140694   0.0139397   0.0139024   0.0139453   0.0140398   0.0141839   0.0143724   0.0145970   0.0148511
 134.4709553   0.0000003   0.0001482   0.0007270   0.0015073   0.0023340   0.0031597   0.0039600   0.0047209   0.0054383   0.0061145
 134.7664959   0.0000000   0.0000000   0.0000001   0.0000073   0.0000569   0.0001908   0.0004237   0.0007467   0.0011409   0.0015862
 135.0620365   0.0000000   0.0000000   0.0000000   0.0000000   0.0000001   0.0000023   0.0000143   0.0000496   0.0001220   0.0002401
 135.3575770   0.0000000   0.0000000   0.0000000   0.0000000   0.0000000   0.0000000   0.0000001   0.0000013   0.0000062   0.0000202
 135.6531176   0.0000000   0.0000000   0.0000000   0.0000000   0.0000000   0.0000000   0.0000000   0.0000000   0.0000001   0.0000009
 135.9486581   0.0000000   0.0000000   0.0000000   0.0000000   0.0000000   0.0000000   0.0000000   0.0000000   0.0000000   0.0000000
 136.2441987   0.0000000   0.0000000   0.0000000   0.0000000   0.0000000   0.0000000   0.0000000   0.0000000   0.0000000   0.0000000
 136.5397393   0.0000000   0.0000000   0.0000000   0.0000000   0.0000000   0.0000000   0.0000000   0.0000000   0.0000000   0.0000000
 136.8352798   0.0000000   0.0000000   0.0000000   0.0000000   0.0000000   0.0000000   0.0000000   0.0000000   0.0000000   0.0000000
 137.1308204   0.0000000   0.0000000   0.0000000   0.0000000   0.0000000   0.0000000   0.0000000   0.0000000   0.0000000   0.0000000
 137.4263609   0.0000000   0.0000000   0.0000000   0.0000000   0.0000000   0.0000000   0.0000000   0.0000000   0.0000000   0.0000000
 137.7219015   0.0000000   0.0000000   0.0000000   0.0000000   0.0000000   0.0000000   0.0000000   0.0000000   0.0000000   0.0000000
 138.0174421   0.0000000   0.0000000   0.0000000   0.0000000   0.0000000   0.0000000   0.0000000   0.0000000   0.0000000   0.0000000
 138.3129826   0.0000000   0.0000000   0.0000000   0.0000000   0.0000000   0.0000000   0.0000000   0.0000000   0.0000000   0.0000000
 138.6085232   0.0000000   0.0000000   0.0000000   0.0000000   0.0000000   0.0000000   0.0000000   0.0000000   0.0000000   0.0000000
 138.9040637   0.0000000   0.0000000   0.0000000   0.0000000   0.0000000   0.0000000   0.0000000   0.0000000   0.0000000   0.0000000
 139.1996043   0.0000000   0.0000000   0.0000000   0.0000000   0.0000000   0.0000000   0.0000000   0.0000000   0.0000000   0.0000000
 139.4951449   0.0000000   0.0000000   0.0000000   0.0000000   0.0000000   0.0000000   0.0000000   0.0000000   0.0000000   0.0000000
 139.7906854   0.0000000   0.0000000   0.0000000   0.0000000   0.0000000   0.0000000   0.0000000   0.0000000   0.0000000   0.0000000
 140.0862260   0.0000000   0.0000000   0.0000000   0.0000000   0.0000000   0.0000000   0.0000000   0.0000000   0.0000000   0.0000000
 140.3817666   0.0000000   0.0000000   0.0000000   0.0000000   0.0000000   0.0000000   0.0000000   0.0000000   0.0000000   0.0000000
 140.6773071   0.0000000   0.0000000   0.0000000   0.0000000   0.0000000   0.0000000   0.0000000   0.0000000   0.0000000   0.0000000
 140.9728477   0.0000000   0.0000000   0.0000000   0.0000000   0.0000000   0.0000000   0.0000000   0.0000000   0.0000000   0.0000000
 141.2683882   0.0000000   0.0000000   0.0000000   0.0000000   0.0000000   0.0000000   0.0000000   0.0000000   0.0000000   0.0000000
 141.5639288   0.0000000   0.0000000   0.0000000   0.0000000   0.0000000   0.0000000   0.0000000   0.0000000   0.0000000   0.0000000
 141.8594694   0.0000000   0.0000000   0.0000000   0.0000000   0.0000000   0.0000000   0.0000000   0.0000000   0.0000000   0.0000000
 142.1550099   0.0000000   0.0000000   0.0000000   0.0000000   0.0000000   0.0000000   0.0000000   0.0000000   0.0000000   0.0000000
 142.4505505   0.0000000   0.0000000   0.0000000   0.0000000   0.0000000   0.0000000   0.0000000   0.0000000   0.0000000   0.0000000
 142.7460910   0.0000000   0.0000000   0.0000000   0.0000000   0.0000000   0.0000000   0.0000000   0.0000000   0.0000000   0.0000000
 143.0416316   0.0000000   0.0000000   0.0000000   0.0000000   0.0000000   0.0000000   0.0000000   0.0000000   0.0000000   0.0000000
 143.3371722   0.0000000   0.0000000   0.0000000   0.0000000   0.0000000   0.0000000   0.0000000   0.0000000   0.0000000   0.0000000
 143.6327127   0.0000000   0.0000000   0.0000000   0.0000000   0.0000000   0.0000000   0.0000000   0.0000000   0.0000000   0.0000000
 143.9282533   0.0000000   0.0000000   0.0000000   0.0000000   0.0000000   0.0000000   0.0000000   0.0000000   0.0000000   0.0000000
 144.2237938   0.0000000   0.0000000   0.0000000   0.0000000   0.0000000   0.0000000   0.0000000   0.0000000   0.0000000   0.0000000
 144.5193344   0.0000000   0.0000000   0.0000000   0.0000000   0.0000000   0.0000000   0.0000000   0.0000000   0.0000000   0.0000000
 144.8148750   0.0000000   0.0000000   0.0000000   0.0000000   0.0000000   0.0000000   0.0000000   0.0000000   0.0000000   0.0000000
 145.1104155   0.0000000   0.0000000   0.0000000   0.0000000   0.0000000   0.0000000   0.0000000   0.0000000   0.0000000   0.0000000
 145.4059561   0.0000000   0.0000000   0.0000000   0.0000000   0.0000000   0.0000000   0.0000000   0.0000000   0.0000000   0.0000000
 145.7014967   0.0000000   0.0000000   0.0000000   0.0000000   0.0000000   0.0000000   0.0000000   0.0000000   0.0000000   0.0000000
 145.9970372   0.0000000   0.0000000   0.0000000   0.0000000   0.0000000   0.0000000   0.0000000   0.0000000   0.0000000   0.0000000
 146.2925778   0.0000000   0.0000000   0.0000000   0.0000000   0.0000000   0.0000000   0.0000000   0.0000000   0.0000000   0.0000000
 146.5881183   0.0000000   0.0000000   0.0000000   0.0000000   0.0000000   0.0000000   0.0000000   0.0000000   0.0000000   0.0000000
 146.8836589   0.0000000   0.0000000   0.0000000   0.0000000   0.0000000   0.0000000   0.0000000   0.0000000   0.0000000   0.0000000
 147.1791995   0.0000000   0.0000000   0.0000000   0.0000000   0.0000000   0.0000000   0.0000000   0.0000000   0.0000000   0.0000000
 147.4747400   0.0000000   0.0000000   0.0000000   0.0000000   0.0000000   0.0000000   0.0000000   0.0000000   0.0000000   0.0000000
 147.7702806   0.0000000   0.0000000   0.0000000   0.0000000   0.0000000   0.0000000   0.0000000   0.0000000   0.0000000   0.0000000
