   0.2955406   0.0000000   0.0000000   0.0000452   0.0011290   0.0049965   0.0109366   0.0171687   0.0226707   0.0271910   0.0308261
   0.5910811   0.0018610   0.0358591   0.0705220   0.0830561   0.0847360   0.0827264   0.0799611   0.0774165   0.0753085   0.0736005
   0.8866217   0.0746782   0.1050888   0.1292154   0.1343289   0.1314654   0.1264112   0.1210813   0.1160512   0.1114488   0.1072669
   1.1821622   0.1223157   0.1232239   0.1207654   0.1163954   0.1156230   0.1170270   0.1183106   0.1185395   0.1176905   0.1160463
   1.4777028   0.1054157   0.1168578   0.1226181   0.1225781   0.1199919   0.1169008   0.1142579   0.1124035   0.1112187   0.1104084
   1.7732434   0.0402136   0.0637550   0.0779800   0.0856882   0.0901357   0.0933730   0.0959281   0.0978521   0.0992353   0.1002155
   2.0687839   0.0737239   0.0809824   0.0876209   0.0913239   0.0924007   0.0927366   0.0930706   0.0935011   0.0939656   0.0944063
   2.3643245   0.0922626   0.1012681   0.1013642   0.0995646   0.0977342   0.0959677   0.0943057   0.0929033   0.0918598   0.0911765
   2.6598651   0.1025142   0.0971205   0.0894779   0.0847422   0.0831156   0.0832022   0.0838724   0.0845898   0.0851699   0.0855931
   2.9554056   0.0590695   0.0600939   0.0668138   0.0721943   0.0759289   0.0782367   0.0796630   0.0806410   0.0813832   0.0819681
   3.2509462   0.1159999   0.0999261   0.0950970   0.0908491   0.0873135   0.0848366   0.0832714   0.0823012   0.0816863   0.0812868
   3.5464867   0.0709885   0.0684388   0.0712493   0.0750660   0.0776882   0.0790598   0.0795663   0.0795627   0.0792992   0.0789307
   3.8420273   0.0863118   0.0852424   0.0814610   0.0784403   0.0765116   0.0753581   0.0747030   0.0743469   0.0741468   0.0740118
   4.1375679   0.0704758   0.0685236   0.0668729   0.0661315   0.0662959   0.0668061   0.0673242   0.0677461   0.0680730   0.0683315
   4.4331084   0.0566636   0.0562045   0.0589464   0.0612554   0.0625493   0.0631384   0.0634157   0.0636089   0.0638071   0.0640340
   4.7286490   0.0768646   0.0697594   0.0662768   0.0639756   0.0623941   0.0615130   0.0611478   0.0610939   0.0612183   0.0614432
   5.0241895   0.0418052   0.0481813   0.0513637   0.0542566   0.0564700   0.0580236   0.0590976   0.0598406   0.0603566   0.0607163
   5.3197301   0.0729422   0.0680176   0.0666926   0.0655633   0.0644670   0.0635756   0.0628931   0.0623686   0.0619499   0.0616022
   5.6152707   0.0582232   0.0644202   0.0655971   0.0647095   0.0638399   0.0630946   0.0623815   0.0617018   0.0610901   0.0605697
   5.9108112   0.0516353   0.0521001   0.0534392   0.0543840   0.0550148   0.0555012   0.0559111   0.0562615   0.0565515   0.0567831
   6.2063518   0.0494786   0.0490926   0.0497101   0.0504493   0.0511198   0.0517677   0.0524121   0.0530407   0.0536324   0.0541679
   6.5018923   0.0552329   0.0561893   0.0554869   0.0549283   0.0546290   0.0545032   0.0544743   0.0544943   0.0545390   0.0545972
   6.7974329   0.0596194   0.0579967   0.0577456   0.0576906   0.0575623   0.0572525   0.0568180   0.0563417   0.0558798   0.0554612
   7.0929735   0.0633841   0.0600470   0.0578882   0.0566155   0.0557987   0.0552529   0.0548558   0.0545285   0.0542314   0.0539494
   7.3885140   0.0475361   0.0465183   0.0471810   0.0482722   0.0491352   0.0497105   0.0501019   0.0503730   0.0505515   0.0506529
   7.6840546   0.0510164   0.0497299   0.0480694   0.0475930   0.0474997   0.0474769   0.0474778   0.0474969   0.0475305   0.0475745
   7.9795952   0.0585552   0.0521956   0.0483379   0.0466168   0.0457900   0.0453404   0.0450720   0.0449137   0.0448397   0.0448335
   8.2751357   0.0359987   0.0381052   0.0388786   0.0397522   0.0405209   0.0410851   0.0415192   0.0418754   0.0421720   0.0424183
   8.5706763   0.0419319   0.0409944   0.0403644   0.0403630   0.0405623   0.0407806   0.0409669   0.0411168   0.0412392   0.0413456
   8.8662168   0.0464053   0.0474165   0.0455792   0.0440041   0.0429269   0.0421807   0.0416571   0.0412971   0.0410623   0.0409228
   9.1617574   0.0358701   0.0358309   0.0364948   0.0376141   0.0385245   0.0391406   0.0395398   0.0397981   0.0399682   0.0400866
   9.4572980   0.0423921   0.0411008   0.0400703   0.0396027   0.0393919   0.0393400   0.0394016   0.0395286   0.0396824   0.0398398
   9.7528385   0.0431950   0.0417604   0.0410212   0.0406943   0.0406030   0.0405650   0.0405374   0.0405260   0.0405386   0.0405741
  10.0483791   0.0473092   0.0427376   0.0415548   0.0413722   0.0414534   0.0415536   0.0416277   0.0416694   0.0416762   0.0416501
  10.3439196   0.0462635   0.0453888   0.0440291   0.0434910   0.0432921   0.0431558   0.0429974   0.0428062   0.0425910   0.0423620
  10.6394602   0.0433587   0.0448236   0.0446390   0.0440640   0.0435046   0.0430070   0.0425689   0.0421801   0.0418320   0.0415189
  10.9350008   0.0323926   0.0353274   0.0370508   0.0379958   0.0384659   0.0386884   0.0387897   0.0388301   0.0388373   0.0388262
  11.2305413   0.0324637   0.0348338   0.0349474   0.0348509   0.0348731   0.0350214   0.0352402   0.0354888   0.0357446   0.0359961
  11.5260819   0.0345763   0.0343810   0.0338204   0.0336103   0.0336255   0.0337679   0.0339684   0.0342033   0.0344704   0.0347670
  11.8216224   0.0336440   0.0331662   0.0337136   0.0342703   0.0345442   0.0347055   0.0348861   0.0351158   0.0353778   0.0356510
  12.1171630   0.0335272   0.0353890   0.0361333   0.0366670   0.0372272   0.0376853   0.0379934   0.0381762   0.0382755   0.0383267
  12.4127036   0.0544449   0.0502773   0.0475910   0.0455450   0.0440980   0.0431157   0.0424237   0.0419054   0.0414977   0.0411663
  12.7082441   0.0321935   0.0369342   0.0394745   0.0412757   0.0422081   0.0425601   0.0426171   0.0425369   0.0423911   0.0422126
  13.0037847   0.0395147   0.0418344   0.0417913   0.0416654   0.0416331   0.0417026   0.0418136   0.0419080   0.0419597   0.0419659
  13.2993253   0.0484439   0.0453554   0.0438690   0.0429476   0.0423707   0.0420040   0.0417643   0.0416127   0.0415260   0.0414827
  13.5948658   0.0358274   0.0375633   0.0385019   0.0393410   0.0399567   0.0403453   0.0405804   0.0407260   0.0408214   0.0408914
  13.8904064   0.0401793   0.0420112   0.0415945   0.0410261   0.0406804   0.0405315   0.0404983   0.0405301   0.0406007   0.0406951
  14.1859469   0.0384122   0.0397116   0.0405576   0.0406870   0.0407110   0.0407617   0.0408471   0.0409592   0.0410872   0.0412207
  14.4814875   0.0353154   0.0382043   0.0399044   0.0409365   0.0415808   0.0419945   0.0422640   0.0424388   0.0425469   0.0426061
  14.7770281   0.0503422   0.0488524   0.0477202   0.0467569   0.0459893   0.0454314   0.0450156   0.0446797   0.0443878   0.0441227
  15.0725686   0.0430409   0.0438638   0.0445949   0.0450781   0.0452385   0.0451583   0.0449360   0.0446448   0.0443314   0.0440227
  15.3681092   0.0433854   0.0431581   0.0427306   0.0424817   0.0423137   0.0421913   0.0421167   0.0420739   0.0420435   0.0420128
  15.6636497   0.0458075   0.0401661   0.0383728   0.0381256   0.0383463   0.0386666   0.0389832   0.0392730   0.0395315   0.0397568
  15.9591903   0.0399663   0.0399206   0.0386501   0.0381728   0.0381408   0.0382340   0.0383594   0.0384904   0.0386198   0.0387502
  16.2547309   0.0449547   0.0413316   0.0398837   0.0395370   0.0393455   0.0391262   0.0389089   0.0387399   0.0386536   0.0386755
  16.5502714   0.0367702   0.0386746   0.0382639   0.0379659   0.0378878   0.0379394   0.0381190   0.0384503   0.0389552   0.0396402
  16.8458120   0.0392454   0.0362548   0.0361478   0.0368197   0.0378454   0.0391624   0.0407399   0.0425169   0.0444078   0.0463221
  17.1413525   0.0441038   0.0483017   0.0502146   0.0523438   0.0548157   0.0573392   0.0597467   0.0619120   0.0637618   0.0652795
  17.4368931   0.1177621   0.1063217   0.1026589   0.1013339   0.1003082   0.0989739   0.0973451   0.0955724   0.0937820   0.0920526
  17.7324337   0.1564798   0.1492115   0.1403861   0.1335787   0.1280290   0.1231834   0.1188296   0.1148882   0.1113297   0.1081407
  18.0279742   0.1078210   0.0971864   0.0988640   0.1017690   0.1040628   0.1054732   0.1061572   0.1063187   0.1061244   0.1056914
  18.3235148   0.0944335   0.0897104   0.0893089   0.0897183   0.0905340   0.0918695   0.0936557   0.0956361   0.0975491   0.0992129
  18.6190554   0.0935734   0.0905204   0.0916858   0.0939442   0.0960800   0.0978330   0.0991436   0.1000839   0.1007719   0.1012972
  18.9145959   0.1313932   0.1267535   0.1255430   0.1222950   0.1185601   0.1150859   0.1121161   0.1096621   0.1076501   0.1059994
  19.2101365   0.0884971   0.0977886   0.1018769   0.1035432   0.1045154   0.1048183   0.1045286   0.1038353   0.1029177   0.1019050
  19.5056770   0.1083959   0.0977275   0.0924917   0.0901258   0.0892938   0.0893528   0.0898031   0.0903269   0.0907561   0.0910224
  19.8012176   0.0690238   0.0735842   0.0757901   0.0775363   0.0787133   0.0793563   0.0797361   0.0800446   0.0803523   0.0806573
  20.0967582   0.0849249   0.0765781   0.0743343   0.0734212   0.0728528   0.0725348   0.0723622   0.0722474   0.0721605   0.0721059
  20.3922987   0.0610216   0.0640153   0.0649608   0.0649637   0.0647228   0.0643881   0.0640604   0.0637938   0.0636051   0.0634931
  20.6878393   0.0507706   0.0511144   0.0512861   0.0519164   0.0525732   0.0531230   0.0535766   0.0539650   0.0543144   0.0546448
  20.9833798   0.0550162   0.0504892   0.0474388   0.0462530   0.0459439   0.0460658   0.0464134   0.0468791   0.0474019   0.0479459
  21.2789204   0.0396224   0.0415293   0.0415449   0.0420664   0.0427036   0.0432313   0.0436682   0.0440647   0.0444521   0.0448452
  21.5744610   0.0493617   0.0466015   0.0454308   0.0449493   0.0446879   0.0445099   0.0443988   0.0443515   0.0443599   0.0444151
  21.8700015   0.0503094   0.0469872   0.0459462   0.0453723   0.0450973   0.0449641   0.0448778   0.0447988   0.0447146   0.0446249
  22.1655421   0.0402976   0.0425147   0.0435898   0.0441504   0.0444901   0.0446399   0.0446466   0.0445592   0.0444125   0.0442297
  22.4610826   0.0485598   0.0462713   0.0458474   0.0451394   0.0444350   0.0438600   0.0434116   0.0430526   0.0427504   0.0424832
  22.7566232   0.0370092   0.0367024   0.0375198   0.0383052   0.0387871   0.0390539   0.0391778   0.0392090   0.0391848   0.0391308
  23.0521638   0.0333256   0.0350082   0.0352237   0.0351367   0.0350275   0.0349781   0.0350055   0.0350893   0.0352000   0.0353132
  23.3477043   0.0320113   0.0313800   0.0310819   0.0310835   0.0312666   0.0314986   0.0317137   0.0318930   0.0320364   0.0321494
  23.6432449   0.0344111   0.0311680   0.0304575   0.0302485   0.0301483   0.0300448   0.0299191   0.0297856   0.0296615   0.0295575
  23.9387855   0.0285600   0.0289085   0.0286832   0.0281737   0.0276632   0.0272420   0.0269276   0.0267052   0.0265538   0.0264558
  24.2343260   0.0170290   0.0179574   0.0192091   0.0202949   0.0211195   0.0217305   0.0221835   0.0225247   0.0227881   0.0229978
  24.5298666   0.0219264   0.0218643   0.0212625   0.0206582   0.0203099   0.0201886   0.0202186   0.0203342   0.0204903   0.0206593
  24.8254071   0.0199905   0.0190616   0.0190186   0.0192326   0.0193952   0.0194677   0.0194731   0.0194503   0.0194285   0.0194223
  25.1209477   0.0181554   0.0188143   0.0190103   0.0188924   0.0187221   0.0185826   0.0184809   0.0184029   0.0183391   0.0182872
  25.4164883   0.0150810   0.0155669   0.0162605   0.0166131   0.0167563   0.0168141   0.0168432   0.0168644   0.0168848   0.0169066
  25.7120288   0.0157105   0.0148165   0.0148791   0.0150350   0.0151580   0.0152731   0.0153846   0.0154904   0.0155898   0.0156824
  26.0075694   0.0132550   0.0151104   0.0151261   0.0149619   0.0148609   0.0148336   0.0148552   0.0149023   0.0149599   0.0150199
  26.3031099   0.0133261   0.0136561   0.0141293   0.0144666   0.0146761   0.0147740   0.0147994   0.0147893   0.0147666   0.0147422
  26.5986505   0.0178667   0.0167607   0.0159428   0.0153570   0.0149718   0.0147352   0.0145851   0.0144791   0.0143956   0.0143258
  26.8941911   0.0118126   0.0121807   0.0126785   0.0130779   0.0133286   0.0134587   0.0135146   0.0135317   0.0135311   0.0135238
  27.1897316   0.0124472   0.0125410   0.0126214   0.0125805   0.0125264   0.0125029   0.0125164   0.0125556   0.0126080   0.0126666
  27.4852722   0.0119135   0.0118763   0.0116870   0.0116616   0.0117355   0.0118327   0.0119264   0.0120179   0.0121149   0.0122218
  27.7808127   0.0137294   0.0128241   0.0122778   0.0120937   0.0120516   0.0120782   0.0121556   0.0122706   0.0124077   0.0125538
  28.0763533   0.0117772   0.0125605   0.0125975   0.0127866   0.0130567   0.0133054   0.0135046   0.0136554   0.0137675   0.0138508
  28.3718939   0.0188212   0.0179973   0.0173289   0.0169047   0.0165816   0.0163083   0.0160748   0.0158754   0.0157030   0.0155511
  28.6674344   0.0185183   0.0177801   0.0174552   0.0173697   0.0172696   0.0171252   0.0169497   0.0167568   0.0165574   0.0163605
  28.9629750   0.0142383   0.0155524   0.0158755   0.0159843   0.0160418   0.0160671   0.0160617   0.0160314   0.0159874   0.0159409
  29.2585156   0.0140696   0.0149073   0.0150721   0.0150017   0.0148852   0.0148225   0.0148416   0.0149337   0.0150781   0.0152548
  29.5540561   0.0113457   0.0116839   0.0122987   0.0129471   0.0135719   0.0141353   0.0146327   0.0150765   0.0154808   0.0158547
  29.8495967   0.0203180   0.0195755   0.0188939   0.0184381   0.0182212   0.0181838   0.0182594   0.0183984   0.0185655   0.0187369
  30.1451372   0.0218567   0.0226946   0.0230874   0.0233160   0.0234049   0.0233790   0.0232665   0.0230966   0.0228959   0.0226844
  30.4406778   0.0275371   0.0280126   0.0281794   0.0280054   0.0276022   0.0271152   0.0266206   0.0261418   0.0256838   0.0252493
  30.7362184   0.0273915   0.0264610   0.0262754   0.0261638   0.0260510   0.0259141   0.0257446   0.0255505   0.0253450   0.0251382
  31.0317589   0.0221493   0.0229067   0.0227116   0.0226357   0.0227031   0.0228645   0.0230750   0.0232972   0.0235067   0.0236916
  31.3272995   0.0198950   0.0200966   0.0206215   0.0211807   0.0216740   0.0220674   0.0223950   0.0226938   0.0229832   0.0232699
  31.6228400   0.0293975   0.0269815   0.0257456   0.0249693   0.0245484   0.0243686   0.0243366   0.0244008   0.0245366   0.0247310
  31.9183806   0.0234529   0.0251257   0.0258286   0.0262765   0.0266063   0.0268612   0.0270852   0.0273135   0.0275578   0.0278138
  32.2139212   0.0296059   0.0298188   0.0305529   0.0309294   0.0312255   0.0315637   0.0319127   0.0322167   0.0324472   0.0326021
  32.5094617   0.0377283   0.0382976   0.0394690   0.0399955   0.0399942   0.0397044   0.0392875   0.0388326   0.0383821   0.0379514
  32.8050023   0.0476415   0.0473966   0.0463795   0.0452367   0.0442019   0.0433175   0.0425485   0.0418565   0.0412160   0.0406142
  33.1005428   0.0366125   0.0376876   0.0381898   0.0387136   0.0392279   0.0396074   0.0398006   0.0398250   0.0397239   0.0395415
  33.3960834   0.0403366   0.0384146   0.0381039   0.0377160   0.0373211   0.0370117   0.0368331   0.0367832   0.0368294   0.0369319
  33.6916240   0.0326205   0.0316614   0.0319256   0.0322794   0.0327199   0.0332327   0.0337607   0.0342647   0.0347328   0.0351649
  33.9871645   0.0302500   0.0313291   0.0326529   0.0336217   0.0342668   0.0347296   0.0351057   0.0354365   0.0357336   0.0359987
  34.2827051   0.0430433   0.0423736   0.0417836   0.0410086   0.0403122   0.0397567   0.0393079   0.0389339   0.0386238   0.0383778
  34.5782457   0.0392879   0.0402841   0.0408211   0.0409642   0.0408769   0.0406474   0.0403509   0.0400524   0.0397941   0.0395948
  34.8737862   0.0368127   0.0378204   0.0379314   0.0379661   0.0381184   0.0384004   0.0387727   0.0391825   0.0395811   0.0399338
  35.1693268   0.0359999   0.0374519   0.0377913   0.0385024   0.0393716   0.0402032   0.0409139   0.0414727   0.0418774   0.0421406
  35.4648673   0.0554619   0.0529739   0.0512787   0.0503296   0.0494561   0.0485351   0.0476148   0.0467438   0.0459400   0.0452024
  35.7604079   0.0548585   0.0534233   0.0515625   0.0500158   0.0488016   0.0477260   0.0466948   0.0456901   0.0447216   0.0438033
  36.0559485   0.0326322   0.0341660   0.0351513   0.0357596   0.0362705   0.0366435   0.0368606   0.0369370   0.0368959   0.0367626
  36.3514890   0.0254550   0.0261633   0.0265708   0.0267929   0.0269033   0.0270745   0.0273368   0.0276611   0.0280112   0.0283593
  36.6470296   0.0155708   0.0173726   0.0189505   0.0197639   0.0201869   0.0205158   0.0208509   0.0212240   0.0216465   0.0221192
  36.9425701   0.0110105   0.0145078   0.0162204   0.0168325   0.0171389   0.0174516   0.0178268   0.0182637   0.0187605   0.0193157
  37.2381107   0.0135070   0.0160191   0.0172087   0.0177489   0.0180955   0.0184501   0.0188789   0.0193898   0.0199594   0.0205540
  37.5336513   0.0227620   0.0226741   0.0227354   0.0230200   0.0235347   0.0241524   0.0247236   0.0251743   0.0254934   0.0257013
  37.8291918   0.0333853   0.0367651   0.0371866   0.0367890   0.0360725   0.0351799   0.0342241   0.0332898   0.0324223   0.0316369
  38.1247324   0.0411855   0.0410507   0.0400223   0.0388480   0.0376342   0.0365040   0.0354908   0.0345792   0.0337411   0.0329530
  38.4202730   0.0213605   0.0230204   0.0243601   0.0257660   0.0270788   0.0281352   0.0288611   0.0292639   0.0293940   0.0293131
  38.7158135   0.0300486   0.0293806   0.0284749   0.0274080   0.0263977   0.0255726   0.0249646   0.0245425   0.0242506   0.0240353
  39.0113541   0.0169570   0.0170459   0.0173792   0.0176730   0.0178112   0.0178247   0.0177652   0.0176839   0.0176203   0.0175959
  39.3068946   0.0070012   0.0073760   0.0077609   0.0082019   0.0087080   0.0092606   0.0098227   0.0103604   0.0108556   0.0113054
  39.6024352   0.0060341   0.0059213   0.0059243   0.0059889   0.0061197   0.0063222   0.0065952   0.0069283   0.0073051   0.0077075
  39.8979758   0.0065675   0.0062312   0.0061940   0.0062682   0.0063556   0.0064322   0.0065037   0.0065866   0.0066973   0.0068457
  40.1935163   0.0074308   0.0079402   0.0077901   0.0075679   0.0073877   0.0072669   0.0072034   0.0071864   0.0072045   0.0072496
  40.4890569   0.0064853   0.0065066   0.0068033   0.0071570   0.0074609   0.0076972   0.0078690   0.0079873   0.0080652   0.0081151
  40.7845974   0.0112078   0.0104244   0.0102005   0.0099790   0.0097637   0.0095902   0.0094558   0.0093483   0.0092598   0.0091872
  41.0801380   0.0093582   0.0099498   0.0103207   0.0104388   0.0103943   0.0102760   0.0101443   0.0100299   0.0099440   0.0098873
  41.3756786   0.0104075   0.0092279   0.0091436   0.0092615   0.0094462   0.0096603   0.0098766   0.0100757   0.0102470   0.0103892
  41.6712191   0.0103739   0.0108715   0.0109463   0.0109275   0.0110354   0.0111874   0.0113259   0.0114445   0.0115505   0.0116482
  41.9667597   0.0139529   0.0154740   0.0152840   0.0147784   0.0143327   0.0140076   0.0137871   0.0136448   0.0135547   0.0134966
  42.2623002   0.0103239   0.0122841   0.0133151   0.0141760   0.0147137   0.0150193   0.0151666   0.0152042   0.0151682   0.0150859
  42.5578408   0.0167720   0.0179454   0.0181516   0.0177751   0.0173198   0.0169280   0.0166160   0.0163603   0.0161399   0.0159437
  42.8533814   0.0174284   0.0159885   0.0158725   0.0160050   0.0160570   0.0160087   0.0159091   0.0158030   0.0157124   0.0156425
  43.1489219   0.0179064   0.0150045   0.0139757   0.0136373   0.0137131   0.0139686   0.0142685   0.0145528   0.0148001   0.0150065
  43.4444625   0.0148175   0.0148367   0.0147762   0.0147898   0.0148700   0.0149745   0.0150916   0.0152163   0.0153423   0.0154631
  43.7400031   0.0169385   0.0166846   0.0170363   0.0173024   0.0173244   0.0172066   0.0170465   0.0168897   0.0167548   0.0166492
  44.0355436   0.0189657   0.0189951   0.0184757   0.0181508   0.0179326   0.0177681   0.0176355   0.0175246   0.0174319   0.0173564
  44.3310842   0.0182372   0.0175208   0.0169136   0.0168102   0.0169273   0.0171056   0.0172861   0.0174468   0.0175787   0.0176786
  44.6266247   0.0194958   0.0181551   0.0178070   0.0179087   0.0180755   0.0182080   0.0183057   0.0183745   0.0184172   0.0184361
  44.9221653   0.0222955   0.0219335   0.0212201   0.0208004   0.0204692   0.0201569   0.0198646   0.0196009   0.0193687   0.0191663
  45.2177059   0.0207147   0.0203348   0.0198547   0.0195572   0.0193922   0.0192707   0.0191506   0.0190203   0.0188824   0.0187431
  45.5132464   0.0153745   0.0162555   0.0165644   0.0168142   0.0170018   0.0171369   0.0172399   0.0173215   0.0173851   0.0174314
  45.8087870   0.0152190   0.0158465   0.0158614   0.0158631   0.0158846   0.0159305   0.0160057   0.0161027   0.0162063   0.0163014
  46.1043275   0.0169095   0.0158890   0.0154831   0.0154203   0.0155014   0.0156086   0.0156876   0.0157207   0.0157081   0.0156572
  46.3998681   0.0180494   0.0172887   0.0168713   0.0165544   0.0162430   0.0158986   0.0155304   0.0151596   0.0148025   0.0144690
  46.6954087   0.0145837   0.0140549   0.0136549   0.0132311   0.0128106   0.0124178   0.0120680   0.0117640   0.0115027   0.0112793
  46.9909492   0.0032663   0.0035881   0.0040751   0.0046362   0.0051580   0.0056177   0.0060127   0.0063450   0.0066209   0.0068488
  47.2864898   0.0021332   0.0021498   0.0021431   0.0021959   0.0023178   0.0025104   0.0027594   0.0030437   0.0033436   0.0036436
  47.5820303   0.0022499   0.0022304   0.0022000   0.0021649   0.0021358   0.0021203   0.0021278   0.0021667   0.0022412   0.0023499
  47.8775709   0.0017647   0.0017777   0.0018246   0.0018710   0.0019048   0.0019261   0.0019392   0.0019493   0.0019618   0.0019827
  48.1731115   0.0020830   0.0019841   0.0019104   0.0018673   0.0018456   0.0018376   0.0018367   0.0018388   0.0018423   0.0018470
  48.4686520   0.0015596   0.0017041   0.0017453   0.0017558   0.0017599   0.0017605   0.0017594   0.0017581   0.0017573   0.0017574
  48.7641926   0.0015708   0.0016055   0.0016357   0.0016542   0.0016635   0.0016683   0.0016710   0.0016725   0.0016735   0.0016742
  49.0597332   0.0016108   0.0016520   0.0016370   0.0016157   0.0016025   0.0015964   0.0015941   0.0015938   0.0015946   0.0015961
  49.3552737   0.0014625   0.0014626   0.0014797   0.0014951   0.0015058   0.0015135   0.0015190   0.0015233   0.0015269   0.0015301
  49.6508143   0.0013773   0.0014389   0.0014666   0.0014775   0.0014793   0.0014792   0.0014796   0.0014807   0.0014822   0.0014838
  49.9463548   0.0012987   0.0014054   0.0014384   0.0014504   0.0014534   0.0014532   0.0014519   0.0014504   0.0014493   0.0014488
  50.2418954   0.0013761   0.0014180   0.0014247   0.0014201   0.0014144   0.0014115   0.0014109   0.0014118   0.0014135   0.0014153
  50.5374360   0.0012564   0.0012926   0.0013228   0.0013451   0.0013614   0.0013732   0.0013813   0.0013872   0.0013915   0.0013948
  50.8329765   0.0013841   0.0014592   0.0014528   0.0014307   0.0014141   0.0014041   0.0013985   0.0013950   0.0013924   0.0013899
  51.1285171   0.0013287   0.0013361   0.0013598   0.0013804   0.0013905   0.0013924   0.0013891   0.0013829   0.0013751   0.0013667
  51.4240576   0.0013682   0.0013818   0.0013778   0.0013619   0.0013451   0.0013301   0.0013174   0.0013064   0.0012959   0.0012852
  51.7195982   0.0011656   0.0011490   0.0011408   0.0011407   0.0011453   0.0011496   0.0011504   0.0011467   0.0011390   0.0011284
  52.0151388   0.0010249   0.0010074   0.0009990   0.0009906   0.0009763   0.0009576   0.0009379   0.0009189   0.0009017   0.0008864
  52.3106793   0.0006662   0.0006466   0.0006147   0.0005928   0.0005774   0.0005668   0.0005599   0.0005562   0.0005549   0.0005555
  52.6062199   0.0000000   0.0000017   0.0000175   0.0000484   0.0000855   0.0001225   0.0001566   0.0001870   0.0002140   0.0002380
  52.9017604   0.0000000   0.0000000   0.0000000   0.0000001   0.0000015   0.0000062   0.0000152   0.0000282   0.0000441   0.0000618
  53.1973010   0.0000000   0.0000000   0.0000000   0.0000000   0.0000000   0.0000001   0.0000004   0.0000017   0.0000044   0.0000091
  53.4928416   0.0000000   0.0000000   0.0000000   0.0000000   0.0000000   0.0000000   0.0000000   0.0000000   0.0000002   0.0000008
  53.7883821   0.0000000   0.0000000   0.0000000   0.0000000   0.0000000   0.0000000   0.0000000   0.0000001   0.0000004   0.0000015
  54.0839227   0.0000000   0.0000000   0.0000000   0.0000000   0.0000000   0.0000001   0.0000007   0.0000031   0.0000090   0.0000205
  54.3794633   0.0000000   0.0000000   0.0000000   0.0000002   0.0000023   0.0000103   0.0000288   0.0000605   0.0001063   0.0001646
  54.6750038   0.0000000   0.0000031   0.0000242   0.0000761   0.0001563   0.0002598   0.0003801   0.0005093   0.0006391   0.0007628
  54.9705444   0.0012254   0.0012423   0.0013339   0.0014747   0.0016335   0.0017821   0.0019043   0.0019967   0.0020620   0.0021049
  55.2660849   0.0052606   0.0052735   0.0051341   0.0049096   0.0046547   0.0044039   0.0041718   0.0039620   0.0037737   0.0036045
  55.5616255   0.0046228   0.0048667   0.0049861   0.0049920   0.0049130   0.0047833   0.0046259   0.0044544   0.0042773   0.0041001
  55.8571661   0.0033171   0.0033334   0.0033608   0.0033950   0.0034421   0.0034880   0.0035167   0.0035199   0.0034964   0.0034494
  56.1527066   0.0026213   0.0026119   0.0025343   0.0024668   0.0024168   0.0023813   0.0023599   0.0023510   0.0023510   0.0023547
  56.4482472   0.0010712   0.0010155   0.0010176   0.0010463   0.0010825   0.0011198   0.0011572   0.0011957   0.0012360   0.0012786
  56.7437877   0.0000005   0.0000199   0.0000624   0.0001157   0.0001745   0.0002372   0.0003021   0.0003675   0.0004323   0.0004958
  57.0393283   0.0000000   0.0000000   0.0000000   0.0000008   0.0000048   0.0000150   0.0000323   0.0000568   0.0000876   0.0001237
  57.3348689   0.0000000   0.0000000   0.0000000   0.0000000   0.0000000   0.0000002   0.0000012   0.0000039   0.0000093   0.0000184
  57.6304094   0.0000000   0.0000000   0.0000000   0.0000000   0.0000000   0.0000000   0.0000000   0.0000001   0.0000005   0.0000016
  57.9259500   0.0000000   0.0000000   0.0000000   0.0000000   0.0000000   0.0000000   0.0000000   0.0000000   0.0000000   0.0000001
  58.2214905   0.0000000   0.0000000   0.0000000   0.0000000   0.0000000   0.0000000   0.0000000   0.0000000   0.0000000   0.0000000
  58.5170311   0.0000000   0.0000000   0.0000000   0.0000000   0.0000000   0.0000000   0.0000000   0.0000000   0.0000000   0.0000000
  58.8125717   0.0000000   0.0000000   0.0000000   0.0000000   0.0000000   0.0000000   0.0000000   0.0000000   0.0000000   0.0000000
  59.1081122   0.0000000   0.0000000   0.0000000   0.0000000   0.0000000   0.0000000   0.0000000   0.0000000   0.0000000   0.0000000
  59.4036528   0.0000000   0.0000000   0.0000000   0.0000000   0.0000000   0.0000000   0.0000000   0.0000000   0.0000000   0.0000000
  59.6991934   0.0000000   0.0000000   0.0000000   0.0000000   0.0000000   0.0000000   0.0000000   0.0000000   0.0000000   0.0000000
  59.9947339   0.0000000   0.0000000   0.0000000   0.0000000   0.0000000   0.0000000   0.0000000   0.0000000   0.0000000   0.0000000
  60.2902745   0.0000000   0.0000000   0.0000000   0.0000000   0.0000000   0.0000000   0.0000000   0.0000000   0.0000000   0.0000000
  60.5858150   0.0000000   0.0000000   0.0000000   0.0000000   0.0000000   0.0000000   0.0000000   0.0000000   0.0000000   0.0000000
  60.8813556   0.0000000   0.0000000   0.0000000   0.0000000   0.0000000   0.0000000   0.0000000   0.0000000   0.0000000   0.0000000
  61.1768962   0.0000000   0.0000000   0.0000000   0.0000000   0.0000000   0.0000000   0.0000000   0.0000000   0.0000000   0.0000000
  61.4724367   0.0000000   0.0000000   0.0000000   0.0000000   0.0000000   0.0000000   0.0000000   0.0000000   0.0000000   0.0000000
  61.7679773   0.0000000   0.0000000   0.0000000   0.0000000   0.0000000   0.0000000   0.0000000   0.0000000   0.0000000   0.0000000
  62.0635178   0.0000000   0.0000000   0.0000000   0.0000000   0.0000000   0.0000000   0.0000000   0.0000000   0.0000000   0.0000000
  62.3590584   0.0000000   0.0000000   0.0000000   0.0000000   0.0000000   0.0000000   0.0000000   0.0000000   0.0000000   0.0000000
  62.6545990   0.0000000   0.0000000   0.0000000   0.0000000   0.0000000   0.0000000   0.0000000   0.0000000   0.0000000   0.0000000
  62.9501395   0.0000000   0.0000000   0.0000000   0.0000000   0.0000000   0.0000000   0.0000000   0.0000000   0.0000000   0.0000000
  63.2456801   0.0000000   0.0000000   0.0000000   0.0000000   0.0000000   0.0000000   0.0000000   0.0000000   0.0000000   0.0000000
  63.5412206   0.0000000   0.0000000   0.0000000   0.0000000   0.0000000   0.0000000   0.0000000   0.0000000   0.0000000   0.0000000
  63.8367612   0.0000000   0.0000000   0.0000000   0.0000000   0.0000000   0.0000000   0.0000000   0.0000000   0.0000000   0.0000000
  64.1323018   0.0000000   0.0000000   0.0000000   0.0000000   0.0000000   0.0000000   0.0000000   0.0000000   0.0000000   0.0000000
  64.4278423   0.0000000   0.0000000   0.0000000   0.0000000   0.0000000   0.0000000   0.0000000   0.0000000   0.0000000   0.0000000
  64.7233829   0.0000000   0.0000000   0.0000000   0.0000000   0.0000000   0.0000000   0.0000000   0.0000000   0.0000000   0.0000000
  65.0189235   0.0000000   0.0000000   0.0000000   0.0000000   0.0000000   0.0000000   0.0000000   0.0000000   0.0000000   0.0000000
  65.3144640   0.0000000   0.0000000   0.0000000   0.0000000   0.0000000   0.0000000   0.0000000   0.0000000   0.0000000   0.0000000
  65.6100046   0.0000000   0.0000000   0.0000000   0.0000000   0.0000000   0.0000000   0.0000000   0.0000000   0.0000000   0.0000000
  65.9055451   0.0000000   0.0000000   0.0000000   0.0000000   0.0000000   0.0000000   0.0000000   0.0000000   0.0000000   0.0000000
  66.2010857   0.0000000   0.0000000   0.0000000   0.0000000   0.0000000   0.0000000   0.0000000   0.0000000   0.0000000   0.0000002
  66.4966263   0.0000000   0.0000000   0.0000000   0.0000000   0.0000000   0.0000000   0.0000000   0.0000002   0.0000012   0.0000040
  66.7921668   0.0000000   0.0000000   0.0000000   0.0000000   0.0000000   0.0000004   0.0000027   0.0000096   0.0000241   0.0000481
  67.0877074   0.0000000   0.0000000   0.0000000   0.0000012   0.0000104   0.0000367   0.0000834   0.0001489   0.0002303   0.0003251
  67.3832479   0.0000000   0.0000221   0.0001293   0.0002903   0.0004641   0.0006338   0.0007999   0.0009666   0.0011370   0.0013124
  67.6787885   0.0035945   0.0031237   0.0028983   0.0028120   0.0028215   0.0028957   0.0030134   0.0031585   0.0033204   0.0034929
  67.9743291   0.0065232   0.0060993   0.0060921   0.0062435   0.0063877   0.0064978   0.0065881   0.0066745   0.0067650   0.0068617
  68.2698696   0.0119100   0.0116308   0.0113403   0.0111348   0.0110166   0.0109603   0.0109366   0.0109259   0.0109175   0.0109072
  68.5654102   0.0137641   0.0146710   0.0151502   0.0152752   0.0153030   0.0152799   0.0152114   0.0151100   0.0149928   0.0148738
  68.8609508   0.0182169   0.0189623   0.0192685   0.0192269   0.0189861   0.0187234   0.0185034   0.0183334   0.0182042   0.0181045
  69.1564913   0.0164455   0.0179890   0.0188831   0.0194934   0.0198935   0.0201837   0.0204098   0.0205864   0.0207221   0.0208248
  69.4520319   0.0234629   0.0237140   0.0236405   0.0235912   0.0236132   0.0236806   0.0237670   0.0238590   0.0239518   0.0240431
  69.7475724   0.0302500   0.0296147   0.0290134   0.0285888   0.0282974   0.0280924   0.0279554   0.0278761   0.0278422   0.0278403
  70.0431130   0.0301281   0.0302860   0.0304382   0.0307928   0.0311381   0.0314042   0.0315852   0.0316952   0.0317510   0.0317655
  70.3386536   0.0364227   0.0372259   0.0370519   0.0366865   0.0364002   0.0361840   0.0360182   0.0358746   0.0357245   0.0355480
  70.6341941   0.0424811   0.0403395   0.0397345   0.0396552   0.0396121   0.0394685   0.0391995   0.0388286   0.0383900   0.0379119
  70.9297347   0.0421223   0.0426478   0.0419559   0.0411018   0.0402764   0.0395109   0.0388100   0.0381612   0.0375513   0.0369731
  71.2252752   0.0319604   0.0313926   0.0318575   0.0323562   0.0326547   0.0327616   0.0327463   0.0326653   0.0325510   0.0324190
  71.5208158   0.0295245   0.0264688   0.0254820   0.0251484   0.0251933   0.0254557   0.0258182   0.0262058   0.0265775   0.0269150
  71.8163564   0.0197216   0.0207204   0.0210433   0.0213632   0.0217220   0.0220571   0.0223714   0.0226871   0.0230148   0.0233532
  72.1118969   0.0227944   0.0223129   0.0222592   0.0220361   0.0218630   0.0217806   0.0217720   0.0218202   0.0219172   0.0220608
  72.4074375   0.0206677   0.0204395   0.0211621   0.0215081   0.0216396   0.0217003   0.0217490   0.0218134   0.0219070   0.0220344
  72.7029780   0.0202952   0.0206270   0.0213177   0.0216960   0.0219168   0.0221291   0.0223649   0.0226116   0.0228555   0.0230902
  72.9985186   0.0217130   0.0234329   0.0240928   0.0245181   0.0248078   0.0250253   0.0252017   0.0253553   0.0254958   0.0256277
  73.2940592   0.0317636   0.0311915   0.0307527   0.0302256   0.0298319   0.0295626   0.0293633   0.0292053   0.0290834   0.0290063
  73.5895997   0.0329067   0.0316958   0.0321581   0.0323854   0.0323973   0.0323145   0.0322093   0.0321384   0.0321553   0.0323020
  73.8851403   0.0304833   0.0321130   0.0329942   0.0334003   0.0336797   0.0340213   0.0345669   0.0353767   0.0364252   0.0376410
  74.1806809   0.0391949   0.0378649   0.0374320   0.0381912   0.0399465   0.0423370   0.0449278   0.0474213   0.0496786   0.0516573
  74.4762214   0.0669983   0.0676391   0.0715947   0.0745879   0.0761701   0.0768726   0.0771136   0.0771196   0.0769934   0.0767782
  74.7717620   0.1194298   0.1249619   0.1240639   0.1203517   0.1162798   0.1124074   0.1088489   0.1056090   0.1026622   0.0999782
  75.0673025   0.1201475   0.1165039   0.1152376   0.1145543   0.1141564   0.1135430   0.1124727   0.1109630   0.1091327   0.1071068
  75.3628431   0.1036673   0.1040878   0.1029286   0.1023947   0.1020579   0.1017419   0.1014474   0.1011346   0.1007244   0.1001501
  75.6583837   0.0955873   0.0878384   0.0858239   0.0859457   0.0865003   0.0870627   0.0875128   0.0878173   0.0879806   0.0880138
  75.9539242   0.0784732   0.0785633   0.0778720   0.0773006   0.0767877   0.0763014   0.0758875   0.0755705   0.0753495   0.0752115
  76.2494648   0.0623400   0.0621776   0.0621373   0.0620221   0.0618859   0.0617689   0.0617071   0.0617162   0.0618011   0.0619592
  76.5450053   0.0420295   0.0435072   0.0441390   0.0450135   0.0459558   0.0469011   0.0478152   0.0486750   0.0494735   0.0502163
  76.8405459   0.0415898   0.0404961   0.0403591   0.0404835   0.0407218   0.0410440   0.0414476   0.0419288   0.0424750   0.0430682
  77.1360865   0.0407721   0.0408605   0.0404387   0.0400002   0.0397362   0.0396123   0.0395949   0.0396694   0.0398249   0.0400479
  77.4316270   0.0367686   0.0369666   0.0373351   0.0377513   0.0381314   0.0384355   0.0386548   0.0387933   0.0388600   0.0388681
  77.7271676   0.0411667   0.0400099   0.0398944   0.0396915   0.0394137   0.0390950   0.0387350   0.0383315   0.0378939   0.0374387
  78.0227081   0.0385823   0.0381966   0.0380444   0.0375462   0.0367864   0.0359313   0.0350864   0.0343054   0.0336097   0.0330022
  78.3182487   0.0237175   0.0235579   0.0237719   0.0239900   0.0242154   0.0244468   0.0246645   0.0248534   0.0250099   0.0251382
  78.6137893   0.0129744   0.0124712   0.0129044   0.0135217   0.0142628   0.0150540   0.0158424   0.0165998   0.0173120   0.0179724
  78.9093298   0.0132462   0.0137748   0.0136469   0.0135158   0.0134628   0.0135168   0.0136901   0.0139752   0.0143497   0.0147859
  79.2048704   0.0133341   0.0136321   0.0137674   0.0139292   0.0140991   0.0142559   0.0143867   0.0144986   0.0146113   0.0147436
  79.5004110   0.0168706   0.0163092   0.0164764   0.0164959   0.0163593   0.0161900   0.0160458   0.0159352   0.0158529   0.0157948
  79.7959515   0.0171943   0.0160233   0.0163466   0.0166452   0.0167884   0.0168265   0.0168067   0.0167575   0.0166966   0.0166356
  80.0914921   0.0193972   0.0183376   0.0176950   0.0173214   0.0171447   0.0170779   0.0170658   0.0170780   0.0170986   0.0171211
  80.3870326   0.0171879   0.0172791   0.0170857   0.0171093   0.0172394   0.0173709   0.0174792   0.0175739   0.0176644   0.0177548
  80.6825732   0.0170955   0.0189061   0.0189364   0.0187476   0.0186608   0.0186621   0.0187134   0.0187919   0.0188859   0.0189898
  80.9781138   0.0191553   0.0195608   0.0200645   0.0203777   0.0205360   0.0206324   0.0207095   0.0207864   0.0208705   0.0209631
  81.2736543   0.0220525   0.0225393   0.0230119   0.0232319   0.0233003   0.0233468   0.0234051   0.0234694   0.0235350   0.0236041
  81.5691949   0.0247763   0.0256062   0.0262585   0.0265675   0.0266856   0.0266990   0.0266825   0.0266796   0.0267036   0.0267505
  81.8647354   0.0320876   0.0315002   0.0306180   0.0300117   0.0298261   0.0298728   0.0300001   0.0301318   0.0302360   0.0303019
  82.1602760   0.0387386   0.0343457   0.0340045   0.0342033   0.0343891   0.0344752   0.0344603   0.0343629   0.0342059   0.0340109
  82.4558166   0.0427707   0.0404701   0.0400311   0.0397453   0.0391933   0.0385100   0.0378387   0.0372412   0.0367251   0.0362759
  82.7513571   0.0337335   0.0364166   0.0363105   0.0360074   0.0359532   0.0360304   0.0361083   0.0361210   0.0360548   0.0359198
  83.0468977   0.0309070   0.0324037   0.0330416   0.0335419   0.0339092   0.0341431   0.0342732   0.0343320   0.0343363   0.0342928
  83.3424382   0.0334744   0.0356357   0.0350730   0.0343329   0.0336973   0.0331863   0.0327905   0.0324885   0.0322554   0.0320699
  83.6379788   0.0287089   0.0281565   0.0279629   0.0281905   0.0284894   0.0287172   0.0288435   0.0288860   0.0288765   0.0288423
  83.9335194   0.0275826   0.0261993   0.0255764   0.0253351   0.0251731   0.0250791   0.0250701   0.0251292   0.0252274   0.0253404
  84.2290599   0.0206390   0.0204591   0.0205823   0.0209759   0.0213819   0.0217182   0.0219910   0.0222156   0.0224106   0.0225916
  84.5246005   0.0266642   0.0227473   0.0214645   0.0211230   0.0209597   0.0208493   0.0208026   0.0208225   0.0208936   0.0209958
  84.8201411   0.0199892   0.0208234   0.0199933   0.0196333   0.0196658   0.0198211   0.0199723   0.0200806   0.0201473   0.0201865
  85.1156816   0.0226484   0.0209362   0.0206109   0.0204507   0.0203288   0.0201636   0.0199772   0.0198033   0.0196585   0.0195468
  85.4112222   0.0240857   0.0208817   0.0196367   0.0191241   0.0188216   0.0186160   0.0184872   0.0184193   0.0183938   0.0183955
  85.7067627   0.0156681   0.0147479   0.0145432   0.0149500   0.0155315   0.0160848   0.0165426   0.0168975   0.0171670   0.0173734
  86.0023033   0.0188952   0.0189622   0.0187421   0.0183669   0.0179925   0.0176902   0.0174935   0.0173975   0.0173746   0.0173950
  86.2978439   0.0141874   0.0167122   0.0173109   0.0175149   0.0176844   0.0178052   0.0178497   0.0178288   0.0177717   0.0177047
  86.5933844   0.0192363   0.0188569   0.0186859   0.0185064   0.0182483   0.0180204   0.0178587   0.0177509   0.0176752   0.0176157
  86.8889250   0.0129585   0.0147641   0.0156004   0.0162573   0.0166674   0.0168982   0.0170327   0.0171137   0.0171615   0.0171876
  87.1844655   0.0195120   0.0187450   0.0175453   0.0170437   0.0168764   0.0168239   0.0168095   0.0168089   0.0168159   0.0168298
  87.4800061   0.0262811   0.0202975   0.0180523   0.0172061   0.0168660   0.0166968   0.0166069   0.0165725   0.0165778   0.0166077
  87.7755467   0.0163309   0.0152454   0.0149707   0.0151700   0.0155691   0.0159463   0.0162367   0.0164421   0.0165801   0.0166691
  88.0710872   0.0158414   0.0186320   0.0187912   0.0184126   0.0180243   0.0177118   0.0174798   0.0173095   0.0171796   0.0170741
  88.3666278   0.0173099   0.0165478   0.0169448   0.0173609   0.0175045   0.0174689   0.0173497   0.0171973   0.0170378   0.0168850
  88.6621683   0.0196172   0.0167997   0.0159781   0.0158177   0.0157889   0.0157895   0.0157979   0.0158020   0.0157959   0.0157786
  88.9577089   0.0168044   0.0155914   0.0146838   0.0142820   0.0141805   0.0141995   0.0142618   0.0143385   0.0144165   0.0144886
  89.2532495   0.0144570   0.0128638   0.0129102   0.0130613   0.0132182   0.0133448   0.0134345   0.0134991   0.0135535   0.0136085
  89.5487900   0.0097416   0.0130034   0.0136326   0.0136094   0.0134250   0.0132449   0.0131298   0.0130835   0.0130913   0.0131367
  89.8443306   0.0103168   0.0107583   0.0109850   0.0115080   0.0119590   0.0123130   0.0125941   0.0128175   0.0129952   0.0131376
  90.1398712   0.0171822   0.0156665   0.0145468   0.0141299   0.0139816   0.0139266   0.0139082   0.0139019   0.0138965   0.0138884
  90.4354117   0.0197388   0.0177091   0.0165470   0.0160442   0.0157316   0.0154508   0.0151828   0.0149416   0.0147357   0.0145646
  90.7309523   0.0126308   0.0142815   0.0143867   0.0143129   0.0143157   0.0143558   0.0143887   0.0143942   0.0143694   0.0143212
  91.0264928   0.0103412   0.0117739   0.0127997   0.0132153   0.0134032   0.0135001   0.0135558   0.0135954   0.0136299   0.0136618
  91.3220334   0.0123126   0.0132442   0.0135477   0.0133966   0.0132073   0.0130905   0.0130506   0.0130673   0.0131193   0.0131892
  91.6175740   0.0130492   0.0112100   0.0114138   0.0118624   0.0122618   0.0125851   0.0128316   0.0130095   0.0131324   0.0132150
  91.9131145   0.0153681   0.0154416   0.0150364   0.0147275   0.0144713   0.0142327   0.0140225   0.0138476   0.0137048   0.0135873
  92.2086551   0.0200966   0.0161116   0.0149154   0.0143821   0.0141042   0.0139146   0.0137492   0.0135938   0.0134501   0.0133219
  92.5041956   0.0115453   0.0114000   0.0115109   0.0116493   0.0118218   0.0119808   0.0121100   0.0122094   0.0122821   0.0123320
  92.7997362   0.0101220   0.0104541   0.0109466   0.0111053   0.0111606   0.0112112   0.0112791   0.0113628   0.0114533   0.0115414
  93.0952768   0.0107813   0.0103976   0.0109588   0.0111409   0.0111848   0.0112116   0.0112347   0.0112507   0.0112603   0.0112661
  93.3908173   0.0082476   0.0104937   0.0112658   0.0115107   0.0115087   0.0114197   0.0113115   0.0112051   0.0111059   0.0110147
  93.6863579   0.0105057   0.0106806   0.0105941   0.0106115   0.0105774   0.0105203   0.0104525   0.0103770   0.0102984   0.0102210
  93.9818984   0.0083526   0.0092403   0.0090745   0.0089557   0.0089108   0.0088964   0.0089002   0.0089146   0.0089315   0.0089451
  94.2774390   0.0084271   0.0076238   0.0071276   0.0070844   0.0072265   0.0073789   0.0074982   0.0075885   0.0076598   0.0077188
  94.5729796   0.0124910   0.0094118   0.0080265   0.0073828   0.0070687   0.0069087   0.0068330   0.0068051   0.0068040   0.0068182
  94.8685201   0.0058951   0.0051364   0.0051683   0.0055226   0.0058055   0.0059573   0.0060246   0.0060520   0.0060655   0.0060775
  95.1640607   0.0076926   0.0064877   0.0060876   0.0057423   0.0055238   0.0054172   0.0053847   0.0053912   0.0054138   0.0054402
  95.4596013   0.0033184   0.0036797   0.0041947   0.0044595   0.0046599   0.0047980   0.0048831   0.0049317   0.0049561   0.0049636
  95.7551418   0.0076633   0.0058748   0.0053302   0.0050986   0.0049532   0.0048359   0.0047301   0.0046302   0.0045362   0.0044510
  96.0506824   0.0069428   0.0051692   0.0044921   0.0042085   0.0040109   0.0038402   0.0036966   0.0035854   0.0035075   0.0034591
  96.3462229   0.0004798   0.0005777   0.0007728   0.0010249   0.0012823   0.0015299   0.0017630   0.0019736   0.0021573   0.0023150
  96.6417635   0.0004110   0.0006200   0.0008581   0.0011022   0.0013123   0.0014877   0.0016429   0.0017872   0.0019240   0.0020536
  96.9373041   0.0053552   0.0045767   0.0039317   0.0034862   0.0031692   0.0029450   0.0027893   0.0026855   0.0026239   0.0025977
  97.2328446   0.0021975   0.0024857   0.0026329   0.0028317   0.0029976   0.0030951   0.0031401   0.0031584   0.0031690   0.0031830
  97.5283852   0.0040555   0.0039949   0.0037293   0.0035557   0.0034924   0.0035201   0.0036029   0.0037097   0.0038201   0.0039234
  97.8239257   0.0026466   0.0037284   0.0042537   0.0045780   0.0047989   0.0049519   0.0050622   0.0051458   0.0052117   0.0052642
  98.1194663   0.0077226   0.0078719   0.0077833   0.0076482   0.0074969   0.0073466   0.0072071   0.0070823   0.0069712   0.0068721
  98.4150069   0.0094052   0.0094236   0.0090165   0.0087068   0.0085278   0.0083986   0.0082768   0.0081516   0.0080239   0.0078959
  98.7105474   0.0101069   0.0084543   0.0081193   0.0081566   0.0081957   0.0082151   0.0082150   0.0081928   0.0081485   0.0080849
  99.0060880   0.0055866   0.0067851   0.0075800   0.0078914   0.0079602   0.0079383   0.0078913   0.0078405   0.0077928   0.0077500
  99.3016285   0.0049716   0.0065293   0.0071648   0.0072522   0.0071983   0.0071417   0.0071141   0.0071137   0.0071314   0.0071585
  99.5971691   0.0056369   0.0055723   0.0055878   0.0057392   0.0059727   0.0062067   0.0064024   0.0065557   0.0066755   0.0067730
  99.8927097   0.0106135   0.0090582   0.0079736   0.0074675   0.0072059   0.0070446   0.0069476   0.0069044   0.0069044   0.0069358
 100.1882502   0.0077148   0.0076770   0.0071532   0.0070187   0.0070733   0.0071644   0.0072488   0.0073238   0.0073919   0.0074542
 100.4837908   0.0078180   0.0078500   0.0078729   0.0078810   0.0079638   0.0080857   0.0081975   0.0082782   0.0083251   0.0083438
 100.7793314   0.0064761   0.0092089   0.0103339   0.0104736   0.0102849   0.0100220   0.0097704   0.0095513   0.0093649   0.0092056
 101.0748719   0.0069041   0.0080031   0.0089221   0.0094233   0.0095610   0.0095496   0.0094805   0.0093851   0.0092772   0.0091659
 101.3704125   0.0073472   0.0079829   0.0081444   0.0081541   0.0081677   0.0082183   0.0082812   0.0083367   0.0083795   0.0084103
 101.6659530   0.0068877   0.0076299   0.0076073   0.0075711   0.0075300   0.0075181   0.0075465   0.0076086   0.0076928   0.0077877
 101.9614936   0.0057060   0.0059720   0.0063111   0.0067109   0.0070396   0.0072785   0.0074529   0.0075886   0.0077043   0.0078121
 102.2570342   0.0107638   0.0104019   0.0096329   0.0090750   0.0087433   0.0085680   0.0084879   0.0084680   0.0084905   0.0085458
 102.5525747   0.0081377   0.0083465   0.0088031   0.0090639   0.0092455   0.0093785   0.0094880   0.0095957   0.0097099   0.0098283
 102.8481153   0.0100463   0.0099742   0.0105625   0.0108203   0.0110200   0.0112420   0.0114637   0.0116529   0.0117921   0.0118779
 103.1436558   0.0139570   0.0145933   0.0153001   0.0155122   0.0154515   0.0152642   0.0150147   0.0147348   0.0144417   0.0141445
 103.4391964   0.0181682   0.0184613   0.0182630   0.0177727   0.0171797   0.0165803   0.0160004   0.0154490   0.0149329   0.0144561
 103.7347370   0.0115666   0.0117298   0.0119986   0.0121059   0.0121506   0.0121617   0.0121404   0.0120877   0.0120071   0.0119040
 104.0302775   0.0060324   0.0058980   0.0062681   0.0066556   0.0070274   0.0073850   0.0077227   0.0080337   0.0083115   0.0085519
 104.3258181   0.0064307   0.0062298   0.0060739   0.0059339   0.0058792   0.0059101   0.0060063   0.0061484   0.0063208   0.0065113
 104.6213587   0.0055270   0.0052593   0.0053723   0.0055085   0.0056045   0.0056506   0.0056719   0.0056934   0.0057287   0.0057829
 104.9168992   0.0064545   0.0064897   0.0059854   0.0057044   0.0055904   0.0055553   0.0055494   0.0055496   0.0055493   0.0055492
 105.2124398   0.0059329   0.0056075   0.0054699   0.0054744   0.0054803   0.0054629   0.0054327   0.0054001   0.0053696   0.0053424
 105.5079803   0.0045565   0.0048479   0.0049628   0.0050226   0.0050402   0.0050364   0.0050250   0.0050107   0.0049959   0.0049826
 105.8035209   0.0043954   0.0045302   0.0045197   0.0045023   0.0044822   0.0044756   0.0044835   0.0045021   0.0045279   0.0045579
 106.0990615   0.0038859   0.0035817   0.0037312   0.0038584   0.0039609   0.0040517   0.0041348   0.0042112   0.0042813   0.0043443
 106.3946020   0.0036268   0.0042638   0.0043959   0.0044132   0.0044199   0.0044336   0.0044526   0.0044709   0.0044847   0.0044936
 106.6901426   0.0049705   0.0051886   0.0051673   0.0051356   0.0050906   0.0050178   0.0049267   0.0048328   0.0047470   0.0046742
 106.9856831   0.0067675   0.0058547   0.0052670   0.0049393   0.0047490   0.0046359   0.0045672   0.0045239   0.0044950   0.0044748
 107.2812237   0.0030844   0.0027895   0.0029217   0.0032228   0.0034963   0.0037106   0.0038764   0.0040052   0.0041045   0.0041798
 107.5767643   0.0048902   0.0046343   0.0044873   0.0043885   0.0043169   0.0042691   0.0042436   0.0042346   0.0042361   0.0042436
 107.8723048   0.0054682   0.0052122   0.0050206   0.0048730   0.0047589   0.0046597   0.0045703   0.0044921   0.0044277   0.0043785
 108.1678454   0.0042045   0.0039580   0.0039773   0.0040528   0.0041335   0.0041920   0.0042310   0.0042580   0.0042780   0.0042943
 108.4633859   0.0048281   0.0044840   0.0041803   0.0040400   0.0040138   0.0040471   0.0041063   0.0041745   0.0042425   0.0043056
 108.7589265   0.0040309   0.0043511   0.0044164   0.0044722   0.0045249   0.0045687   0.0046043   0.0046335   0.0046588   0.0046823
 109.0544671   0.0057596   0.0054093   0.0054158   0.0054932   0.0054768   0.0054145   0.0053476   0.0052901   0.0052437   0.0052065
 109.3500076   0.0046864   0.0055086   0.0056042   0.0056085   0.0056103   0.0056131   0.0056088   0.0055935   0.0055686   0.0055375
 109.6455482   0.0049172   0.0057135   0.0058518   0.0057947   0.0057493   0.0057227   0.0057014   0.0056814   0.0056617   0.0056421
 109.9410888   0.0059338   0.0056611   0.0056531   0.0056613   0.0056438   0.0056272   0.0056166   0.0056124   0.0056128   0.0056154
 110.2366293   0.0038235   0.0045962   0.0050974   0.0052914   0.0053870   0.0054549   0.0055104   0.0055541   0.0055851   0.0056039
 110.5321699   0.0054201   0.0054377   0.0057100   0.0058024   0.0058123   0.0057936   0.0057609   0.0057217   0.0056817   0.0056443
 110.8277104   0.0063003   0.0062850   0.0062534   0.0060800   0.0059007   0.0057577   0.0056494   0.0055685   0.0055100   0.0054706
 111.1232510   0.0037109   0.0037509   0.0041174   0.0044156   0.0046205   0.0047673   0.0048836   0.0049834   0.0050722   0.0051521
 111.4187916   0.0052205   0.0049124   0.0047084   0.0046818   0.0047462   0.0048523   0.0049736   0.0050937   0.0052043   0.0053021
 111.7143321   0.0074194   0.0069609   0.0065273   0.0063481   0.0062555   0.0061844   0.0061234   0.0060723   0.0060318   0.0060012
 112.0098727   0.0080468   0.0074310   0.0071540   0.0070826   0.0070252   0.0069430   0.0068455   0.0067447   0.0066474   0.0065571
 112.3054132   0.0073556   0.0070408   0.0068569   0.0067538   0.0067040   0.0066805   0.0066648   0.0066452   0.0066162   0.0065771
 112.6009538   0.0054119   0.0058665   0.0060198   0.0061296   0.0062144   0.0062647   0.0062887   0.0062955   0.0062908   0.0062785
 112.8964944   0.0083918   0.0068598   0.0063880   0.0062051   0.0060850   0.0059954   0.0059318   0.0058912   0.0058689   0.0058604
 113.1920349   0.0044618   0.0050134   0.0050415   0.0050548   0.0051181   0.0051962   0.0052711   0.0053384   0.0053995   0.0054564
 113.4875755   0.0049187   0.0048508   0.0048956   0.0049746   0.0050497   0.0051197   0.0051911   0.0052650   0.0053386   0.0054094
 113.7831160   0.0063356   0.0060187   0.0058329   0.0057864   0.0057793   0.0057774   0.0057771   0.0057806   0.0057882   0.0057992
 114.0786566   0.0079665   0.0071554   0.0067909   0.0065784   0.0064889   0.0064450   0.0064065   0.0063643   0.0063208   0.0062799
 114.3741972   0.0064884   0.0068774   0.0069502   0.0068814   0.0067917   0.0067109   0.0066473   0.0065987   0.0065595   0.0065254
 114.6697377   0.0061426   0.0053057   0.0057120   0.0060652   0.0062851   0.0064153   0.0064905   0.0065328   0.0065552   0.0065649
 114.9652783   0.0073726   0.0075343   0.0073112   0.0070089   0.0068017   0.0066892   0.0066368   0.0066160   0.0066094   0.0066078
 115.2608189   0.0063614   0.0060476   0.0061991   0.0064116   0.0065561   0.0066332   0.0066626   0.0066651   0.0066564   0.0066452
 115.5563594   0.0067635   0.0069957   0.0069942   0.0069013   0.0067912   0.0067067   0.0066553   0.0066295   0.0066206   0.0066223
 115.8519000   0.0060725   0.0057547   0.0059890   0.0061843   0.0063058   0.0063989   0.0064795   0.0065490   0.0066073   0.0066550
 116.1474405   0.0051355   0.0060702   0.0064755   0.0066691   0.0067884   0.0068565   0.0068939   0.0069159   0.0069298   0.0069385
 116.4429811   0.0098766   0.0093485   0.0086025   0.0080773   0.0077745   0.0075953   0.0074738   0.0073823   0.0073097   0.0072505
 116.7385217   0.0069996   0.0071751   0.0071085   0.0071624   0.0072345   0.0072843   0.0073029   0.0072962   0.0072731   0.0072412
 117.0340622   0.0050980   0.0063173   0.0068040   0.0069970   0.0070393   0.0070280   0.0070098   0.0069993   0.0069972   0.0070005
 117.3296028   0.0059716   0.0063062   0.0065547   0.0065963   0.0065903   0.0066082   0.0066495   0.0066996   0.0067506   0.0067999
 117.6251433   0.0051920   0.0054826   0.0060213   0.0063693   0.0065618   0.0066744   0.0067500   0.0068088   0.0068594   0.0069048
 117.9206839   0.0088383   0.0080141   0.0077795   0.0076136   0.0074786   0.0073933   0.0073435   0.0073124   0.0072923   0.0072813
 118.2162245   0.0067782   0.0072383   0.0075433   0.0076842   0.0077313   0.0077254   0.0076986   0.0076719   0.0076544   0.0076478
 118.5117650   0.0075331   0.0076550   0.0076978   0.0076683   0.0076869   0.0077496   0.0078299   0.0079100   0.0079797   0.0080348
 118.8073056   0.0076418   0.0083463   0.0084647   0.0084905   0.0085500   0.0086167   0.0086638   0.0086866   0.0086886   0.0086751
 119.1028461   0.0108009   0.0104423   0.0104408   0.0102999   0.0100798   0.0098480   0.0096339   0.0094460   0.0092843   0.0091458
 119.3983867   0.0074335   0.0082497   0.0087795   0.0089801   0.0090337   0.0090298   0.0089994   0.0089535   0.0088991   0.0088421
 119.6939273   0.0084581   0.0073642   0.0074588   0.0076031   0.0077139   0.0078183   0.0079186   0.0080122   0.0080978   0.0081749
 119.9894678   0.0070019   0.0076324   0.0076604   0.0075966   0.0075706   0.0075931   0.0076548   0.0077433   0.0078468   0.0079559
 120.2850084   0.0065800   0.0073030   0.0076033   0.0078144   0.0079946   0.0081386   0.0082454   0.0083260   0.0083923   0.0084528
 120.5805490   0.0103192   0.0103037   0.0102814   0.0100220   0.0097839   0.0096117   0.0094956   0.0094201   0.0093715   0.0093395
 120.8760895   0.0091967   0.0091823   0.0095926   0.0098748   0.0100411   0.0101327   0.0101693   0.0101656   0.0101348   0.0100880
 121.1716301   0.0123992   0.0110251   0.0110041   0.0110117   0.0109209   0.0108098   0.0107100   0.0106223   0.0105431   0.0104708
 121.4671706   0.0093036   0.0102308   0.0105223   0.0105868   0.0105843   0.0105459   0.0104968   0.0104564   0.0104335   0.0104285
 121.7627112   0.0112110   0.0103456   0.0098304   0.0096442   0.0096604   0.0097874   0.0099605   0.0101401   0.0103066   0.0104537
 122.0582518   0.0113381   0.0100179   0.0100697   0.0103776   0.0106675   0.0108753   0.0110200   0.0111308   0.0112257   0.0113134
 122.3537923   0.0156266   0.0152572   0.0145423   0.0139442   0.0135101   0.0132076   0.0130004   0.0128614   0.0127739   0.0127279
 122.6493329   0.0128556   0.0126438   0.0130535   0.0134093   0.0136528   0.0138079   0.0139065   0.0139742   0.0140290   0.0140830
 122.9448734   0.0137415   0.0145121   0.0148373   0.0149737   0.0150857   0.0152105   0.0153528   0.0155104   0.0156756   0.0158388
 123.2404140   0.0183068   0.0182776   0.0182828   0.0181307   0.0180667   0.0181258   0.0182476   0.0183819   0.0185029   0.0186000
 123.5359546   0.0160790   0.0195108   0.0212246   0.0220392   0.0223606   0.0224193   0.0223415   0.0221935   0.0220092   0.0218077
 123.8314951   0.0274713   0.0277177   0.0273611   0.0267710   0.0261100   0.0255014   0.0249600   0.0244755   0.0240387   0.0236438
 124.1270357   0.0216929   0.0229004   0.0232961   0.0233588   0.0233914   0.0234101   0.0233914   0.0233339   0.0232464   0.0231370
 124.4225762   0.0193607   0.0192477   0.0199087   0.0203518   0.0206642   0.0209430   0.0212060   0.0214431   0.0216396   0.0217850
 124.7181168   0.0176948   0.0201722   0.0208114   0.0209779   0.0210295   0.0210489   0.0210558   0.0210525   0.0210354   0.0209987
 125.0136574   0.0236905   0.0226173   0.0221888   0.0218449   0.0215108   0.0211830   0.0208471   0.0204997   0.0201456   0.0197929
 125.3091979   0.0167220   0.0183647   0.0186212   0.0184796   0.0182157   0.0178794   0.0174986   0.0170984   0.0166998   0.0163179
 125.6047385   0.0122792   0.0109812   0.0108319   0.0107758   0.0106815   0.0105950   0.0105384   0.0105106   0.0105023   0.0105041
 125.9002791   0.0004596   0.0009260   0.0013469   0.0018183   0.0023452   0.0028848   0.0034035   0.0038854   0.0043274   0.0047316
 126.1958196   0.0000000   0.0000001   0.0000040   0.0000330   0.0001141   0.0002592   0.0004689   0.0007350   0.0010452   0.0013872
 126.4913602   0.0000000   0.0000000   0.0000000   0.0000005   0.0000046   0.0000209   0.0000624   0.0001433   0.0002741   0.0004595
 126.7869007   0.0000008   0.0000103   0.0000455   0.0001130   0.0002108   0.0003404   0.0005017   0.0006906   0.0009025   0.0011340
 127.0824413   0.0016346   0.0015000   0.0016120   0.0018480   0.0021284   0.0024182   0.0027034   0.0029754   0.0032288   0.0034614
 127.3779819   0.0080556   0.0077389   0.0075099   0.0074073   0.0073609   0.0073285   0.0072951   0.0072584   0.0072197   0.0071805
 127.6735224   0.0130925   0.0131500   0.0129246   0.0125813   0.0122319   0.0118860   0.0115497   0.0112286   0.0109259   0.0106435
 127.9690630   0.0139398   0.0131663   0.0131487   0.0132000   0.0131907   0.0131114   0.0129777   0.0128049   0.0126048   0.0123870
 128.2646035   0.0131041   0.0132985   0.0130227   0.0128706   0.0128103   0.0127843   0.0127635   0.0127337   0.0126872   0.0126201
 128.5601441   0.0130598   0.0125638   0.0123119   0.0122431   0.0122275   0.0122336   0.0122471   0.0122586   0.0122620   0.0122534
 128.8556847   0.0105786   0.0111428   0.0114849   0.0117002   0.0118020   0.0118297   0.0118203   0.0117947   0.0117628   0.0117288
 129.1512252   0.0119022   0.0119390   0.0117447   0.0115238   0.0113496   0.0112236   0.0111332   0.0110668   0.0110156   0.0109737
 129.4467658   0.0103436   0.0096297   0.0095792   0.0096433   0.0097433   0.0098387   0.0099088   0.0099517   0.0099736   0.0099816
 129.7423063   0.0086249   0.0089767   0.0091064   0.0091214   0.0090804   0.0090304   0.0089954   0.0089791   0.0089763   0.0089809
 130.0378469   0.0074027   0.0076608   0.0077579   0.0078502   0.0079163   0.0079586   0.0079857   0.0080044   0.0080197   0.0080344
 130.3333875   0.0078458   0.0075422   0.0072808   0.0071492   0.0071063   0.0071076   0.0071258   0.0071479   0.0071693   0.0071893
 130.6289280   0.0066697   0.0065383   0.0064788   0.0064828   0.0064857   0.0064773   0.0064662   0.0064604   0.0064626   0.0064721
 130.9244686   0.0055445   0.0056914   0.0056903   0.0056977   0.0057168   0.0057444   0.0057753   0.0058049   0.0058323   0.0058583
 131.2200092   0.0049449   0.0050895   0.0052121   0.0052753   0.0053048   0.0053245   0.0053436   0.0053649   0.0053887   0.0054146
 131.5155497   0.0043707   0.0049007   0.0050598   0.0050924   0.0050995   0.0051037   0.0051101   0.0051203   0.0051346   0.0051532
 131.8110903   0.0050372   0.0050287   0.0049746   0.0049525   0.0049500   0.0049617   0.0049789   0.0049980   0.0050191   0.0050441
 132.1066308   0.0048234   0.0048417   0.0049219   0.0049726   0.0049937   0.0050054   0.0050214   0.0050485   0.0050888   0.0051418
 132.4021714   0.0050412   0.0049632   0.0050429   0.0051093   0.0051725   0.0052483   0.0053407   0.0054456   0.0055556   0.0056641
 132.6977120   0.0056755   0.0059748   0.0060619   0.0061853   0.0063392   0.0064933   0.0066267   0.0067316   0.0068067   0.0068541
 132.9932525   0.0097306   0.0097110   0.0095554   0.0093651   0.0091667   0.0089666   0.0087666   0.0085686   0.0083738   0.0081833
 133.2887931   0.0100466   0.0101255   0.0100714   0.0099232   0.0097003   0.0094305   0.0091413   0.0088496   0.0085639   0.0082886
 133.5843336   0.0073429   0.0070952   0.0069682   0.0069403   0.0069435   0.0069391   0.0069104   0.0068528   0.0067691   0.0066647
 133.8798742   0.0045208   0.0042011   0.0040387   0.0039875   0.0039958   0.0040327   0.0040836   0.0041403   0.0041967   0.0042477
 134.1754148   0.0012641   0.0013582   0.0014317   0.0015132   0.0015964   0.0016816   0.0017744   0.0018772   0.0019886   0.0021056
 134.4709553   0.0000000   0.0000084   0.0000535   0.0001244   0.0002105   0.0003079   0.0004128   0.0005221   0.0006344   0.0007495
 134.7664959   0.0000000   0.0000000   0.0000000   0.0000005   0.0000044   0.0000160   0.0000384   0.0000724   0.0001176   0.0001729
 135.0620365   0.0000000   0.0000000   0.0000000   0.0000000   0.0000000   0.0000002   0.0000012   0.0000043   0.0000114   0.0000238
 135.3575770   0.0000000   0.0000000   0.0000000   0.0000000   0.0000000   0.0000000   0.0000000   0.0000001   0.0000005   0.0000019
 135.6531176   0.0000000   0.0000000   0.0000000   0.0000000   0.0000000   0.0000000   0.0000000   0.0000000   0.0000000   0.0000001
 135.9486581   0.0000000   0.0000000   0.0000000   0.0000000   0.0000000   0.0000000   0.0000000   0.0000000   0.0000000   0.0000000
 136.2441987   0.0000000   0.0000000   0.0000000   0.0000000   0.0000000   0.0000000   0.0000000   0.0000000   0.0000000   0.0000000
 136.5397393   0.0000000   0.0000000   0.0000000   0.0000000   0.0000000   0.0000000   0.0000000   0.0000000   0.0000000   0.0000000
 136.8352798   0.0000000   0.0000000   0.0000000   0.0000000   0.0000000   0.0000000   0.0000000   0.0000000   0.0000000   0.0000000
 137.1308204   0.0000000   0.0000000   0.0000000   0.0000000   0.0000000   0.0000000   0.0000000   0.0000000   0.0000000   0.0000000
 137.4263609   0.0000000   0.0000000   0.0000000   0.0000000   0.0000000   0.0000000   0.0000000   0.0000000   0.0000000   0.0000000
 137.7219015   0.0000000   0.0000000   0.0000000   0.0000000   0.0000000   0.0000000   0.0000000   0.0000000   0.0000000   0.0000000
 138.0174421   0.0000000   0.0000000   0.0000000   0.0000000   0.0000000   0.0000000   0.0000000   0.0000000   0.0000000   0.0000000
 138.3129826   0.0000000   0.0000000   0.0000000   0.0000000   0.0000000   0.0000000   0.0000000   0.0000000   0.0000000   0.0000000
 138.6085232   0.0000000   0.0000000   0.0000000   0.0000000   0.0000000   0.0000000   0.0000000   0.0000000   0.0000000   0.0000000
 138.9040637   0.0000000   0.0000000   0.0000000   0.0000000   0.0000000   0.0000000   0.0000000   0.0000000   0.0000000   0.0000000
 139.1996043   0.0000000   0.0000000   0.0000000   0.0000000   0.0000000   0.0000000   0.0000000   0.0000000   0.0000000   0.0000000
 139.4951449   0.0000000   0.0000000   0.0000000   0.0000000   0.0000000   0.0000000   0.0000000   0.0000000   0.0000000   0.0000000
 139.7906854   0.0000000   0.0000000   0.0000000   0.0000000   0.0000000   0.0000000   0.0000000   0.0000000   0.0000000   0.0000000
 140.0862260   0.0000000   0.0000000   0.0000000   0.0000000   0.0000000   0.0000000   0.0000000   0.0000000   0.0000000   0.0000000
 140.3817666   0.0000000   0.0000000   0.0000000   0.0000000   0.0000000   0.0000000   0.0000000   0.0000000   0.0000000   0.0000000
 140.6773071   0.0000000   0.0000000   0.0000000   0.0000000   0.0000000   0.0000000   0.0000000   0.0000000   0.0000000   0.0000000
 140.9728477   0.0000000   0.0000000   0.0000000   0.0000000   0.0000000   0.0000000   0.0000000   0.0000000   0.0000000   0.0000000
 141.2683882   0.0000000   0.0000000   0.0000000   0.0000000   0.0000000   0.0000000   0.0000000   0.0000000   0.0000000   0.0000000
 141.5639288   0.0000000   0.0000000   0.0000000   0.0000000   0.0000000   0.0000000   0.0000000   0.0000000   0.0000000   0.0000000
 141.8594694   0.0000000   0.0000000   0.0000000   0.0000000   0.0000000   0.0000000   0.0000000   0.0000000   0.0000000   0.0000000
 142.1550099   0.0000000   0.0000000   0.0000000   0.0000000   0.0000000   0.0000000   0.0000000   0.0000000   0.0000000   0.0000000
 142.4505505   0.0000000   0.0000000   0.0000000   0.0000000   0.0000000   0.0000000   0.0000000   0.0000000   0.0000000   0.0000000
 142.7460910   0.0000000   0.0000000   0.0000000   0.0000000   0.0000000   0.0000000   0.0000000   0.0000000   0.0000000   0.0000000
 143.0416316   0.0000000   0.0000000   0.0000000   0.0000000   0.0000000   0.0000000   0.0000000   0.0000000   0.0000000   0.0000000
 143.3371722   0.0000000   0.0000000   0.0000000   0.0000000   0.0000000   0.0000000   0.0000000   0.0000000   0.0000000   0.0000000
 143.6327127   0.0000000   0.0000000   0.0000000   0.0000000   0.0000000   0.0000000   0.0000000   0.0000000   0.0000000   0.0000000
 143.9282533   0.0000000   0.0000000   0.0000000   0.0000000   0.0000000   0.0000000   0.0000000   0.0000000   0.0000000   0.0000000
 144.2237938   0.0000000   0.0000000   0.0000000   0.0000000   0.0000000   0.0000000   0.0000000   0.0000000   0.0000000   0.0000000
 144.5193344   0.0000000   0.0000000   0.0000000   0.0000000   0.0000000   0.0000000   0.0000000   0.0000000   0.0000000   0.0000000
 144.8148750   0.0000000   0.0000000   0.0000000   0.0000000   0.0000000   0.0000000   0.0000000   0.0000000   0.0000000   0.0000000
 145.1104155   0.0000000   0.0000000   0.0000000   0.0000000   0.0000000   0.0000000   0.0000000   0.0000000   0.0000000   0.0000000
 145.4059561   0.0000000   0.0000000   0.0000000   0.0000000   0.0000000   0.0000000   0.0000000   0.0000000   0.0000000   0.0000000
 145.7014967   0.0000000   0.0000000   0.0000000   0.0000000   0.0000000   0.0000000   0.0000000   0.0000000   0.0000000   0.0000000
 145.9970372   0.0000000   0.0000000   0.0000000   0.0000000   0.0000000   0.0000000   0.0000000   0.0000000   0.0000000   0.0000000
 146.2925778   0.0000000   0.0000000   0.0000000   0.0000000   0.0000000   0.0000000   0.0000000   0.0000000   0.0000000   0.0000000
 146.5881183   0.0000000   0.0000000   0.0000000   0.0000000   0.0000000   0.0000000   0.0000000   0.0000000   0.0000000   0.0000000
 146.8836589   0.0000000   0.0000000   0.0000000   0.0000000   0.0000000   0.0000000   0.0000000   0.0000000   0.0000000   0.0000000
 147.1791995   0.0000000   0.0000000   0.0000000   0.0000000   0.0000000   0.0000000   0.0000000   0.0000000   0.0000000   0.0000000
 147.4747400   0.0000000   0.0000000   0.0000000   0.0000000   0.0000000   0.0000000   0.0000000   0.0000000   0.0000000   0.0000000
 147.7702806   0.0000000   0.0000000   0.0000000   0.0000000   0.0000000   0.0000000   0.0000000   0.0000000   0.0000000   0.0000000