   0.2944647   0.0000000   0.0000000   0.0000044   0.0000505   0.0001786   0.0003803   0.0006247   0.0008852   0.0011462   0.0014006
   0.5889293   0.0007295   0.0015200   0.0021904   0.0026775   0.0030388   0.0033210   0.0035537   0.0037572   0.0039453   0.0041263
   0.8833940   0.0095613   0.0095438   0.0093582   0.0090408   0.0087004   0.0084226   0.0082275   0.0081058   0.0080418   0.0080221
   1.1778586   0.0100580   0.0108937   0.0112501   0.0115441   0.0117728   0.0119244   0.0120053   0.0120358   0.0120385   0.0120310
   1.4723233   0.0167469   0.0166519   0.0164242   0.0161936   0.0160377   0.0159608   0.0159388   0.0159483   0.0159721   0.0159991
   1.7667879   0.0196439   0.0191317   0.0195230   0.0197554   0.0198820   0.0199648   0.0200238   0.0200678   0.0201029   0.0201336
   2.0612526   0.0227910   0.0236113   0.0241906   0.0244140   0.0244748   0.0244770   0.0244651   0.0244546   0.0244507   0.0244562
   2.3557172   0.0300390   0.0295089   0.0292307   0.0290445   0.0289232   0.0288551   0.0288241   0.0288227   0.0288475   0.0288944
   2.6501819   0.0328273   0.0327077   0.0326753   0.0327445   0.0328849   0.0330611   0.0332478   0.0334307   0.0336038   0.0337673
   2.9446465   0.0376183   0.0381592   0.0384635   0.0387560   0.0389815   0.0391448   0.0392766   0.0394000   0.0395272   0.0396633
   3.2391112   0.0481175   0.0479016   0.0473512   0.0469116   0.0466286   0.0464675   0.0463965   0.0463924   0.0464391   0.0465234
   3.5335758   0.0516576   0.0523044   0.0524944   0.0528230   0.0531407   0.0534149   0.0536451   0.0538362   0.0539942   0.0541276
   3.8280405   0.0621204   0.0620527   0.0622973   0.0624029   0.0624591   0.0624853   0.0624895   0.0624856   0.0624857   0.0624966
   4.1225051   0.0741592   0.0731642   0.0729363   0.0723813   0.0718858   0.0715273   0.0712907   0.0711461   0.0710667   0.0710326
   4.4169698   0.0753761   0.0756239   0.0765271   0.0774356   0.0781553   0.0786718   0.0790292   0.0792744   0.0794452   0.0795699
   4.7114344   0.0934825   0.0915399   0.0902491   0.0895061   0.0890603   0.0888034   0.0886814   0.0886508   0.0886785   0.0887418
   5.0058991   0.1012165   0.0988263   0.0980494   0.0979984   0.0981060   0.0982044   0.0982748   0.0983344   0.0984008   0.0984833
   5.3003637   0.1079717   0.1078628   0.1077746   0.1078845   0.1080431   0.1082113   0.1083871   0.1085643   0.1087344   0.1088913
   5.5948284   0.1200840   0.1197673   0.1199026   0.1199242   0.1199537   0.1200047   0.1200701   0.1201343   0.1201849   0.1202145
   5.8892930   0.1352150   0.1324724   0.1324350   0.1325887   0.1325905   0.1324848   0.1323073   0.1320806   0.1318276   0.1315694
   6.1837577   0.1409932   0.1440016   0.1443004   0.1439677   0.1434652   0.1429226   0.1424153   0.1419752   0.1416069   0.1413032
   6.4782223   0.1517445   0.1488379   0.1481162   0.1480579   0.1482530   0.1485313   0.1488100   0.1490569   0.1492618   0.1494244
   6.7726870   0.1567310   0.1560563   0.1557845   0.1559315   0.1563566   0.1568394   0.1572943   0.1576982   0.1580466   0.1583424
   7.0671516   0.1743844   0.1722029   0.1709671   0.1703290   0.1698751   0.1695072   0.1692198   0.1690215   0.1689102   0.1688735
   7.3616163   0.1763267   0.1794564   0.1798437   0.1797832   0.1797169   0.1796684   0.1796309   0.1796025   0.1795822   0.1795656
   7.6560810   0.1861132   0.1869656   0.1878701   0.1886047   0.1890965   0.1894931   0.1898149   0.1900358   0.1901387   0.1901248
   7.9505456   0.1996531   0.2007960   0.2021872   0.2026615   0.2025540   0.2021736   0.2016619   0.2010860   0.2004807   0.1998621
   8.2450103   0.2114402   0.2132151   0.2129409   0.2118084   0.2105238   0.2093342   0.2082611   0.2072762   0.2063571   0.2054925
   8.5394749   0.1977395   0.2025963   0.2041348   0.2051481   0.2058366   0.2062089   0.2063197   0.2062479   0.2060589   0.2057960
   8.8339396   0.2078132   0.2063258   0.2049470   0.2039021   0.2033595   0.2032138   0.2033149   0.2035395   0.2037991   0.2040388
   9.1284042   0.2008791   0.1986936   0.1994051   0.2004381   0.2013359   0.2020304   0.2025435   0.2029295   0.2032421   0.2035206
   9.4228689   0.2032602   0.2063692   0.2068427   0.2064310   0.2058298   0.2052902   0.2049093   0.2047051   0.2046604   0.2047471
   9.7173335   0.2031467   0.2042895   0.2046558   0.2048432   0.2051260   0.2055085   0.2059387   0.2063830   0.2068294   0.2072774
  10.0117982   0.2055696   0.2064643   0.2071839   0.2082258   0.2092444   0.2101493   0.2109333   0.2116174   0.2122256   0.2127775
  10.3062628   0.2288104   0.2258366   0.2247675   0.2237005   0.2227858   0.2221438   0.2217593   0.2215773   0.2215422   0.2216086
  10.6007275   0.2228163   0.2267162   0.2289847   0.2302323   0.2309305   0.2313071   0.2314658   0.2314848   0.2314321   0.2313573
  10.8951921   0.2382379   0.2408706   0.2420442   0.2420103   0.2416311   0.2412729   0.2410282   0.2408758   0.2407655   0.2406568
  11.1896568   0.2455747   0.2477819   0.2482933   0.2486308   0.2490032   0.2493001   0.2494460   0.2494402   0.2493145   0.2491040
  11.4841214   0.2661284   0.2629404   0.2608343   0.2596615   0.2588107   0.2580815   0.2574186   0.2568152   0.2562669   0.2557664
  11.7785861   0.2599680   0.2618051   0.2616147   0.2611910   0.2608147   0.2604872   0.2601893   0.2599140   0.2596609   0.2594296
  12.0730507   0.2513553   0.2548037   0.2571093   0.2584437   0.2593335   0.2600135   0.2605727   0.2610346   0.2614104   0.2617143
  12.3675154   0.2673370   0.2649104   0.2645431   0.2646122   0.2646471   0.2646911   0.2648059   0.2650080   0.2652792   0.2655916
  12.6619800   0.2732908   0.2736371   0.2720063   0.2710571   0.2708184   0.2709014   0.2710705   0.2712494   0.2714365   0.2716461
  12.9564447   0.2794267   0.2784602   0.2786873   0.2789024   0.2789391   0.2789147   0.2789246   0.2789982   0.2791265   0.2792905
  13.2509093   0.2826160   0.2833195   0.2850247   0.2861434   0.2868326   0.2872870   0.2876134   0.2878550   0.2880307   0.2881517
  13.5453740   0.3036493   0.3012981   0.3001764   0.2993592   0.2988288   0.2984951   0.2982442   0.2980061   0.2977536   0.2974848
  13.8398386   0.3077945   0.3084672   0.3084063   0.3082537   0.3078900   0.3073668   0.3067489   0.3061136   0.3055229   0.3050108
  14.1343033   0.3030188   0.3090321   0.3105495   0.3105133   0.3101182   0.3097908   0.3096296   0.3096112   0.3096836   0.3098026
  14.4287679   0.2991640   0.3025670   0.3056683   0.3078902   0.3097336   0.3113348   0.3126928   0.3138181   0.3147436   0.3155073
  14.7232326   0.3250874   0.3279728   0.3275073   0.3266899   0.3259291   0.3254119   0.3251451   0.3250745   0.3251477   0.3253305
  15.0176973   0.3381818   0.3375505   0.3378627   0.3381291   0.3380861   0.3378135   0.3374487   0.3371352   0.3369707   0.3369985
  15.3121619   0.3393690   0.3461218   0.3466421   0.3461106   0.3460286   0.3464621   0.3472249   0.3481648   0.3491855   0.3502296
  15.6066266   0.3481874   0.3527173   0.3564185   0.3593275   0.3617124   0.3638177   0.3657221   0.3674300   0.3689381   0.3702471
  15.9010912   0.4038077   0.4000564   0.3999813   0.4001803   0.3999257   0.3994026   0.3988592   0.3983741   0.3979262   0.3974629
  16.1955559   0.4536592   0.4438695   0.4370622   0.4336640   0.4315745   0.4297562   0.4278638   0.4258021   0.4235643   0.4211797
  16.4900205   0.4650227   0.4538836   0.4472164   0.4443052   0.4425219   0.4405393   0.4380462   0.4351121   0.4318868   0.4285072
  16.7844852   0.4462184   0.4399847   0.4350474   0.4310839   0.4274805   0.4241278   0.4210752   0.4182979   0.4157272   0.4133025
  17.0789498   0.3604145   0.3648187   0.3695262   0.3733356   0.3762854   0.3784907   0.3801187   0.3813272   0.3822425   0.3829461
  17.3734145   0.3448074   0.3454887   0.3455793   0.3453363   0.3457287   0.3469767   0.3488975   0.3511998   0.3536285   0.3560072
  17.6678791   0.3250438   0.3263066   0.3291899   0.3321656   0.3348271   0.3370553   0.3389120   0.3405449   0.3420862   0.3436105
  17.9623438   0.3538054   0.3547637   0.3518237   0.3488870   0.3463322   0.3443643   0.3429740   0.3420582   0.3415137   0.3412666
  18.2568084   0.3305867   0.3350136   0.3369622   0.3385952   0.3396497   0.3400875   0.3400821   0.3398187   0.3394430   0.3390553
  18.5512731   0.3468689   0.3390034   0.3358745   0.3347604   0.3343166   0.3342195   0.3343034   0.3344454   0.3345734   0.3346616
  18.8457377   0.3298923   0.3302162   0.3296155   0.3294593   0.3295590   0.3296955   0.3298497   0.3300460   0.3302955   0.3305874
  19.1402024   0.3310871   0.3261873   0.3256416   0.3259515   0.3263974   0.3268360   0.3272780   0.3277270   0.3281636   0.3285700
  19.4346670   0.3267862   0.3294832   0.3286472   0.3280915   0.3281740   0.3284591   0.3287056   0.3288573   0.3289273   0.3289416
  19.7291317   0.3424339   0.3376520   0.3360094   0.3345873   0.3332852   0.3321614   0.3312146   0.3304157   0.3297409   0.3291758
  20.0235963   0.3223903   0.3214157   0.3240233   0.3260214   0.3269037   0.3270984   0.3269973   0.3267988   0.3265892   0.3264128
  20.3180610   0.3226554   0.3219549   0.3206183   0.3198668   0.3198616   0.3202812   0.3208707   0.3215163   0.3221992   0.3229377
  20.6125256   0.3232745   0.3218025   0.3200518   0.3192925   0.3192976   0.3197562   0.3205758   0.3217329   0.3231809   0.3248493
  20.9069903   0.3207085   0.3209862   0.3220852   0.3241090   0.3264678   0.3289498   0.3314624   0.3339523   0.3363904   0.3387568
  21.2014549   0.3567018   0.3584032   0.3600624   0.3612897   0.3622900   0.3632937   0.3643798   0.3654981   0.3665731   0.3675566
  21.4959196   0.4165331   0.4122647   0.4116370   0.4110446   0.4101280   0.4088435   0.4072529   0.4055065   0.4037444   0.4020602
  21.7903842   0.4488238   0.4516806   0.4491610   0.4448704   0.4408620   0.4374016   0.4343267   0.4314992   0.4288678   0.4264283
  22.0848489   0.4151792   0.4221592   0.4287985   0.4331115   0.4354343   0.4364918   0.4368517   0.4368456   0.4366081   0.4361705
  22.3793135   0.4379031   0.4374358   0.4363894   0.4357143   0.4359034   0.4370324   0.4385459   0.4399496   0.4410078   0.4416624
  22.6737782   0.4319716   0.4421146   0.4492767   0.4529121   0.4537775   0.4531966   0.4520628   0.4508395   0.4497223   0.4487638
  22.9682429   0.4647102   0.4661925   0.4648636   0.4621510   0.4593284   0.4568384   0.4547604   0.4530623   0.4516965   0.4506200
  23.2627075   0.4491904   0.4404742   0.4378365   0.4378643   0.4394003   0.4414370   0.4433560   0.4449441   0.4461965   0.4471772
  23.5571722   0.4353065   0.4377825   0.4399380   0.4416591   0.4429756   0.4440290   0.4450831   0.4462488   0.4474959   0.4487529
  23.8516368   0.4610337   0.4619707   0.4600461   0.4586136   0.4578824   0.4575759   0.4575069   0.4576056   0.4578540   0.4582339
  24.1461015   0.4702204   0.4725706   0.4720007   0.4714462   0.4712691   0.4712390   0.4712308   0.4711909   0.4710797   0.4708703
  24.4405661   0.4855097   0.4826603   0.4833426   0.4841070   0.4846558   0.4847913   0.4844750   0.4837588   0.4827008   0.4813566
  24.7350308   0.5043545   0.5055201   0.5032912   0.4997307   0.4963830   0.4933035   0.4903227   0.4873470   0.4843653   0.4814058
  25.0294954   0.4740648   0.4732159   0.4750348   0.4754206   0.4742055   0.4721280   0.4696894   0.4671738   0.4647367   0.4624568
  25.3239601   0.4165103   0.4202463   0.4227307   0.4239973   0.4248184   0.4256816   0.4266850   0.4277668   0.4288473   0.4298650
  25.6184247   0.3756140   0.3785819   0.3805612   0.3831641   0.3863134   0.3898243   0.3934331   0.3969382   0.4002238   0.4032311
  25.9128894   0.3913974   0.3867165   0.3871194   0.3881931   0.3891858   0.3900380   0.3909040   0.3918801   0.3929856   0.3942000
  26.2073540   0.4204401   0.4136707   0.4075493   0.4039660   0.4014009   0.3992518   0.3974027   0.3958477   0.3945995   0.3936674
  26.5018187   0.4010989   0.3965154   0.3922885   0.3913075   0.3912808   0.3912019   0.3908865   0.3903905   0.3898060   0.3892146
  26.7962833   0.3898294   0.3825459   0.3795454   0.3785946   0.3786026   0.3789947   0.3795507   0.3801595   0.3807482   0.3812794
  27.0907480   0.3618003   0.3681090   0.3700163   0.3709807   0.3719014   0.3728062   0.3736862   0.3745598   0.3754540   0.3763887
  27.3852126   0.3727795   0.3734377   0.3747030   0.3752531   0.3752987   0.3753337   0.3755913   0.3761265   0.3769311   0.3779804
  27.6796773   0.3744839   0.3757395   0.3774775   0.3789617   0.3802796   0.3816070   0.3830186   0.3845464   0.3862003   0.3879684
  27.9741419   0.3968055   0.3985118   0.3989788   0.3996260   0.4008068   0.4024528   0.4043610   0.4063542   0.4083149   0.4101778
  28.2686066   0.4344014   0.4381924   0.4398630   0.4414180   0.4424796   0.4431395   0.4435106   0.4436883   0.4437452   0.4437283
  28.5630712   0.4927539   0.4956274   0.4947241   0.4922843   0.4893753   0.4864913   0.4837930   0.4812975   0.4789861   0.4768403
  28.8575359   0.5038382   0.5031109   0.5045092   0.5048407   0.5045683   0.5037393   0.5024371   0.5007949   0.4989333   0.4969425
  29.1520005   0.5176600   0.5122125   0.5093436   0.5076642   0.5067179   0.5061524   0.5056842   0.5051373   0.5044238   0.5035133
  29.4464652   0.4969579   0.5018807   0.5026557   0.5033945   0.5037973   0.5038665   0.5037354   0.5034936   0.5031634   0.5027308
  29.7409298   0.4974949   0.5005697   0.5006933   0.5002428   0.4999019   0.4996487   0.4993914   0.4990782   0.4986915   0.4982218
  30.0353945   0.4945844   0.4947297   0.4945507   0.4939808   0.4933312   0.4926953   0.4920829   0.4914570   0.4907606   0.4899515
  30.3298592   0.4735508   0.4774165   0.4787266   0.4793355   0.4797322   0.4796866   0.4791289   0.4781501   0.4768895   0.4754761
  30.6243238   0.4793140   0.4741847   0.4696414   0.4655650   0.4619938   0.4589642   0.4564442   0.4543792   0.4526982   0.4513198
  30.9187885   0.4075244   0.4065069   0.4086402   0.4112706   0.4134051   0.4151282   0.4165906   0.4178374   0.4188720   0.4197021
  31.2132531   0.3724971   0.3745489   0.3768639   0.3795848   0.3823770   0.3849702   0.3872445   0.3891796   0.3908236   0.3922522
  31.5077178   0.3968243   0.3925077   0.3871798   0.3825859   0.3788773   0.3760756   0.3741853   0.3731487   0.3728553   0.3731730
  31.8021824   0.3470704   0.3430124   0.3442903   0.3470276   0.3497803   0.3521464   0.3541609   0.3559835   0.3577622   0.3595963
  32.0966471   0.3431532   0.3424256   0.3425136   0.3431452   0.3447528   0.3471341   0.3499660   0.3529613   0.3559365   0.3588108
  32.3911117   0.3650365   0.3658999   0.3678394   0.3696563   0.3708946   0.3717876   0.3726074   0.3735440   0.3747002   0.3760950
  32.6855764   0.4139290   0.4108678   0.4090519   0.4075032   0.4059828   0.4047704   0.4040315   0.4037369   0.4037500   0.4039105
  32.9800410   0.4288317   0.4260156   0.4262414   0.4280415   0.4303507   0.4324994   0.4339680   0.4344994   0.4340941   0.4328979
  33.2745057   0.4803319   0.4797856   0.4800145   0.4789380   0.4757968   0.4712175   0.4659503   0.4604788   0.4550547   0.4497998
  33.5689703   0.4887652   0.4885127   0.4793906   0.4704547   0.4625338   0.4554401   0.4490818   0.4434053   0.4383443   0.4338165
  33.8634350   0.3663556   0.3635500   0.3640617   0.3682011   0.3737395   0.3790919   0.3835702   0.3870255   0.3895425   0.3912791
  34.1578996   0.3315190   0.3364484   0.3376561   0.3390364   0.3408766   0.3431705   0.3459765   0.3491643   0.3524959   0.3557606
  34.4523643   0.3483973   0.3428070   0.3395193   0.3381872   0.3376723   0.3374938   0.3375700   0.3379942   0.3388820   0.3402828
  34.7468289   0.3430897   0.3386572   0.3361295   0.3347723   0.3340244   0.3337593   0.3339937   0.3347134   0.3358651   0.3373784
  35.0412936   0.3185836   0.3192852   0.3227511   0.3267017   0.3307209   0.3345476   0.3381016   0.3413094   0.3440948   0.3464254
  35.3357582   0.3743167   0.3715303   0.3697217   0.3690952   0.3692646   0.3696251   0.3697029   0.3693571   0.3686585   0.3677489
  35.6302229   0.4272929   0.4244684   0.4230014   0.4178666   0.4108960   0.4036991   0.3970559   0.3912822   0.3864679   0.3825815
  35.9246875   0.3468142   0.3558893   0.3650284   0.3702799   0.3729993   0.3745608   0.3756340   0.3764837   0.3771942   0.3777717
  36.2191522   0.3336250   0.3350879   0.3385791   0.3427948   0.3483435   0.3548105   0.3613054   0.3671343   0.3719553   0.3756877
  36.5136168   0.3999268   0.3985697   0.3999864   0.4007200   0.4001456   0.3985359   0.3964732   0.3944028   0.3925258   0.3908786
  36.8080815   0.4697586   0.4601163   0.4483940   0.4378524   0.4287795   0.4207467   0.4135340   0.4071005   0.4014660   0.3966540
  37.1025461   0.3688015   0.3664025   0.3668832   0.3691792   0.3719020   0.3741168   0.3755324   0.3762588   0.3765465   0.3766475
  37.3970108   0.3214039   0.3251026   0.3288863   0.3319875   0.3348259   0.3381670   0.3422952   0.3470626   0.3521798   0.3573916
  37.6914755   0.3181734   0.3244850   0.3301269   0.3355374   0.3411240   0.3469348   0.3529354   0.3591077   0.3654225   0.3718065
  37.9859401   0.4213735   0.4166837   0.4152431   0.4143897   0.4148946   0.4165335   0.4188893   0.4216856   0.4247177   0.4277975
  38.2804048   0.5092694   0.5106496   0.5130377   0.5137895   0.5132451   0.5121552   0.5106971   0.5087489   0.5062365   0.5032098
  38.5748694   0.5896897   0.5937026   0.5970829   0.5990619   0.5969775   0.5914356   0.5837195   0.5748308   0.5654499   0.5560225
  38.8693341   0.6816606   0.6601075   0.6348445   0.6149425   0.5992298   0.5863457   0.5753228   0.5655788   0.5567511   0.5485938
  39.1637987   0.4400602   0.4451096   0.4519968   0.4607272   0.4698368   0.4775607   0.4833911   0.4874322   0.4899424   0.4911864
  39.4582634   0.4072156   0.4077701   0.4099405   0.4126017   0.4155300   0.4188764   0.4227086   0.4268144   0.4308795   0.4346476
  39.7527280   0.4303390   0.4179197   0.4112288   0.4063778   0.4028811   0.4004721   0.3989944   0.3983987   0.3986513   0.3996653
  40.0471927   0.3604889   0.3616094   0.3642971   0.3671040   0.3694325   0.3711259   0.3723666   0.3734066   0.3744696   0.3757275
  40.3416573   0.3526577   0.3513664   0.3507899   0.3507190   0.3513753   0.3527241   0.3546550   0.3569896   0.3595422   0.3621711
  40.6361220   0.3516848   0.3487581   0.3490990   0.3506178   0.3530904   0.3558719   0.3586133   0.3612055   0.3636110   0.3657962
  40.9305866   0.3909313   0.3896465   0.3885724   0.3875890   0.3867182   0.3859427   0.3851595   0.3842626   0.3832057   0.3820026
  41.2250513   0.4138779   0.4145417   0.4153024   0.4145731   0.4118647   0.4079024   0.4033432   0.3986189   0.3939899   0.3896003
  41.5195159   0.3982433   0.3970159   0.3942536   0.3902179   0.3862410   0.3826635   0.3794065   0.3763418   0.3734025   0.3705753
  41.8139806   0.3081863   0.3096323   0.3142807   0.3186545   0.3225773   0.3259217   0.3286545   0.3308406   0.3325585   0.3338734
  42.1084452   0.2944689   0.2921131   0.2923363   0.2921886   0.2926670   0.2939721   0.2959217   0.2982674   0.3007970   0.3033521
  42.4029099   0.2742446   0.2769106   0.2794778   0.2814453   0.2827726   0.2838386   0.2848968   0.2860821   0.2874546   0.2890216
  42.6973745   0.2813823   0.2829212   0.2836632   0.2841364   0.2844017   0.2846045   0.2848408   0.2851596   0.2855905   0.2861575
  42.9918392   0.2948229   0.2928178   0.2907961   0.2892113   0.2883674   0.2880036   0.2878729   0.2878636   0.2879406   0.2880995
  43.2863038   0.2853468   0.2869945   0.2884789   0.2895554   0.2902990   0.2907795   0.2910908   0.2913160   0.2915108   0.2917096
  43.5807685   0.2961832   0.2957035   0.2962878   0.2964114   0.2962494   0.2961225   0.2961412   0.2962867   0.2965175   0.2968052
  43.8752331   0.3005883   0.2991566   0.3000493   0.3009646   0.3017133   0.3023052   0.3027902   0.3032239   0.3036478   0.3040859
  44.1696978   0.3194826   0.3160169   0.3144300   0.3134096   0.3130015   0.3129928   0.3132010   0.3135349   0.3139490   0.3144117
  44.4641624   0.3238846   0.3244399   0.3251466   0.3256250   0.3260579   0.3264589   0.3268642   0.3272666   0.3276292   0.3279158
  44.7586271   0.3495747   0.3427209   0.3421657   0.3429275   0.3436475   0.3440355   0.3440731   0.3438067   0.3432982   0.3426107
  45.0530918   0.3739786   0.3737698   0.3696347   0.3661178   0.3631608   0.3605389   0.3581383   0.3559132   0.3538444   0.3519172
  45.3475564   0.3548956   0.3545184   0.3548113   0.3549229   0.3545642   0.3538375   0.3528813   0.3517966   0.3506488   0.3494789
  45.6420211   0.3261073   0.3301312   0.3329069   0.3345572   0.3357642   0.3368054   0.3377114   0.3384515   0.3390096   0.3393924
  45.9364857   0.3257423   0.3265334   0.3277463   0.3279300   0.3279806   0.3282058   0.3286390   0.3292433   0.3299568   0.3307122
  46.2309504   0.3219070   0.3222862   0.3231461   0.3236949   0.3242350   0.3248056   0.3253590   0.3258800   0.3263828   0.3268881
  46.5254150   0.3300962   0.3267001   0.3269176   0.3270508   0.3269776   0.3268008   0.3266214   0.3264970   0.3264518   0.3264909
  46.8198797   0.3349877   0.3301708   0.3286716   0.3279312   0.3274482   0.3271377   0.3269653   0.3268927   0.3268848   0.3269177
  47.1143443   0.3261004   0.3238308   0.3237367   0.3244769   0.3254387   0.3262767   0.3268994   0.3273220   0.3275913   0.3277554
  47.4088090   0.3398362   0.3362111   0.3340560   0.3326328   0.3315367   0.3306917   0.3300788   0.3296573   0.3293791   0.3292010
  47.7032736   0.3276841   0.3279740   0.3285451   0.3292402   0.3296980   0.3299144   0.3299899   0.3300000   0.3299800   0.3299422
  47.9977383   0.3260343   0.3293552   0.3289735   0.3288014   0.3290545   0.3294733   0.3298642   0.3301434   0.3302929   0.3303262
  48.2922029   0.3358497   0.3358507   0.3351955   0.3342645   0.3333792   0.3325797   0.3318716   0.3312573   0.3307322   0.3302842
  48.5866676   0.3290402   0.3274915   0.3284589   0.3291218   0.3292187   0.3290008   0.3286749   0.3283366   0.3280203   0.3277377
  48.8811322   0.3229302   0.3211481   0.3207898   0.3209630   0.3214124   0.3219620   0.3224909   0.3229427   0.3233064   0.3235892
  49.1755969   0.3254926   0.3220664   0.3207494   0.3202207   0.3199887   0.3199610   0.3200834   0.3202973   0.3205510   0.3208062
  49.4700615   0.3102638   0.3163293   0.3178071   0.3188246   0.3194520   0.3197215   0.3197751   0.3197214   0.3196323   0.3195573
  49.7645262   0.3309916   0.3255489   0.3227387   0.3211616   0.3201039   0.3193374   0.3187773   0.3183981   0.3181897   0.3181391
  50.0589908   0.3110818   0.3135828   0.3133357   0.3132438   0.3135685   0.3141566   0.3148896   0.3156973   0.3165353   0.3173770
  50.3534555   0.3063142   0.3075722   0.3104471   0.3128706   0.3149715   0.3167739   0.3183327   0.3197078   0.3209437   0.3220729
  50.6479201   0.3466517   0.3407605   0.3383414   0.3364378   0.3350091   0.3340700   0.3335461   0.3333434   0.3333821   0.3336031
  50.9423848   0.3454300   0.3452387   0.3460904   0.3469370   0.3474867   0.3477305   0.3477495   0.3476631   0.3475842   0.3475948
  51.2368494   0.3611016   0.3603375   0.3611180   0.3610710   0.3608645   0.3608207   0.3610098   0.3614031   0.3619536   0.3626268
  51.5313141   0.3719384   0.3707451   0.3723888   0.3739119   0.3753491   0.3767992   0.3782783   0.3797731   0.3812838   0.3828385
  51.8257787   0.4028979   0.4041863   0.4046964   0.4055033   0.4065565   0.4076885   0.4088573   0.4101998   0.4118504   0.4138101
  52.1202434   0.4549680   0.4546893   0.4540198   0.4521268   0.4506488   0.4505806   0.4520066   0.4543456   0.4568542   0.4589604
  52.4147081   0.4626275   0.4692399   0.4802637   0.4934650   0.5052526   0.5135234   0.5177634   0.5184977   0.5165987   0.5128926
  52.7091727   0.7262955   0.7090411   0.6826585   0.6534130   0.6259183   0.6018593   0.5812112   0.5634305   0.5479421   0.5342715
  53.0036374   0.4352567   0.4564510   0.4789131   0.4922149   0.4975524   0.4973760   0.4938838   0.4886311   0.4825700   0.4762304
  53.2981020   0.3267123   0.3275740   0.3294799   0.3326520   0.3387914   0.3472266   0.3562450   0.3644937   0.3713138   0.3765589
  53.5925667   0.2812643   0.2816623   0.2829018   0.2840764   0.2852161   0.2866401   0.2888481   0.2921027   0.2962756   0.3009999
  53.8870313   0.2576110   0.2547104   0.2523472   0.2515346   0.2517303   0.2524191   0.2533350   0.2544314   0.2557990   0.2575508
  54.1814960   0.2307459   0.2287759   0.2281479   0.2280336   0.2280639   0.2280678   0.2280743   0.2281443   0.2283201   0.2286446
  54.4759606   0.2068154   0.2055311   0.2049765   0.2045769   0.2042359   0.2039260   0.2036538   0.2034420   0.2033149   0.2032936
  54.7704253   0.1714247   0.1761852   0.1769216   0.1770164   0.1770814   0.1772578   0.1775357   0.1778763   0.1782573   0.1786718
  55.0648899   0.1461904   0.1474102   0.1496921   0.1515027   0.1527600   0.1537275   0.1545831   0.1554055   0.1562156   0.1570105
  55.3593546   0.1400709   0.1397962   0.1390943   0.1384808   0.1383154   0.1385063   0.1388925   0.1393708   0.1398849   0.1403979
  55.6538192   0.1268977   0.1277958   0.1277885   0.1278072   0.1277904   0.1277359   0.1276344   0.1274746   0.1272469   0.1269473
  55.9482839   0.1145660   0.1151690   0.1161375   0.1165404   0.1163603   0.1157257   0.1147879   0.1136482   0.1123808   0.1110521
  56.2427485   0.1064739   0.1028783   0.0998521   0.0974078   0.0952677   0.0932567   0.0913364   0.0895350   0.0878877   0.0864152
  56.5372132   0.0563115   0.0543614   0.0527795   0.0520494   0.0518740   0.0519811   0.0522333   0.0525700   0.0529606   0.0533863
  56.8316778   0.0000955   0.0020505   0.0049806   0.0080284   0.0109413   0.0136960   0.0163147   0.0187966   0.0211318   0.0233153
  57.1261425   0.0000000   0.0000000   0.0000028   0.0000723   0.0003845   0.0010550   0.0020743   0.0033747   0.0048802   0.0065228
  57.4206071   0.0000000   0.0000000   0.0000000   0.0000000   0.0000013   0.0000171   0.0000863   0.0002623   0.0005880   0.0010840
  57.7150718   0.0000000   0.0000000   0.0000000   0.0000000   0.0000000   0.0000000   0.0000010   0.0000080   0.0000345   0.0001014
  58.0095364   0.0000000   0.0000000   0.0000000   0.0000000   0.0000000   0.0000000   0.0000000   0.0000001   0.0000009   0.0000052
  58.3040011   0.0000000   0.0000000   0.0000000   0.0000000   0.0000000   0.0000000   0.0000000   0.0000000   0.0000000   0.0000001
  58.5984657   0.0000000   0.0000000   0.0000000   0.0000000   0.0000000   0.0000000   0.0000000   0.0000000   0.0000000   0.0000000
  58.8929304   0.0000000   0.0000000   0.0000000   0.0000000   0.0000000   0.0000000   0.0000000   0.0000000   0.0000000   0.0000000
  59.1873950   0.0000000   0.0000000   0.0000000   0.0000000   0.0000000   0.0000000   0.0000000   0.0000000   0.0000000   0.0000000
  59.4818597   0.0000000   0.0000000   0.0000000   0.0000000   0.0000000   0.0000000   0.0000000   0.0000000   0.0000000   0.0000000
  59.7763243   0.0000000   0.0000000   0.0000000   0.0000000   0.0000000   0.0000000   0.0000000   0.0000000   0.0000000   0.0000000
  60.0707890   0.0000000   0.0000000   0.0000000   0.0000000   0.0000000   0.0000000   0.0000000   0.0000000   0.0000000   0.0000000
  60.3652537   0.0000000   0.0000000   0.0000000   0.0000000   0.0000000   0.0000000   0.0000000   0.0000000   0.0000000   0.0000000
  60.6597183   0.0000000   0.0000000   0.0000000   0.0000000   0.0000000   0.0000000   0.0000000   0.0000000   0.0000000   0.0000000
  60.9541830   0.0000000   0.0000000   0.0000000   0.0000000   0.0000000   0.0000000   0.0000000   0.0000000   0.0000000   0.0000000
  61.2486476   0.0000000   0.0000000   0.0000000   0.0000000   0.0000000   0.0000000   0.0000000   0.0000000   0.0000000   0.0000000
  61.5431123   0.0000000   0.0000000   0.0000000   0.0000000   0.0000000   0.0000000   0.0000000   0.0000000   0.0000000   0.0000000
  61.8375769   0.0000000   0.0000000   0.0000000   0.0000000   0.0000000   0.0000000   0.0000000   0.0000000   0.0000000   0.0000000
  62.1320416   0.0000000   0.0000000   0.0000000   0.0000000   0.0000000   0.0000000   0.0000000   0.0000000   0.0000000   0.0000000
  62.4265062   0.0000000   0.0000000   0.0000000   0.0000000   0.0000000   0.0000000   0.0000000   0.0000000   0.0000000   0.0000000
  62.7209709   0.0000000   0.0000000   0.0000000   0.0000000   0.0000000   0.0000000   0.0000000   0.0000000   0.0000000   0.0000000
  63.0154355   0.0000000   0.0000000   0.0000000   0.0000000   0.0000000   0.0000000   0.0000000   0.0000000   0.0000000   0.0000000
  63.3099002   0.0000000   0.0000000   0.0000000   0.0000000   0.0000000   0.0000000   0.0000000   0.0000000   0.0000000   0.0000000
  63.6043648   0.0000000   0.0000000   0.0000000   0.0000000   0.0000000   0.0000000   0.0000000   0.0000000   0.0000000   0.0000000
  63.8988295   0.0000000   0.0000000   0.0000000   0.0000000   0.0000000   0.0000000   0.0000000   0.0000000   0.0000000   0.0000000
  64.1932941   0.0000000   0.0000000   0.0000000   0.0000000   0.0000000   0.0000000   0.0000000   0.0000000   0.0000000   0.0000000
  64.4877588   0.0000000   0.0000000   0.0000000   0.0000000   0.0000000   0.0000000   0.0000000   0.0000000   0.0000000   0.0000000
  64.7822234   0.0000000   0.0000000   0.0000000   0.0000000   0.0000000   0.0000000   0.0000000   0.0000000   0.0000000   0.0000000
  65.0766881   0.0000000   0.0000000   0.0000000   0.0000000   0.0000000   0.0000000   0.0000000   0.0000000   0.0000000   0.0000000
  65.3711527   0.0000000   0.0000000   0.0000000   0.0000000   0.0000000   0.0000000   0.0000000   0.0000000   0.0000000   0.0000000
  65.6656174   0.0000000   0.0000000   0.0000000   0.0000000   0.0000000   0.0000000   0.0000000   0.0000000   0.0000000   0.0000000
  65.9600820   0.0000000   0.0000000   0.0000000   0.0000000   0.0000000   0.0000000   0.0000000   0.0000000   0.0000000   0.0000000
  66.2545467   0.0000000   0.0000000   0.0000000   0.0000000   0.0000000   0.0000000   0.0000000   0.0000000   0.0000000   0.0000000
  66.5490113   0.0000000   0.0000000   0.0000000   0.0000000   0.0000000   0.0000000   0.0000000   0.0000000   0.0000000   0.0000000
  66.8434760   0.0000000   0.0000000   0.0000000   0.0000000   0.0000000   0.0000000   0.0000000   0.0000000   0.0000000   0.0000000
  67.1379406   0.0000000   0.0000000   0.0000000   0.0000000   0.0000000   0.0000000   0.0000000   0.0000000   0.0000000   0.0000000
  67.4324053   0.0000000   0.0000000   0.0000000   0.0000000   0.0000000   0.0000000   0.0000000   0.0000000   0.0000000   0.0000000
  67.7268700   0.0000000   0.0000000   0.0000000   0.0000000   0.0000000   0.0000000   0.0000000   0.0000000   0.0000000   0.0000000
  68.0213346   0.0000000   0.0000000   0.0000000   0.0000000   0.0000000   0.0000000   0.0000000   0.0000000   0.0000000   0.0000001
  68.3157993   0.0000000   0.0000000   0.0000000   0.0000000   0.0000000   0.0000000   0.0000000   0.0000001   0.0000010   0.0000044
  68.6102639   0.0000000   0.0000000   0.0000000   0.0000000   0.0000000   0.0000001   0.0000014   0.0000081   0.0000285   0.0000729
  68.9047286   0.0000000   0.0000000   0.0000000   0.0000001   0.0000028   0.0000217   0.0000815   0.0002040   0.0003992   0.0006661
  69.1991932   0.0000000   0.0000001   0.0000146   0.0001283   0.0004170   0.0008689   0.0014368   0.0020782   0.0027620   0.0034669
  69.4936579   0.0021429   0.0036306   0.0048754   0.0059475   0.0069100   0.0078099   0.0086584   0.0094593   0.0102202   0.0109513
  69.7881225   0.0225222   0.0235475   0.0237216   0.0235680   0.0232821   0.0230271   0.0228731   0.0228366   0.0229139   0.0230952
  70.0825872   0.0364510   0.0376190   0.0376411   0.0374939   0.0373406   0.0372017   0.0370862   0.0370164   0.0370134   0.0370860
  70.3770518   0.0496110   0.0491032   0.0493206   0.0495829   0.0499258   0.0503537   0.0508260   0.0512912   0.0517105   0.0520656
  70.6715165   0.0652852   0.0656057   0.0663836   0.0671727   0.0678427   0.0683248   0.0686356   0.0688167   0.0689005   0.0689072
  70.9659811   0.0964281   0.0953633   0.0933067   0.0914353   0.0899432   0.0887478   0.0877405   0.0868567   0.0860654   0.0853502
  71.2604458   0.0974564   0.0983241   0.0994145   0.0999322   0.0999946   0.0997338   0.0992840   0.0987394   0.0981530   0.0975537
  71.5549104   0.1034721   0.1046313   0.1050174   0.1052441   0.1054287   0.1056267   0.1057967   0.1058979   0.1059140   0.1058462
  71.8493751   0.1082960   0.1125716   0.1132969   0.1132559   0.1130905   0.1130004   0.1129937   0.1130382   0.1131047   0.1131718
  72.1438397   0.1115505   0.1165668   0.1187382   0.1198704   0.1203930   0.1206104   0.1206943   0.1207366   0.1207785   0.1208329
  72.4383044   0.1257714   0.1300529   0.1299898   0.1293214   0.1288803   0.1287198   0.1287184   0.1287803   0.1288578   0.1289341
  72.7327690   0.1358920   0.1349132   0.1358197   0.1365484   0.1370049   0.1372680   0.1373971   0.1374538   0.1374833   0.1375117
  73.0272337   0.1470227   0.1469689   0.1476661   0.1474641   0.1470108   0.1466530   0.1464360   0.1463313   0.1463134   0.1463693
  73.3216983   0.1426946   0.1488168   0.1519213   0.1532926   0.1539784   0.1544329   0.1548181   0.1552029   0.1556155   0.1560666
  73.6161630   0.1588315   0.1629943   0.1644807   0.1649278   0.1653521   0.1659536   0.1666609   0.1674140   0.1682027   0.1690417
  73.9106276   0.1815418   0.1825777   0.1837458   0.1843065   0.1845668   0.1848417   0.1852861   0.1859649   0.1868796   0.1879877
  74.2050923   0.2045279   0.2043995   0.2055254   0.2066248   0.2077560   0.2090982   0.2106176   0.2121948   0.2137260   0.2151495
  74.4995569   0.2405810   0.2414293   0.2437195   0.2459227   0.2477632   0.2491215   0.2500101   0.2505096   0.2507150   0.2507088
  74.7940216   0.3166597   0.3133590   0.3086120   0.3040106   0.2998356   0.2961286   0.2928684   0.2900017   0.2874588   0.2851714
  75.0884863   0.3121026   0.3119608   0.3124847   0.3128688   0.3128995   0.3123569   0.3112634   0.3097555   0.3079742   0.3060318
  75.3829509   0.3178909   0.3172628   0.3167148   0.3160278   0.3156759   0.3154828   0.3152670   0.3149098   0.3143511   0.3135793
  75.6774156   0.3229479   0.3190444   0.3175154   0.3170178   0.3165580   0.3160698   0.3156263   0.3152592   0.3149596   0.3146958
  75.9718802   0.3119870   0.3111158   0.3107417   0.3113730   0.3120132   0.3125198   0.3129433   0.3133311   0.3137053   0.3140651
  76.2663449   0.3117778   0.3133062   0.3128591   0.3123964   0.3124815   0.3129634   0.3136438   0.3143686   0.3150325   0.3155730
  76.5608095   0.3152209   0.3165945   0.3183544   0.3195518   0.3203332   0.3207352   0.3207869   0.3205598   0.3201290   0.3195546
  76.8552742   0.3314785   0.3348833   0.3348153   0.3327754   0.3301901   0.3276263   0.3252264   0.3230040   0.3209534   0.3190693
  77.1497388   0.3079232   0.3092126   0.3110775   0.3119636   0.3118933   0.3112752   0.3103914   0.3093994   0.3083706   0.3073268
  77.4442035   0.2872132   0.2831791   0.2828882   0.2832123   0.2841126   0.2853315   0.2865514   0.2875591   0.2882601   0.2886399
  77.7386681   0.2680425   0.2697047   0.2703580   0.2708375   0.2710672   0.2710737   0.2709447   0.2707641   0.2705694   0.2703620
  78.0331328   0.2562541   0.2613812   0.2606453   0.2587667   0.2568539   0.2551359   0.2536553   0.2524061   0.2513755   0.2505494
  78.3275974   0.2199588   0.2211807   0.2224225   0.2237125   0.2247082   0.2254079   0.2258797   0.2261999   0.2264308   0.2266172
  78.6220621   0.1956369   0.1979798   0.1980879   0.1982033   0.1987231   0.1995708   0.2006029   0.2017028   0.2027883   0.2038057
  78.9165267   0.1817423   0.1822665   0.1830013   0.1835383   0.1840509   0.1846048   0.1851949   0.1858028   0.1864040   0.1869713
  79.2109914   0.1746580   0.1745379   0.1755354   0.1760076   0.1759742   0.1756731   0.1752201   0.1746728   0.1740724   0.1734530
  79.5054560   0.1628307   0.1655329   0.1657442   0.1646876   0.1632239   0.1616873   0.1601661   0.1586840   0.1572624   0.1559222
  79.7999207   0.1333529   0.1322950   0.1328515   0.1331601   0.1330140   0.1325988   0.1320622   0.1314804   0.1308797   0.1302650
  80.0943853   0.0961485   0.0963238   0.0960612   0.0962300   0.0969188   0.0978239   0.0987110   0.0994664   0.1000568   0.1004914
  80.3888500   0.0739626   0.0722760   0.0717802   0.0715646   0.0715074   0.0715356   0.0716488   0.0718714   0.0722112   0.0726560
  80.6833146   0.0460383   0.0469872   0.0472744   0.0471343   0.0469082   0.0467973   0.0468839   0.0471804   0.0476713   0.0483327
  80.9777793   0.0153586   0.0169710   0.0188472   0.0206324   0.0222851   0.0238444   0.0253196   0.0267185   0.0280588   0.0293620
  81.2722439   0.0145867   0.0146561   0.0145906   0.0145951   0.0148193   0.0152987   0.0159911   0.0168395   0.0177958   0.0188250
  81.5667086   0.0137671   0.0140432   0.0142107   0.0143587   0.0144387   0.0144915   0.0145769   0.0147424   0.0150125   0.0153923
  81.8611732   0.0143645   0.0147238   0.0146582   0.0146532   0.0147033   0.0147891   0.0148858   0.0149792   0.0150711   0.0151739
  82.1556379   0.0153621   0.0158493   0.0160285   0.0160794   0.0160863   0.0160593   0.0160087   0.0159458   0.0158792   0.0158156
  82.4501026   0.0174488   0.0176637   0.0174581   0.0171997   0.0169621   0.0167448   0.0165488   0.0163776   0.0162317   0.0161091
  82.7445672   0.0158988   0.0156204   0.0154786   0.0154549   0.0154966   0.0155684   0.0156376   0.0156897   0.0157238   0.0157441
  83.0390319   0.0129900   0.0138330   0.0143661   0.0147146   0.0149050   0.0150279   0.0151361   0.0152437   0.0153486   0.0154457
  83.3334965   0.0157717   0.0152941   0.0154110   0.0154835   0.0155271   0.0155601   0.0155925   0.0156272   0.0156653   0.0157064
  83.6279612   0.0192076   0.0177485   0.0169846   0.0166593   0.0165071   0.0164222   0.0163653   0.0163202   0.0162813   0.0162473
  83.9224258   0.0180125   0.0171881   0.0167474   0.0167329   0.0167835   0.0167905   0.0167601   0.0167120   0.0166576   0.0166029
  84.2168905   0.0191962   0.0180754   0.0173527   0.0169737   0.0168121   0.0167371   0.0166937   0.0166635   0.0166400   0.0166205
  84.5113551   0.0160646   0.0164900   0.0163513   0.0162789   0.0162889   0.0163315   0.0163843   0.0164375   0.0164863   0.0165292
  84.8058198   0.0151759   0.0154508   0.0158319   0.0161535   0.0163590   0.0164741   0.0165418   0.0165912   0.0166359   0.0166802
  85.1002844   0.0178241   0.0183983   0.0179647   0.0175588   0.0172965   0.0171623   0.0171089   0.0170974   0.0171049   0.0171200
  85.3947491   0.0155842   0.0161599   0.0166744   0.0171087   0.0174034   0.0175745   0.0176585   0.0176889   0.0176891   0.0176736
  85.6892137   0.0185225   0.0195079   0.0193439   0.0190324   0.0187462   0.0185234   0.0183598   0.0182391   0.0181473   0.0180753
  85.9836784   0.0171110   0.0177279   0.0178028   0.0179138   0.0180041   0.0180619   0.0180905   0.0181014   0.0181051   0.0181078
  86.2781430   0.0170566   0.0173589   0.0175397   0.0176226   0.0176912   0.0177790   0.0178810   0.0179853   0.0180821   0.0181662
  86.5726077   0.0160019   0.0175992   0.0182882   0.0184467   0.0185098   0.0185563   0.0185939   0.0186249   0.0186519   0.0186763
  86.8670723   0.0193969   0.0197955   0.0199075   0.0198951   0.0197927   0.0196744   0.0195671   0.0194745   0.0193949   0.0193262
  87.1615370   0.0201713   0.0196822   0.0196264   0.0197177   0.0197770   0.0197842   0.0197569   0.0197101   0.0196536   0.0195939
  87.4560016   0.0216403   0.0206743   0.0199993   0.0196770   0.0195520   0.0195060   0.0194891   0.0194827   0.0194794   0.0194753
  87.7504663   0.0196591   0.0195206   0.0191802   0.0190702   0.0190842   0.0191316   0.0191832   0.0192315   0.0192749   0.0193139
  88.0449309   0.0204018   0.0191400   0.0189926   0.0191251   0.0192220   0.0192684   0.0192942   0.0193176   0.0193468   0.0193841
  88.3393956   0.0197358   0.0199782   0.0198744   0.0197617   0.0196706   0.0196214   0.0196185   0.0196481   0.0196958   0.0197519
  88.6338602   0.0193012   0.0191799   0.0193351   0.0196157   0.0199041   0.0201264   0.0202798   0.0203840   0.0204563   0.0205076
  88.9283249   0.0255255   0.0243762   0.0232587   0.0225473   0.0221408   0.0219032   0.0217533   0.0216478   0.0215662   0.0214999
  89.2227895   0.0228653   0.0222069   0.0221281   0.0223336   0.0224497   0.0224478   0.0223815   0.0222954   0.0222124   0.0221411
  89.5172542   0.0214551   0.0223013   0.0222516   0.0221495   0.0221235   0.0221577   0.0222229   0.0222939   0.0223569   0.0224071
  89.8117189   0.0222181   0.0221135   0.0222663   0.0223778   0.0224894   0.0225968   0.0226927   0.0227764   0.0228497   0.0229144
  90.1061835   0.0247668   0.0240747   0.0240566   0.0240500   0.0240075   0.0239402   0.0238742   0.0238265   0.0238003   0.0237919
  90.4006482   0.0259025   0.0255039   0.0250638   0.0248017   0.0246920   0.0246759   0.0246911   0.0247046   0.0247080   0.0247034
  90.6951128   0.0232226   0.0241360   0.0249718   0.0253921   0.0255593   0.0256053   0.0256050   0.0255912   0.0255747   0.0255584
  90.9895775   0.0258743   0.0261537   0.0264876   0.0265403   0.0264862   0.0264244   0.0263775   0.0263452   0.0263241   0.0263118
  91.2840421   0.0259472   0.0267543   0.0268637   0.0268031   0.0268007   0.0268451   0.0268995   0.0269492   0.0269926   0.0270317
  91.5785068   0.0281772   0.0275899   0.0276190   0.0277104   0.0277656   0.0278061   0.0278449   0.0278886   0.0279383   0.0279918
  91.8729714   0.0275555   0.0287391   0.0290614   0.0291295   0.0291483   0.0291670   0.0291964   0.0292333   0.0292729   0.0293119
  92.1674361   0.0316359   0.0306150   0.0306381   0.0307386   0.0308167   0.0308679   0.0308920   0.0308959   0.0308876   0.0308727
  92.4619007   0.0329428   0.0334179   0.0333191   0.0330923   0.0328691   0.0327006   0.0325756   0.0324751   0.0323885   0.0323117
  92.7563654   0.0281333   0.0315531   0.0326619   0.0331660   0.0333723   0.0334272   0.0334174   0.0333845   0.0333457   0.0333071
  93.0508300   0.0353762   0.0343968   0.0340836   0.0339374   0.0338790   0.0338876   0.0339297   0.0339798   0.0340256   0.0340633
  93.3452947   0.0361919   0.0351565   0.0348899   0.0347958   0.0348119   0.0348522   0.0348914   0.0349292   0.0349682   0.0350093
  93.6397593   0.0404402   0.0370735   0.0363852   0.0362441   0.0362098   0.0361940   0.0361880   0.0361929   0.0362084   0.0362336
  93.9342240   0.0367619   0.0378366   0.0375761   0.0374742   0.0374865   0.0375214   0.0375588   0.0375974   0.0376393   0.0376867
  94.2286886   0.0428460   0.0398625   0.0392879   0.0391857   0.0391909   0.0392248   0.0392768   0.0393427   0.0394169   0.0394951
  94.5231533   0.0427829   0.0414930   0.0412636   0.0413041   0.0414130   0.0415211   0.0416135   0.0416912   0.0417605   0.0418290
  94.8176179   0.0466917   0.0453036   0.0450705   0.0448956   0.0447655   0.0446682   0.0446046   0.0445797   0.0445968   0.0446589
  95.1120826   0.0469940   0.0469159   0.0470767   0.0471544   0.0472237   0.0473333   0.0474841   0.0476747   0.0479221   0.0482675
  95.4065472   0.0478741   0.0488970   0.0500566   0.0507491   0.0512320   0.0516702   0.0521670   0.0528372   0.0538220   0.0552452
  95.7010119   0.0574451   0.0590338   0.0595136   0.0598048   0.0603288   0.0614099   0.0633865   0.0664174   0.0704020   0.0750757
  95.9954765   0.0741244   0.0752498   0.0768016   0.0804222   0.0868994   0.0953568   0.1044675   0.1132893   0.1213119   0.1283224
  96.2899412   0.1575621   0.1835568   0.2016235   0.2118543   0.2177842   0.2210667   0.2224929   0.2225786   0.2217087   0.2201748
  96.5844058   0.4098937   0.4083349   0.4030074   0.3889502   0.3715607   0.3541765   0.3380384   0.3234651   0.3104302   0.2987929
  96.8788705   0.3277707   0.3291713   0.3330618   0.3345589   0.3342898   0.3322553   0.3284153   0.3230712   0.3166949   0.3097373
  97.1733351   0.2589348   0.2557233   0.2563226   0.2583375   0.2611521   0.2643799   0.2675784   0.2703280   0.2723104   0.2733633
  97.4677998   0.2285963   0.2247014   0.2241853   0.2247261   0.2259039   0.2275544   0.2296047   0.2319886   0.2345905   0.2372427
  97.7622645   0.2095912   0.2104703   0.2112722   0.2118242   0.2123074   0.2128793   0.2136614   0.2147055   0.2160260   0.2176106
  98.0567291   0.2105049   0.2050328   0.2048434   0.2056367   0.2064057   0.2070865   0.2077369   0.2084065   0.2091335   0.2099518
  98.3511938   0.2092708   0.2106264   0.2092257   0.2082643   0.2078640   0.2077814   0.2078518   0.2080045   0.2082215   0.2085069
  98.6456584   0.2078240   0.2093576   0.2097318   0.2098072   0.2097558   0.2096340   0.2095099   0.2094332   0.2094281   0.2095028
  98.9401231   0.2092304   0.2085236   0.2090778   0.2096645   0.2100516   0.2103552   0.2106492   0.2109479   0.2112496   0.2115558
  99.2345877   0.2112272   0.2129912   0.2131583   0.2133006   0.2136372   0.2140405   0.2144554   0.2148694   0.2152793   0.2156842
  99.5290524   0.2304069   0.2251273   0.2231234   0.2222824   0.2219565   0.2218855   0.2219343   0.2220479   0.2222187   0.2224571
  99.8235170   0.2302320   0.2291522   0.2297310   0.2303282   0.2305550   0.2305670   0.2305721   0.2306811   0.2309394   0.2313632
 100.1179817   0.2413910   0.2382484   0.2378056   0.2381258   0.2387577   0.2395681   0.2405266   0.2416321   0.2428739   0.2442062
 100.4124463   0.2549233   0.2566564   0.2560125   0.2562060   0.2572089   0.2587882   0.2607110   0.2627024   0.2644985   0.2659026
 100.7069110   0.2895899   0.2899044   0.2914384   0.2942562   0.2967594   0.2982480   0.2985306   0.2976660   0.2958442   0.2932990
 101.0013756   0.3820170   0.3733456   0.3640125   0.3548195   0.3451382   0.3352674   0.3256600   0.3165874   0.3081660   0.3004213
 101.2958403   0.2962768   0.2940798   0.2891841   0.2854947   0.2818921   0.2779576   0.2737856   0.2695502   0.2653731   0.2613213
 101.5903049   0.1595464   0.1591386   0.1608567   0.1654379   0.1716827   0.1782213   0.1842424   0.1893767   0.1935268   0.1967424
 101.8847696   0.1337099   0.1327952   0.1326950   0.1331124   0.1339954   0.1354860   0.1377086   0.1405950   0.1439292   0.1474566
 102.1792342   0.1191608   0.1182158   0.1181856   0.1181451   0.1181296   0.1182267   0.1185056   0.1190436   0.1199158   0.1211559
 102.4736989   0.1001958   0.1025035   0.1033002   0.1039666   0.1043976   0.1046691   0.1048623   0.1050248   0.1051976   0.1054280
 102.7681635   0.0949618   0.0945890   0.0937775   0.0933304   0.0930435   0.0928160   0.0926131   0.0924108   0.0921916   0.0919495
 103.0626282   0.0827804   0.0814647   0.0802916   0.0797168   0.0793499   0.0789882   0.0785481   0.0780161   0.0774163   0.0767865
 103.3570928   0.0626832   0.0624261   0.0621430   0.0617461   0.0611309   0.0603398   0.0595098   0.0587401   0.0580761   0.0575314
 103.6515575   0.0380359   0.0355645   0.0339865   0.0333364   0.0332436   0.0334636   0.0338617   0.0343643   0.0349293   0.0355313
 103.9460221   0.0058099   0.0054806   0.0062104   0.0076250   0.0093609   0.0111605   0.0129131   0.0145801   0.0161519   0.0176309
 104.2404868   0.0055602   0.0053269   0.0054967   0.0056498   0.0058122   0.0060825   0.0065274   0.0071545   0.0079356   0.0088324
 104.5349514   0.0077176   0.0071880   0.0069148   0.0066392   0.0064213   0.0062758   0.0061984   0.0061972   0.0062888   0.0064859
 104.8294161   0.0038718   0.0047081   0.0052648   0.0056113   0.0058401   0.0059876   0.0060775   0.0061303   0.0061646   0.0061990
 105.1238808   0.0070283   0.0067981   0.0067229   0.0066005   0.0064783   0.0063928   0.0063415   0.0063102   0.0062875   0.0062684
 105.4183454   0.0062284   0.0062303   0.0063079   0.0063875   0.0064201   0.0064072   0.0063678   0.0063201   0.0062755   0.0062391
 105.7128101   0.0069546   0.0064616   0.0062030   0.0060426   0.0059702   0.0059522   0.0059619   0.0059839   0.0060097   0.0060357
 106.0072747   0.0054128   0.0052165   0.0053255   0.0054483   0.0055673   0.0056762   0.0057730   0.0058578   0.0059308   0.0059925
 106.3017394   0.0061553   0.0061061   0.0062396   0.0063036   0.0063214   0.0063167   0.0063050   0.0062937   0.0062851   0.0062796
 106.5962040   0.0074386   0.0074891   0.0072738   0.0070835   0.0069412   0.0068317   0.0067415   0.0066657   0.0066030   0.0065528
 106.8906687   0.0067550   0.0063387   0.0063720   0.0064263   0.0064726   0.0065114   0.0065409   0.0065605   0.0065713   0.0065749
 107.1851333   0.0052070   0.0058297   0.0061274   0.0062974   0.0063874   0.0064434   0.0064879   0.0065264   0.0065591   0.0065858
 107.4795980   0.0068130   0.0069650   0.0069138   0.0068685   0.0068291   0.0067922   0.0067621   0.0067423   0.0067333   0.0067334
 107.7740626   0.0083164   0.0074741   0.0071176   0.0069401   0.0068813   0.0068779   0.0068909   0.0069051   0.0069168   0.0069261
 108.0685273   0.0074376   0.0067709   0.0068952   0.0070123   0.0070810   0.0071186   0.0071415   0.0071563   0.0071651   0.0071691
 108.3629919   0.0068074   0.0073826   0.0075057   0.0075696   0.0075750   0.0075455   0.0075055   0.0074680   0.0074369   0.0074128
 108.6574566   0.0087881   0.0083456   0.0079493   0.0077157   0.0076054   0.0075632   0.0075494   0.0075446   0.0075417   0.0075394
 108.9519212   0.0067986   0.0070573   0.0071846   0.0073244   0.0074360   0.0075118   0.0075629   0.0076002   0.0076300   0.0076551
 109.2463859   0.0076841   0.0079402   0.0079865   0.0079610   0.0079196   0.0078898   0.0078790   0.0078827   0.0078946   0.0079096
 109.5408505   0.0084107   0.0080227   0.0080769   0.0081415   0.0081978   0.0082386   0.0082622   0.0082713   0.0082700   0.0082621
 109.8353152   0.0098975   0.0092176   0.0090077   0.0088993   0.0088199   0.0087515   0.0086902   0.0086339   0.0085821   0.0085346
 110.1297798   0.0089931   0.0089924   0.0088095   0.0087555   0.0087192   0.0086760   0.0086310   0.0085903   0.0085562   0.0085291
 110.4242445   0.0083130   0.0081367   0.0080603   0.0080423   0.0080897   0.0081580   0.0082255   0.0082868   0.0083421   0.0083926
 110.7187091   0.0081633   0.0083741   0.0083190   0.0082681   0.0082623   0.0082932   0.0083465   0.0084132   0.0084875   0.0085645
 111.0131738   0.0080845   0.0084371   0.0086920   0.0088734   0.0089732   0.0090373   0.0090911   0.0091418   0.0091902   0.0092358
 111.3076384   0.0092252   0.0099695   0.0101879   0.0102796   0.0103037   0.0102997   0.0102809   0.0102524   0.0102183   0.0101824
 111.6021031   0.0111214   0.0117532   0.0118173   0.0116442   0.0114692   0.0113216   0.0111948   0.0110838   0.0109855   0.0108978
 111.8965677   0.0114701   0.0108656   0.0109703   0.0110603   0.0111187   0.0111519   0.0111615   0.0111526   0.0111310   0.0111010
 112.1910324   0.0107308   0.0108796   0.0109447   0.0109678   0.0109729   0.0109840   0.0110046   0.0110296   0.0110528   0.0110699
 112.4854971   0.0107807   0.0107773   0.0109079   0.0109831   0.0110278   0.0110573   0.0110761   0.0110865   0.0110913   0.0110928
 112.7799617   0.0113645   0.0113910   0.0114532   0.0114015   0.0113376   0.0112766   0.0112203   0.0111729   0.0111372   0.0111137
 113.0744264   0.0103696   0.0110331   0.0110922   0.0110236   0.0109743   0.0109603   0.0109709   0.0109951   0.0110258   0.0110598
 113.3688910   0.0094840   0.0098265   0.0101281   0.0104248   0.0106585   0.0108323   0.0109645   0.0110712   0.0111622   0.0112420
 113.6633557   0.0136702   0.0128090   0.0124191   0.0121535   0.0119777   0.0118847   0.0118498   0.0118484   0.0118634   0.0118851
 113.9578203   0.0111278   0.0119627   0.0123190   0.0125715   0.0127199   0.0127857   0.0127938   0.0127677   0.0127260   0.0126813
 114.2522850   0.0151819   0.0142020   0.0140852   0.0139419   0.0137430   0.0135658   0.0134322   0.0133355   0.0132643   0.0132092
 114.5467496   0.0103607   0.0118699   0.0125291   0.0128461   0.0130485   0.0131956   0.0133018   0.0133747   0.0134211   0.0134474
 114.8412143   0.0130941   0.0135066   0.0137316   0.0137361   0.0137263   0.0137280   0.0137343   0.0137416   0.0137485   0.0137545
 115.1356789   0.0150246   0.0151993   0.0149158   0.0146638   0.0144716   0.0143332   0.0142325   0.0141621   0.0141182   0.0140967
 115.4301436   0.0121468   0.0130057   0.0134653   0.0137490   0.0139345   0.0140712   0.0141829   0.0142768   0.0143545   0.0144176
 115.7246082   0.0142854   0.0141490   0.0144277   0.0146178   0.0147445   0.0148434   0.0149219   0.0149830   0.0150310   0.0150696
 116.0190729   0.0169181   0.0172323   0.0171114   0.0168110   0.0165330   0.0163169   0.0161602   0.0160508   0.0159769   0.0159285
 116.3135375   0.0155029   0.0155105   0.0157384   0.0160574   0.0163011   0.0164564   0.0165442   0.0165859   0.0165984   0.0165942
 116.6080022   0.0193034   0.0182112   0.0176831   0.0174416   0.0173053   0.0172277   0.0171907   0.0171773   0.0171740   0.0171723
 116.9024668   0.0185432   0.0180024   0.0177918   0.0177388   0.0177562   0.0177709   0.0177679   0.0177541   0.0177380   0.0177249
 117.1969315   0.0187348   0.0188051   0.0184712   0.0183099   0.0182438   0.0182130   0.0182015   0.0182026   0.0182108   0.0182230
 117.4913961   0.0184001   0.0187303   0.0184798   0.0184591   0.0185334   0.0186104   0.0186732   0.0187263   0.0187745   0.0188206
 117.7858608   0.0198422   0.0203307   0.0199232   0.0196849   0.0195942   0.0195785   0.0195958   0.0196278   0.0196681   0.0197140
 118.0803254   0.0210156   0.0202969   0.0205246   0.0207130   0.0207853   0.0208107   0.0208326   0.0208623   0.0208978   0.0209356
 118.3747901   0.0201215   0.0211410   0.0216620   0.0219760   0.0221735   0.0222907   0.0223561   0.0223885   0.0224012   0.0224039
 118.6692547   0.0273989   0.0262041   0.0253726   0.0248290   0.0244730   0.0242447   0.0240920   0.0239869   0.0239150   0.0238674
 118.9637194   0.0226803   0.0239074   0.0244018   0.0246453   0.0248084   0.0249242   0.0250054   0.0250635   0.0251089   0.0251481
 119.2581840   0.0253228   0.0252145   0.0256977   0.0260325   0.0261909   0.0262881   0.0263831   0.0264838   0.0265803   0.0266633
 119.5526487   0.0285679   0.0285552   0.0285187   0.0285429   0.0285902   0.0286402   0.0286663   0.0286620   0.0286358   0.0285979
 119.8471134   0.0303404   0.0319850   0.0321428   0.0318229   0.0314510   0.0311157   0.0308315   0.0305978   0.0304082   0.0302560
 120.1415780   0.0278603   0.0294696   0.0302296   0.0306043   0.0308344   0.0309745   0.0310528   0.0310955   0.0311199   0.0311362
 120.4360427   0.0323625   0.0318625   0.0315204   0.0313241   0.0312999   0.0314067   0.0315769   0.0317631   0.0319419   0.0321058
 120.7305073   0.0314738   0.0327262   0.0331062   0.0334070   0.0335988   0.0337001   0.0337659   0.0338362   0.0339285   0.0340455
 121.0249720   0.0381686   0.0377304   0.0371004   0.0367947   0.0366466   0.0365985   0.0366197   0.0366863   0.0367821   0.0368980
 121.3194366   0.0395131   0.0393418   0.0392575   0.0394366   0.0397032   0.0399568   0.0401694   0.0403428   0.0404890   0.0406213
 121.6139013   0.0466217   0.0461276   0.0456774   0.0455298   0.0453884   0.0452525   0.0451606   0.0451232   0.0451352   0.0451885
 121.9083659   0.0505846   0.0498082   0.0496532   0.0496559   0.0497513   0.0498632   0.0499687   0.0500783   0.0502049   0.0503533
 122.2028306   0.0551619   0.0554420   0.0555037   0.0553336   0.0553336   0.0555075   0.0557763   0.0560745   0.0563659   0.0566385
 122.4972952   0.0618331   0.0608687   0.0621678   0.0631863   0.0637855   0.0641012   0.0642649   0.0643685   0.0644697   0.0646022
 122.7917599   0.0776350   0.0773622   0.0763040   0.0752734   0.0744508   0.0738896   0.0735782   0.0734818   0.0735605   0.0737745
 123.0862245   0.0792111   0.0781841   0.0786379   0.0794946   0.0805253   0.0815823   0.0825851   0.0835014   0.0843226   0.0850499
 123.3806892   0.0954549   0.0962516   0.0970059   0.0977550   0.0984057   0.0989832   0.0994845   0.0999013   0.1002312   0.1004803
 123.6751538   0.1222541   0.1246729   0.1247299   0.1236988   0.1223677   0.1210554   0.1198518   0.1187826   0.1178544   0.1170618
 123.9696185   0.1242500   0.1295935   0.1316758   0.1321690   0.1320262   0.1316234   0.1310957   0.1305079   0.1299013   0.1293044
 124.2640831   0.1321860   0.1336220   0.1347939   0.1354544   0.1360047   0.1365273   0.1369975   0.1373821   0.1376610   0.1378299
 124.5585478   0.1519722   0.1473263   0.1460408   0.1456881   0.1456885   0.1458416   0.1460573   0.1462951   0.1465297   0.1467403
 124.8530124   0.1608215   0.1592699   0.1583397   0.1579503   0.1577051   0.1574813   0.1572647   0.1570646   0.1568913   0.1567515
 125.1474771   0.1678730   0.1670684   0.1672601   0.1673168   0.1672049   0.1669955   0.1667485   0.1665017   0.1662793   0.1660967
 125.4419417   0.1730870   0.1734041   0.1738776   0.1739363   0.1739228   0.1739639   0.1740670   0.1742147   0.1743915   0.1745893
 125.7364064   0.1737047   0.1786723   0.1801831   0.1809286   0.1815780   0.1822037   0.1828017   0.1833794   0.1839469   0.1845074
 126.0308710   0.1980027   0.1963132   0.1962501   0.1961745   0.1961579   0.1963120   0.1966267   0.1970514   0.1975334   0.1980269
 126.3253357   0.2104183   0.2108018   0.2120277   0.2130390   0.2137225   0.2141792   0.2144765   0.2146418   0.2146845   0.2146069
 126.6198003   0.2361587   0.2372492   0.2367032   0.2360569   0.2352757   0.2344117   0.2334529   0.2323706   0.2311614   0.2298469
 126.9142650   0.2502373   0.2498691   0.2491068   0.2480128   0.2464714   0.2445694   0.2424532   0.2402552   0.2380690   0.2359490
 127.2087297   0.2415628   0.2386708   0.2370724   0.2355037   0.2341167   0.2329020   0.2318043   0.2307751   0.2297776   0.2287899
 127.5031943   0.2041438   0.2034871   0.2051521   0.2070161   0.2089052   0.2106515   0.2121540   0.2133906   0.2143810   0.2151588
 127.7976590   0.1974384   0.2012938   0.2019883   0.2020254   0.2020618   0.2022879   0.2027718   0.2034924   0.2043816   0.2053654
 128.0921236   0.1976618   0.1993243   0.1992134   0.1992126   0.1994933   0.1999127   0.2003939   0.2009344   0.2015560   0.2022737
 128.3865883   0.2008197   0.2023273   0.2019203   0.2019297   0.2021968   0.2025677   0.2029952   0.2034718   0.2039947   0.2045623
 128.6810529   0.2102473   0.2099082   0.2095849   0.2094587   0.2095405   0.2097203   0.2099623   0.2102501   0.2105641   0.2108793
 128.9755176   0.2239662   0.2196428   0.2191067   0.2192536   0.2194046   0.2195291   0.2195994   0.2195677   0.2194047   0.2191045
 129.2699822   0.2321784   0.2300044   0.2304388   0.2307569   0.2304746   0.2297129   0.2286366   0.2273588   0.2259494   0.2244546
 129.5644469   0.2371493   0.2372978   0.2353692   0.2327596   0.2303098   0.2280327   0.2258511   0.2237258   0.2216489   0.2196243
 129.8589115   0.2007446   0.2039143   0.2048178   0.2050934   0.2050806   0.2048117   0.2043100   0.2036304   0.2028189   0.2019061
 130.1533762   0.1697196   0.1726409   0.1738950   0.1745060   0.1750451   0.1756630   0.1762973   0.1768656   0.1773193   0.1776407
 130.4478408   0.1452858   0.1487563   0.1509861   0.1519923   0.1524463   0.1527552   0.1530908   0.1535092   0.1540049   0.1545440
 130.7423055   0.1315712   0.1324015   0.1330118   0.1331135   0.1332457   0.1335082   0.1338511   0.1342269   0.1346160   0.1350167
 131.0367701   0.1203383   0.1176908   0.1173569   0.1175589   0.1177719   0.1179227   0.1180076   0.1180609   0.1181224   0.1182206
 131.3312348   0.1036334   0.1051186   0.1048522   0.1041812   0.1034926   0.1029456   0.1025902   0.1024118   0.1023725   0.1024351
 131.6256994   0.0783656   0.0802139   0.0817639   0.0831197   0.0842764   0.0852504   0.0860412   0.0866679   0.0871696   0.0875884
 131.9201641   0.0757007   0.0752522   0.0753335   0.0751662   0.0748819   0.0746883   0.0746418   0.0747255   0.0749033   0.0751413
 132.2146287   0.0619082   0.0631815   0.0639284   0.0642064   0.0642839   0.0643007   0.0643122   0.0643437   0.0644075   0.0645075
 132.5090934   0.0505903   0.0524825   0.0530339   0.0533799   0.0537401   0.0540698   0.0543330   0.0545275   0.0546679   0.0547732
 132.8035580   0.0520330   0.0489983   0.0478166   0.0470871   0.0465433   0.0461566   0.0459015   0.0457451   0.0456532   0.0455968
 133.0980227   0.0338715   0.0342226   0.0348875   0.0354906   0.0359358   0.0362005   0.0363175   0.0363266   0.0362655   0.0361673
 133.3924873   0.0301184   0.0288187   0.0281235   0.0276233   0.0272102   0.0268537   0.0265553   0.0263168   0.0261361   0.0260095
 133.6869520   0.0162330   0.0160998   0.0154043   0.0149828   0.0148093   0.0147785   0.0148366   0.0149630   0.0151464   0.0153772
 133.9814166   0.0000006   0.0002349   0.0009626   0.0018543   0.0027552   0.0036117   0.0044138   0.0051630   0.0058638   0.0065235
 134.2758813   0.0000000   0.0000000   0.0000002   0.0000107   0.0000752   0.0002379   0.0005072   0.0008665   0.0012920   0.0017618
 134.5703459   0.0000000   0.0000000   0.0000000   0.0000000   0.0000002   0.0000031   0.0000184   0.0000613   0.0001456   0.0002790
 134.8648106   0.0000000   0.0000000   0.0000000   0.0000000   0.0000000   0.0000000   0.0000002   0.0000017   0.0000079   0.0000246
 135.1592753   0.0000000   0.0000000   0.0000000   0.0000000   0.0000000   0.0000000   0.0000000   0.0000000   0.0000002   0.0000012
 135.4537399   0.0000000   0.0000000   0.0000000   0.0000000   0.0000000   0.0000000   0.0000000   0.0000000   0.0000000   0.0000000
 135.7482046   0.0000000   0.0000000   0.0000000   0.0000000   0.0000000   0.0000000   0.0000000   0.0000000   0.0000000   0.0000000
 136.0426692   0.0000000   0.0000000   0.0000000   0.0000000   0.0000000   0.0000000   0.0000000   0.0000000   0.0000000   0.0000000
 136.3371339   0.0000000   0.0000000   0.0000000   0.0000000   0.0000000   0.0000000   0.0000000   0.0000000   0.0000000   0.0000000
 136.6315985   0.0000000   0.0000000   0.0000000   0.0000000   0.0000000   0.0000000   0.0000000   0.0000000   0.0000000   0.0000000
 136.9260632   0.0000000   0.0000000   0.0000000   0.0000000   0.0000000   0.0000000   0.0000000   0.0000000   0.0000000   0.0000000
 137.2205278   0.0000000   0.0000000   0.0000000   0.0000000   0.0000000   0.0000000   0.0000000   0.0000000   0.0000000   0.0000000
 137.5149925   0.0000000   0.0000000   0.0000000   0.0000000   0.0000000   0.0000000   0.0000000   0.0000000   0.0000000   0.0000000
 137.8094571   0.0000000   0.0000000   0.0000000   0.0000000   0.0000000   0.0000000   0.0000000   0.0000000   0.0000000   0.0000000
 138.1039218   0.0000000   0.0000000   0.0000000   0.0000000   0.0000000   0.0000000   0.0000000   0.0000000   0.0000000   0.0000000
 138.3983864   0.0000000   0.0000000   0.0000000   0.0000000   0.0000000   0.0000000   0.0000000   0.0000000   0.0000000   0.0000000
 138.6928511   0.0000000   0.0000000   0.0000000   0.0000000   0.0000000   0.0000000   0.0000000   0.0000000   0.0000000   0.0000000
 138.9873157   0.0000000   0.0000000   0.0000000   0.0000000   0.0000000   0.0000000   0.0000000   0.0000000   0.0000000   0.0000000
 139.2817804   0.0000000   0.0000000   0.0000000   0.0000000   0.0000000   0.0000000   0.0000000   0.0000000   0.0000000   0.0000000
 139.5762450   0.0000000   0.0000000   0.0000000   0.0000000   0.0000000   0.0000000   0.0000000   0.0000000   0.0000000   0.0000000
 139.8707097   0.0000000   0.0000000   0.0000000   0.0000000   0.0000000   0.0000000   0.0000000   0.0000000   0.0000000   0.0000000
 140.1651743   0.0000000   0.0000000   0.0000000   0.0000000   0.0000000   0.0000000   0.0000000   0.0000000   0.0000000   0.0000000
 140.4596390   0.0000000   0.0000000   0.0000000   0.0000000   0.0000000   0.0000000   0.0000000   0.0000000   0.0000000   0.0000000
 140.7541036   0.0000000   0.0000000   0.0000000   0.0000000   0.0000000   0.0000000   0.0000000   0.0000000   0.0000000   0.0000000
 141.0485683   0.0000000   0.0000000   0.0000000   0.0000000   0.0000000   0.0000000   0.0000000   0.0000000   0.0000000   0.0000000
 141.3430329   0.0000000   0.0000000   0.0000000   0.0000000   0.0000000   0.0000000   0.0000000   0.0000000   0.0000000   0.0000000
 141.6374976   0.0000000   0.0000000   0.0000000   0.0000000   0.0000000   0.0000000   0.0000000   0.0000000   0.0000000   0.0000000
 141.9319622   0.0000000   0.0000000   0.0000000   0.0000000   0.0000000   0.0000000   0.0000000   0.0000000   0.0000000   0.0000000
 142.2264269   0.0000000   0.0000000   0.0000000   0.0000000   0.0000000   0.0000000   0.0000000   0.0000000   0.0000000   0.0000000
 142.5208916   0.0000000   0.0000000   0.0000000   0.0000000   0.0000000   0.0000000   0.0000000   0.0000000   0.0000000   0.0000000
 142.8153562   0.0000000   0.0000000   0.0000000   0.0000000   0.0000000   0.0000000   0.0000000   0.0000000   0.0000000   0.0000000
 143.1098209   0.0000000   0.0000000   0.0000000   0.0000000   0.0000000   0.0000000   0.0000000   0.0000000   0.0000000   0.0000000
 143.4042855   0.0000000   0.0000000   0.0000000   0.0000000   0.0000000   0.0000000   0.0000000   0.0000000   0.0000000   0.0000000
 143.6987502   0.0000000   0.0000000   0.0000000   0.0000000   0.0000000   0.0000000   0.0000000   0.0000000   0.0000000   0.0000000
 143.9932148   0.0000000   0.0000000   0.0000000   0.0000000   0.0000000   0.0000000   0.0000000   0.0000000   0.0000000   0.0000000
 144.2876795   0.0000000   0.0000000   0.0000000   0.0000000   0.0000000   0.0000000   0.0000000   0.0000000   0.0000000   0.0000000
 144.5821441   0.0000000   0.0000000   0.0000000   0.0000000   0.0000000   0.0000000   0.0000000   0.0000000   0.0000000   0.0000000
 144.8766088   0.0000000   0.0000000   0.0000000   0.0000000   0.0000000   0.0000000   0.0000000   0.0000000   0.0000000   0.0000000
 145.1710734   0.0000000   0.0000000   0.0000000   0.0000000   0.0000000   0.0000000   0.0000000   0.0000000   0.0000000   0.0000000
 145.4655381   0.0000000   0.0000000   0.0000000   0.0000000   0.0000000   0.0000000   0.0000000   0.0000000   0.0000000   0.0000000
 145.7600027   0.0000000   0.0000000   0.0000000   0.0000000   0.0000000   0.0000000   0.0000000   0.0000000   0.0000000   0.0000000
 146.0544674   0.0000000   0.0000000   0.0000000   0.0000000   0.0000000   0.0000000   0.0000000   0.0000000   0.0000000   0.0000000
 146.3489320   0.0000000   0.0000000   0.0000000   0.0000000   0.0000000   0.0000000   0.0000000   0.0000000   0.0000000   0.0000000
 146.6433967   0.0000000   0.0000000   0.0000000   0.0000000   0.0000000   0.0000000   0.0000000   0.0000000   0.0000000   0.0000000
 146.9378613   0.0000000   0.0000000   0.0000000   0.0000000   0.0000000   0.0000000   0.0000000   0.0000000   0.0000000   0.0000000
 147.2323260   0.0000000   0.0000000   0.0000000   0.0000000   0.0000000   0.0000000   0.0000000   0.0000000   0.0000000   0.0000000
