   0.2944647   0.0000000   0.0000001   0.0000348   0.0003202   0.0011174   0.0025272   0.0044422   0.0066424   0.0089174   0.0111182
   0.5889293   0.0067471   0.0088136   0.0129719   0.0178007   0.0223152   0.0259726   0.0287753   0.0308554   0.0323675   0.0334544
   0.8833940   0.1084225   0.1077938   0.0927539   0.0847995   0.0789599   0.0739880   0.0697637   0.0662166   0.0632394   0.0607204
   1.1778586   0.0754778   0.0958314   0.0880782   0.0853737   0.0842547   0.0828646   0.0809877   0.0787784   0.0764095   0.0740083
   1.4723233   0.0968493   0.0767508   0.0704648   0.0694386   0.0700759   0.0710489   0.0718457   0.0722614   0.0722618   0.0719088
   1.7667879   0.0748822   0.0679919   0.0678327   0.0673906   0.0667047   0.0658607   0.0652483   0.0650476   0.0652261   0.0656611
   2.0612526   0.0745864   0.0575397   0.0534065   0.0529970   0.0543073   0.0561532   0.0580549   0.0598701   0.0615717   0.0631671
   2.3557172   0.0571872   0.0704573   0.0654529   0.0634769   0.0639807   0.0652775   0.0666937   0.0680536   0.0693060   0.0704310
   2.6501819   0.1045049   0.1005372   0.0950722   0.0920336   0.0900878   0.0885360   0.0871895   0.0860206   0.0850166   0.0841528
   2.9446465   0.0818032   0.0958129   0.0991359   0.1003446   0.1000976   0.0990983   0.0977737   0.0962635   0.0946425   0.0929876
   3.2391112   0.0941819   0.0915401   0.0932165   0.0953373   0.0958766   0.0954086   0.0945007   0.0934307   0.0923181   0.0912074
   3.5335758   0.0990883   0.0929829   0.0876607   0.0840476   0.0821520   0.0814717   0.0814513   0.0816980   0.0820004   0.0822563
   3.8280405   0.0559277   0.0556717   0.0591196   0.0632989   0.0667236   0.0692293   0.0710434   0.0724057   0.0734733   0.0743325
   4.1225051   0.0833070   0.0809673   0.0789810   0.0764000   0.0742385   0.0726831   0.0717058   0.0711733   0.0709401   0.0708985
   4.4169698   0.0654505   0.0685165   0.0679558   0.0678578   0.0683075   0.0686569   0.0687032   0.0685342   0.0682859   0.0680510
   4.7114344   0.0772755   0.0710187   0.0671549   0.0652277   0.0642261   0.0638126   0.0637429   0.0638323   0.0639605   0.0640696
   5.0058991   0.0416352   0.0496187   0.0541016   0.0568046   0.0584361   0.0593502   0.0598637   0.0601767   0.0603951   0.0605682
   5.3003637   0.0634651   0.0630135   0.0619126   0.0606151   0.0595214   0.0587903   0.0583607   0.0581340   0.0580374   0.0580245
   5.5948284   0.0513724   0.0534055   0.0539447   0.0542797   0.0546717   0.0550314   0.0553113   0.0555160   0.0556654   0.0557759
   5.8892930   0.0564365   0.0525034   0.0522904   0.0529428   0.0534105   0.0537052   0.0538935   0.0540028   0.0540518   0.0540607
   6.1837577   0.0533353   0.0564750   0.0562184   0.0555081   0.0546616   0.0538777   0.0532486   0.0527848   0.0524631   0.0522509
   6.4782223   0.0455955   0.0457705   0.0466115   0.0472985   0.0479392   0.0484924   0.0489220   0.0492331   0.0494518   0.0496058
   6.7726870   0.0464208   0.0470434   0.0467706   0.0466672   0.0467073   0.0468504   0.0470544   0.0472782   0.0474885   0.0476672
   7.0671516   0.0486465   0.0480848   0.0479906   0.0478114   0.0476467   0.0474344   0.0471923   0.0469651   0.0467797   0.0466419
   7.3616163   0.0495804   0.0484127   0.0471403   0.0462876   0.0458180   0.0455568   0.0453892   0.0452541   0.0451265   0.0450018
   7.6560810   0.0410423   0.0404787   0.0406501   0.0413581   0.0419101   0.0422469   0.0424345   0.0425323   0.0425764   0.0425871
   7.9505456   0.0387164   0.0415582   0.0415343   0.0410345   0.0405968   0.0403068   0.0401495   0.0400836   0.0400722   0.0400900
   8.2450103   0.0330774   0.0353511   0.0361571   0.0366249   0.0370071   0.0372927   0.0374885   0.0376234   0.0377227   0.0378015
   8.5394749   0.0359089   0.0371439   0.0366065   0.0361713   0.0359706   0.0359003   0.0358897   0.0359026   0.0359221   0.0359425
   8.8339396   0.0371061   0.0355969   0.0349919   0.0348049   0.0346889   0.0345667   0.0344455   0.0343437   0.0342683   0.0342174
   9.1284042   0.0326796   0.0316650   0.0317679   0.0318473   0.0319530   0.0320670   0.0321633   0.0322304   0.0322717   0.0322974
   9.4228689   0.0311457   0.0300071   0.0302831   0.0304609   0.0304576   0.0304148   0.0303937   0.0304054   0.0304446   0.0305034
   9.7173335   0.0252315   0.0269889   0.0278904   0.0283271   0.0285487   0.0286933   0.0288166   0.0289363   0.0290594   0.0291905
  10.0117982   0.0266515   0.0280214   0.0280401   0.0280068   0.0280567   0.0281661   0.0283022   0.0284553   0.0286267   0.0288166
  10.3062628   0.0298231   0.0296577   0.0292975   0.0291319   0.0290545   0.0290777   0.0291929   0.0293716   0.0295803   0.0297921
  10.6007275   0.0267273   0.0283985   0.0294961   0.0303364   0.0310094   0.0314989   0.0318149   0.0319885   0.0320602   0.0320668
  10.8951921   0.0434215   0.0405559   0.0393505   0.0383074   0.0372818   0.0363765   0.0356266   0.0350195   0.0345268   0.0341197
  11.1896568   0.0341678   0.0330851   0.0336143   0.0340445   0.0343099   0.0344226   0.0344101   0.0343065   0.0341436   0.0339466
  11.4841214   0.0296270   0.0309968   0.0314050   0.0315056   0.0316646   0.0318670   0.0320563   0.0322069   0.0323098   0.0323644
  11.7785861   0.0293856   0.0319837   0.0322042   0.0317665   0.0313505   0.0310777   0.0309212   0.0308452   0.0308217   0.0308285
  12.0730507   0.0230413   0.0253604   0.0271814   0.0282722   0.0288499   0.0291481   0.0293009   0.0293752   0.0294110   0.0294359
  12.3675154   0.0313215   0.0294402   0.0289658   0.0287265   0.0284837   0.0282881   0.0281723   0.0281378   0.0281707   0.0282541
  12.6619800   0.0282261   0.0277911   0.0268474   0.0263756   0.0263937   0.0266403   0.0269512   0.0272688   0.0275798   0.0278810
  12.9564447   0.0249973   0.0264544   0.0270504   0.0274528   0.0278345   0.0282011   0.0285460   0.0288637   0.0291486   0.0293985
  13.2509093   0.0293051   0.0320640   0.0330272   0.0333651   0.0333109   0.0331115   0.0328850   0.0326711   0.0324828   0.0323246
  13.5453740   0.0329798   0.0362773   0.0367023   0.0364949   0.0361438   0.0357565   0.0353770   0.0350245   0.0347076   0.0344290
  13.8398386   0.0389667   0.0359908   0.0347328   0.0344884   0.0345420   0.0346866   0.0348228   0.0349148   0.0349633   0.0349819
  14.1343033   0.0329492   0.0339505   0.0343174   0.0345772   0.0347199   0.0348251   0.0349514   0.0351205   0.0353247   0.0355426
  14.4287679   0.0319621   0.0340128   0.0354289   0.0358766   0.0361150   0.0363953   0.0367075   0.0370072   0.0372691   0.0374847
  14.7232326   0.0328301   0.0370311   0.0396800   0.0407558   0.0410778   0.0411318   0.0410580   0.0409094   0.0407205   0.0405158
  15.0176973   0.0376618   0.0442641   0.0465124   0.0463950   0.0455845   0.0447069   0.0439210   0.0432507   0.0426837   0.0422003
  15.3121619   0.0330734   0.0374965   0.0393694   0.0401105   0.0405695   0.0409170   0.0411410   0.0412425   0.0412458   0.0411810
  15.6066266   0.0424175   0.0391668   0.0387713   0.0387018   0.0387188   0.0388064   0.0389420   0.0391058   0.0392764   0.0394369
  15.9010912   0.0388401   0.0392011   0.0386905   0.0383735   0.0382482   0.0382257   0.0382571   0.0383320   0.0384514   0.0386116
  16.1955559   0.0368237   0.0371340   0.0374767   0.0377531   0.0379577   0.0381469   0.0383559   0.0385851   0.0388212   0.0390533
  16.4900205   0.0375314   0.0384402   0.0389281   0.0394524   0.0399119   0.0402722   0.0405375   0.0407256   0.0408572   0.0409537
  16.7844852   0.0492074   0.0480654   0.0470419   0.0460601   0.0452730   0.0446720   0.0441980   0.0438262   0.0435543   0.0433824
  17.0789498   0.0388536   0.0426105   0.0442075   0.0447082   0.0447962   0.0447925   0.0448227   0.0449284   0.0451106   0.0453502
  17.3734145   0.0360371   0.0390646   0.0413940   0.0429958   0.0442977   0.0454943   0.0466107   0.0476087   0.0484496   0.0491156
  17.6678791   0.0586830   0.0575301   0.0570523   0.0569174   0.0569484   0.0569759   0.0569044   0.0567116   0.0564130   0.0560352
  17.9623438   0.0760720   0.0763634   0.0739800   0.0716374   0.0693937   0.0672167   0.0651552   0.0632662   0.0615792   0.0600975
  18.2568084   0.0588422   0.0580271   0.0577358   0.0577332   0.0576540   0.0574474   0.0571309   0.0567297   0.0562744   0.0558008
  18.5512731   0.0360695   0.0387355   0.0399874   0.0413510   0.0427438   0.0440803   0.0453323   0.0464868   0.0475404   0.0484943
  18.8457377   0.0478702   0.0443996   0.0429528   0.0425770   0.0425257   0.0428416   0.0435221   0.0444679   0.0455784   0.0467862
  19.1402024   0.0415259   0.0436981   0.0449773   0.0469073   0.0486260   0.0498401   0.0507341   0.0515357   0.0524030   0.0534184
  19.4346670   0.0921374   0.0797659   0.0716581   0.0675122   0.0655719   0.0648834   0.0650036   0.0656721   0.0666925   0.0679167
  19.7291317   0.0807527   0.0767032   0.0760650   0.0780881   0.0811109   0.0840424   0.0865033   0.0884612   0.0899877   0.0911657
  20.0235963   0.1219751   0.1288184   0.1297769   0.1287437   0.1271763   0.1255571   0.1240732   0.1227172   0.1214329   0.1201823
  20.3180610   0.1701921   0.1584939   0.1580634   0.1574906   0.1555951   0.1529006   0.1498916   0.1468421   0.1439002   0.1411319
  20.6125256   0.1723583   0.1559578   0.1521190   0.1509452   0.1501429   0.1494395   0.1486877   0.1477593   0.1466067   0.1452432
  20.9069903   0.1249931   0.1323600   0.1340486   0.1354496   0.1368700   0.1379350   0.1386610   0.1391090   0.1392875   0.1391869
  21.2014549   0.1546739   0.1454971   0.1380639   0.1345425   0.1331143   0.1324086   0.1318967   0.1314305   0.1309728   0.1305127
  21.4959196   0.1431613   0.1353000   0.1284541   0.1251277   0.1233809   0.1221279   0.1210477   0.1201129   0.1193439   0.1187429
  21.7903842   0.0873380   0.0950938   0.0981470   0.0997789   0.1008256   0.1016090   0.1023054   0.1029562   0.1035521   0.1040844
  22.0848489   0.0716807   0.0762266   0.0814153   0.0843925   0.0863128   0.0878574   0.0892261   0.0904483   0.0915305   0.0924820
  22.3793135   0.0934980   0.0895456   0.0896861   0.0890437   0.0880053   0.0871599   0.0866161   0.0863291   0.0862347   0.0862762
  22.6737782   0.0678235   0.0775822   0.0806087   0.0817386   0.0822076   0.0822839   0.0820964   0.0817584   0.0813662   0.0809898
  22.9682429   0.0833210   0.0789075   0.0769938   0.0758760   0.0751246   0.0746146   0.0742607   0.0740048   0.0738060   0.0736415
  23.2627075   0.0638664   0.0638120   0.0633098   0.0631802   0.0635053   0.0639496   0.0643709   0.0647501   0.0650912   0.0653933
  23.5571722   0.0610384   0.0573011   0.0566622   0.0566758   0.0569248   0.0573112   0.0577406   0.0581515   0.0585150   0.0588253
  23.8516368   0.0454713   0.0525873   0.0546395   0.0552610   0.0552749   0.0550068   0.0546684   0.0543610   0.0541204   0.0539504
  24.1461015   0.0543832   0.0519969   0.0507288   0.0501054   0.0496467   0.0492901   0.0490089   0.0487743   0.0485714   0.0483968
  24.4405661   0.0464692   0.0414834   0.0401002   0.0401413   0.0405789   0.0410205   0.0413685   0.0416200   0.0417918   0.0419014
  24.7350308   0.0385464   0.0386137   0.0371894   0.0363491   0.0359629   0.0357850   0.0357132   0.0357065   0.0357419   0.0358038
  25.0294954   0.0297197   0.0299986   0.0301143   0.0301972   0.0302138   0.0301826   0.0301483   0.0301385   0.0301627   0.0302208
  25.3239601   0.0216639   0.0223243   0.0230643   0.0235651   0.0239647   0.0242975   0.0245800   0.0248226   0.0250354   0.0252292
  25.6184247   0.0241635   0.0222703   0.0216828   0.0213431   0.0211262   0.0210448   0.0210668   0.0211550   0.0212859   0.0214456
  25.9128894   0.0146881   0.0163134   0.0172609   0.0178643   0.0181989   0.0183759   0.0184892   0.0185937   0.0187139   0.0188563
  26.2073540   0.0180447   0.0172051   0.0168382   0.0166632   0.0166254   0.0167062   0.0168535   0.0170223   0.0171901   0.0173506
  26.5018187   0.0147986   0.0160097   0.0162289   0.0164308   0.0165971   0.0166925   0.0167433   0.0167791   0.0168139   0.0168511
  26.7962833   0.0202781   0.0189564   0.0180135   0.0175084   0.0172358   0.0170646   0.0169320   0.0168152   0.0167082   0.0166121
  27.0907480   0.0164008   0.0167981   0.0165710   0.0163997   0.0162977   0.0162088   0.0161132   0.0160141   0.0159206   0.0158397
  27.3852126   0.0132272   0.0134507   0.0139264   0.0142049   0.0143124   0.0143603   0.0144116   0.0144807   0.0145627   0.0146506
  27.6796773   0.0117993   0.0117390   0.0121141   0.0124773   0.0128007   0.0130998   0.0133732   0.0136197   0.0138430   0.0140478
  27.9741419   0.0167986   0.0153222   0.0149459   0.0146999   0.0145320   0.0144560   0.0144534   0.0145009   0.0145806   0.0146795
  28.2686066   0.0143954   0.0148227   0.0154211   0.0157898   0.0159778   0.0160546   0.0160732   0.0160654   0.0160478   0.0160293
  28.5630712   0.0182928   0.0182575   0.0180935   0.0179137   0.0177754   0.0176676   0.0175725   0.0174790   0.0173814   0.0172785
  28.8575359   0.0198117   0.0192867   0.0189091   0.0186371   0.0184778   0.0183573   0.0182366   0.0181064   0.0179688   0.0178294
  29.1520005   0.0172336   0.0179331   0.0178855   0.0178863   0.0178643   0.0178016   0.0177156   0.0176268   0.0175501   0.0174939
  29.4464652   0.0159310   0.0165716   0.0164484   0.0163536   0.0163081   0.0163269   0.0164150   0.0165607   0.0167469   0.0169582
  29.7409298   0.0132298   0.0139233   0.0143563   0.0148780   0.0154548   0.0160221   0.0165518   0.0170396   0.0174889   0.0179017
  30.0353945   0.0225747   0.0214719   0.0211311   0.0209334   0.0208346   0.0208338   0.0209119   0.0210349   0.0211690   0.0212914
  30.3298592   0.0249962   0.0263933   0.0266637   0.0267999   0.0268337   0.0267125   0.0264532   0.0261057   0.0257174   0.0253220
  30.6243238   0.0357526   0.0338954   0.0326172   0.0314278   0.0303755   0.0294838   0.0287142   0.0280308   0.0274140   0.0268546
  30.9187885   0.0200616   0.0217033   0.0232882   0.0242399   0.0247428   0.0249939   0.0251097   0.0251481   0.0251368   0.0250901
  31.2132531   0.0176692   0.0191320   0.0199246   0.0204027   0.0208039   0.0212305   0.0216734   0.0221002   0.0224893   0.0228338
  31.5077178   0.0222546   0.0224612   0.0222918   0.0220659   0.0219358   0.0219067   0.0219576   0.0220826   0.0222779   0.0225340
  31.8021824   0.0231518   0.0230356   0.0231433   0.0232394   0.0233173   0.0234150   0.0235528   0.0237378   0.0239699   0.0242444
  32.0966471   0.0237357   0.0243222   0.0249882   0.0255592   0.0260455   0.0264972   0.0269241   0.0273204   0.0276795   0.0279997
  32.3911117   0.0312103   0.0332558   0.0337807   0.0337812   0.0337524   0.0337406   0.0337265   0.0336991   0.0336566   0.0336008
  32.6855764   0.0442164   0.0429313   0.0424064   0.0419063   0.0413631   0.0408000   0.0402436   0.0397140   0.0392189   0.0387580
  32.9800410   0.0441716   0.0431410   0.0428131   0.0426565   0.0425334   0.0423688   0.0421398   0.0418455   0.0414956   0.0411047
  33.2745057   0.0422379   0.0416965   0.0415236   0.0414588   0.0414166   0.0413515   0.0412472   0.0411011   0.0409170   0.0407014
  33.5689703   0.0390643   0.0398528   0.0397191   0.0395341   0.0393139   0.0391073   0.0389434   0.0388279   0.0387556   0.0387170
  33.8634350   0.0331090   0.0338805   0.0343543   0.0347572   0.0351091   0.0354332   0.0357441   0.0360489   0.0363492   0.0366414
  34.1578996   0.0325903   0.0337942   0.0340541   0.0342026   0.0344688   0.0348330   0.0352426   0.0356541   0.0360403   0.0363902
  34.4523643   0.0384389   0.0382776   0.0382709   0.0383643   0.0384355   0.0384323   0.0383694   0.0382852   0.0382139   0.0381766
  34.7468289   0.0454970   0.0445915   0.0435299   0.0426339   0.0418505   0.0412102   0.0407261   0.0403820   0.0401529   0.0400156
  35.0412936   0.0367567   0.0364277   0.0371830   0.0381595   0.0390650   0.0398033   0.0403844   0.0408379   0.0411910   0.0414641
  35.3357582   0.0492289   0.0453241   0.0440983   0.0436383   0.0435184   0.0435884   0.0437540   0.0439471   0.0441202   0.0442442
  35.6302229   0.0518150   0.0502279   0.0501806   0.0499544   0.0496602   0.0492940   0.0488618   0.0483868   0.0478927   0.0473955
  35.9246875   0.0518233   0.0516447   0.0519041   0.0516759   0.0511278   0.0504243   0.0496559   0.0488673   0.0480827   0.0473191
  36.2191522   0.0456853   0.0445651   0.0444141   0.0442188   0.0439664   0.0436988   0.0434144   0.0431118   0.0427945   0.0424668
  36.5136168   0.0335501   0.0324513   0.0329852   0.0333296   0.0336662   0.0340444   0.0344354   0.0348057   0.0351365   0.0354200
  36.8080815   0.0256514   0.0255360   0.0266122   0.0273730   0.0278789   0.0282826   0.0286670   0.0290620   0.0294735   0.0299006
  37.1025461   0.0281477   0.0269893   0.0267644   0.0265436   0.0264051   0.0263773   0.0264513   0.0266244   0.0269010   0.0272815
  37.3970108   0.0239531   0.0250132   0.0250774   0.0251584   0.0253386   0.0256325   0.0260449   0.0265657   0.0271698   0.0278274
  37.6914755   0.0250923   0.0255410   0.0263490   0.0273173   0.0284222   0.0295258   0.0305467   0.0314497   0.0322251   0.0328790
  37.9859401   0.0458102   0.0456011   0.0448302   0.0441762   0.0436537   0.0431837   0.0427321   0.0422953   0.0418711   0.0414526
  38.2804048   0.0569065   0.0570896   0.0561631   0.0549719   0.0536901   0.0523835   0.0510771   0.0497821   0.0485092   0.0472698
  38.5748694   0.0482683   0.0473003   0.0480846   0.0487121   0.0488277   0.0485324   0.0479516   0.0471713   0.0462542   0.0452505
  38.8693341   0.0419288   0.0407971   0.0398168   0.0390151   0.0383511   0.0378306   0.0374135   0.0370467   0.0366889   0.0363143
  39.1637987   0.0211706   0.0214933   0.0218991   0.0223401   0.0228303   0.0232948   0.0237070   0.0240739   0.0244081   0.0247154
  39.4582634   0.0114208   0.0114433   0.0116478   0.0119099   0.0122417   0.0126552   0.0131512   0.0137132   0.0143161   0.0149371
  39.7527280   0.0064410   0.0064426   0.0064996   0.0066546   0.0069432   0.0073205   0.0077493   0.0082143   0.0087125   0.0092426
  40.0471927   0.0060942   0.0060070   0.0061581   0.0062731   0.0063621   0.0064524   0.0065721   0.0067384   0.0069577   0.0072290
  40.3416573   0.0076499   0.0071168   0.0070084   0.0069575   0.0069342   0.0069535   0.0070115   0.0070983   0.0072075   0.0073370
  40.6361220   0.0067303   0.0070958   0.0075250   0.0078035   0.0080206   0.0081824   0.0082925   0.0083630   0.0084084   0.0084408
  40.9305866   0.0115881   0.0114735   0.0112021   0.0108821   0.0105678   0.0103068   0.0101056   0.0099517   0.0098308   0.0097329
  41.2250513   0.0092209   0.0097429   0.0101121   0.0103993   0.0105785   0.0106597   0.0106661   0.0106274   0.0105691   0.0105081
  41.5195159   0.0105650   0.0114648   0.0114154   0.0111281   0.0109129   0.0108090   0.0107871   0.0108141   0.0108664   0.0109288
  41.8139806   0.0090730   0.0092730   0.0098309   0.0103609   0.0107392   0.0110224   0.0112542   0.0114522   0.0116221   0.0117670
  42.1084452   0.0115366   0.0132068   0.0132710   0.0132982   0.0133538   0.0133871   0.0133980   0.0133979   0.0133971   0.0134028
  42.4029099   0.0218813   0.0194118   0.0176472   0.0167259   0.0161608   0.0157843   0.0155213   0.0153392   0.0152202   0.0151500
  42.6973745   0.0117023   0.0137615   0.0146191   0.0151528   0.0155944   0.0159513   0.0162266   0.0164330   0.0165847   0.0166944
  42.9918392   0.0160972   0.0169349   0.0180989   0.0184208   0.0185010   0.0185415   0.0185916   0.0186490   0.0186993   0.0187321
  43.2863038   0.0217391   0.0221853   0.0222280   0.0220783   0.0218999   0.0216980   0.0214746   0.0212478   0.0210329   0.0208361
  43.5807685   0.0286286   0.0252324   0.0238537   0.0231898   0.0228091   0.0225551   0.0223507   0.0221595   0.0219683   0.0217747
  43.8752331   0.0219977   0.0202354   0.0205475   0.0210256   0.0213277   0.0214802   0.0215420   0.0215449   0.0215060   0.0214369
  44.1696978   0.0210069   0.0207535   0.0209120   0.0209216   0.0208292   0.0207148   0.0206199   0.0205548   0.0205177   0.0205015
  44.4641624   0.0198788   0.0197625   0.0194312   0.0191917   0.0191006   0.0191209   0.0192039   0.0193149   0.0194331   0.0195464
  44.7586271   0.0159419   0.0164767   0.0170796   0.0176667   0.0181633   0.0185465   0.0188254   0.0190222   0.0191591   0.0192540
  45.0530918   0.0225245   0.0223827   0.0219493   0.0213678   0.0208126   0.0203516   0.0199946   0.0197270   0.0195284   0.0193804
  45.3475564   0.0178556   0.0182489   0.0185521   0.0187985   0.0189518   0.0190168   0.0190110   0.0189582   0.0188803   0.0187936
  45.6420211   0.0166259   0.0170568   0.0172052   0.0172256   0.0172776   0.0173614   0.0174522   0.0175340   0.0176003   0.0176500
  45.9364857   0.0169725   0.0169248   0.0168643   0.0167754   0.0166720   0.0166034   0.0165852   0.0166105   0.0166623   0.0167216
  46.2309504   0.0144603   0.0143249   0.0147868   0.0152714   0.0156289   0.0158822   0.0160500   0.0161389   0.0161577   0.0161202
  46.5254150   0.0185512   0.0177881   0.0175026   0.0172003   0.0168621   0.0164873   0.0160943   0.0157033   0.0153283   0.0149777
  46.8198797   0.0177302   0.0161434   0.0150881   0.0142719   0.0136394   0.0131223   0.0126847   0.0123126   0.0119977   0.0117326
  47.1143443   0.0030149   0.0033681   0.0038838   0.0045129   0.0051370   0.0056830   0.0061371   0.0065070   0.0068055   0.0070460
  47.4088090   0.0022672   0.0020913   0.0020671   0.0021025   0.0022090   0.0023979   0.0026580   0.0029639   0.0032898   0.0036159
  47.7032736   0.0019361   0.0019466   0.0019737   0.0019824   0.0019819   0.0019823   0.0019975   0.0020412   0.0021213   0.0022382
  47.9977383   0.0019382   0.0018408   0.0018268   0.0018200   0.0018139   0.0018120   0.0018138   0.0018195   0.0018314   0.0018538
  48.2922029   0.0013780   0.0015134   0.0015833   0.0016231   0.0016526   0.0016751   0.0016916   0.0017035   0.0017123   0.0017199
  48.5866676   0.0018272   0.0017738   0.0017603   0.0017320   0.0017032   0.0016802   0.0016637   0.0016530   0.0016467   0.0016438
  48.8811322   0.0014756   0.0014855   0.0015099   0.0015251   0.0015377   0.0015479   0.0015550   0.0015597   0.0015630   0.0015656
  49.1755969   0.0014324   0.0014451   0.0014517   0.0014596   0.0014666   0.0014744   0.0014826   0.0014904   0.0014972   0.0015028
  49.4700615   0.0013887   0.0014678   0.0014882   0.0014929   0.0014895   0.0014833   0.0014775   0.0014733   0.0014709   0.0014698
  49.7645262   0.0014226   0.0014423   0.0014389   0.0014375   0.0014388   0.0014400   0.0014403   0.0014396   0.0014384   0.0014370
  50.0589908   0.0015823   0.0014783   0.0014233   0.0014025   0.0013964   0.0013949   0.0013946   0.0013950   0.0013959   0.0013975
  50.3534555   0.0014648   0.0014027   0.0013700   0.0013539   0.0013490   0.0013495   0.0013533   0.0013591   0.0013658   0.0013727
  50.6479201   0.0012901   0.0012554   0.0012791   0.0013094   0.0013343   0.0013533   0.0013677   0.0013781   0.0013853   0.0013899
  50.9423848   0.0015050   0.0015378   0.0015362   0.0015209   0.0015014   0.0014824   0.0014650   0.0014492   0.0014348   0.0014216
  51.2368494   0.0014820   0.0014711   0.0014837   0.0014784   0.0014634   0.0014450   0.0014259   0.0014076   0.0013905   0.0013748
  51.5313141   0.0010895   0.0011466   0.0011760   0.0011933   0.0012064   0.0012175   0.0012265   0.0012323   0.0012343   0.0012322
  51.8257787   0.0010839   0.0010606   0.0010532   0.0010565   0.0010634   0.0010687   0.0010696   0.0010661   0.0010594   0.0010503
  52.1202434   0.0010849   0.0010944   0.0010569   0.0010045   0.0009533   0.0009085   0.0008710   0.0008408   0.0008170   0.0007986
  52.4147081   0.0001917   0.0002396   0.0003009   0.0003489   0.0003827   0.0004063   0.0004233   0.0004363   0.0004468   0.0004558
  52.7091727   0.0000000   0.0000000   0.0000012   0.0000090   0.0000267   0.0000523   0.0000817   0.0001117   0.0001403   0.0001668
  53.0036374   0.0000000   0.0000000   0.0000000   0.0000000   0.0000002   0.0000014   0.0000051   0.0000121   0.0000224   0.0000355
  53.2981020   0.0000000   0.0000000   0.0000000   0.0000000   0.0000000   0.0000000   0.0000001   0.0000005   0.0000017   0.0000042
  53.5925667   0.0000000   0.0000000   0.0000000   0.0000000   0.0000000   0.0000000   0.0000000   0.0000000   0.0000001   0.0000004
  53.8870313   0.0000000   0.0000000   0.0000000   0.0000000   0.0000000   0.0000000   0.0000000   0.0000001   0.0000006   0.0000021
  54.1814960   0.0000000   0.0000000   0.0000000   0.0000000   0.0000000   0.0000002   0.0000013   0.0000048   0.0000127   0.0000268
  54.4759606   0.0000000   0.0000000   0.0000000   0.0000006   0.0000046   0.0000171   0.0000419   0.0000806   0.0001326   0.0001954
  54.7704253   0.0000005   0.0000118   0.0000537   0.0001280   0.0002264   0.0003409   0.0004651   0.0005922   0.0007158   0.0008311
  55.0648899   0.0015582   0.0015932   0.0016457   0.0017308   0.0018363   0.0019372   0.0020197   0.0020805   0.0021214   0.0021458
  55.3593546   0.0052112   0.0050895   0.0049292   0.0047191   0.0044910   0.0042662   0.0040553   0.0038621   0.0036867   0.0035277
  55.6538192   0.0045946   0.0046810   0.0047382   0.0047319   0.0046637   0.0045555   0.0044234   0.0042770   0.0041227   0.0039654
  55.9482839   0.0032268   0.0032682   0.0033153   0.0033617   0.0034067   0.0034417   0.0034583   0.0034521   0.0034230   0.0033738
  56.2427485   0.0027934   0.0026870   0.0025822   0.0025030   0.0024444   0.0024020   0.0023737   0.0023574   0.0023494   0.0023454
  56.5372132   0.0010659   0.0010424   0.0010381   0.0010634   0.0010994   0.0011372   0.0011746   0.0012122   0.0012508   0.0012909
  56.8316778   0.0000007   0.0000211   0.0000650   0.0001211   0.0001817   0.0002453   0.0003109   0.0003769   0.0004421   0.0005059
  57.1261425   0.0000000   0.0000000   0.0000000   0.0000008   0.0000052   0.0000158   0.0000339   0.0000593   0.0000909   0.0001278
  57.4206071   0.0000000   0.0000000   0.0000000   0.0000000   0.0000000   0.0000002   0.0000012   0.0000041   0.0000099   0.0000193
  57.7150718   0.0000000   0.0000000   0.0000000   0.0000000   0.0000000   0.0000000   0.0000000   0.0000001   0.0000005   0.0000017
  58.0095364   0.0000000   0.0000000   0.0000000   0.0000000   0.0000000   0.0000000   0.0000000   0.0000000   0.0000000   0.0000001
  58.3040011   0.0000000   0.0000000   0.0000000   0.0000000   0.0000000   0.0000000   0.0000000   0.0000000   0.0000000   0.0000000
  58.5984657   0.0000000   0.0000000   0.0000000   0.0000000   0.0000000   0.0000000   0.0000000   0.0000000   0.0000000   0.0000000
  58.8929304   0.0000000   0.0000000   0.0000000   0.0000000   0.0000000   0.0000000   0.0000000   0.0000000   0.0000000   0.0000000
  59.1873950   0.0000000   0.0000000   0.0000000   0.0000000   0.0000000   0.0000000   0.0000000   0.0000000   0.0000000   0.0000000
  59.4818597   0.0000000   0.0000000   0.0000000   0.0000000   0.0000000   0.0000000   0.0000000   0.0000000   0.0000000   0.0000000
  59.7763243   0.0000000   0.0000000   0.0000000   0.0000000   0.0000000   0.0000000   0.0000000   0.0000000   0.0000000   0.0000000
  60.0707890   0.0000000   0.0000000   0.0000000   0.0000000   0.0000000   0.0000000   0.0000000   0.0000000   0.0000000   0.0000000
  60.3652537   0.0000000   0.0000000   0.0000000   0.0000000   0.0000000   0.0000000   0.0000000   0.0000000   0.0000000   0.0000000
  60.6597183   0.0000000   0.0000000   0.0000000   0.0000000   0.0000000   0.0000000   0.0000000   0.0000000   0.0000000   0.0000000
  60.9541830   0.0000000   0.0000000   0.0000000   0.0000000   0.0000000   0.0000000   0.0000000   0.0000000   0.0000000   0.0000000
  61.2486476   0.0000000   0.0000000   0.0000000   0.0000000   0.0000000   0.0000000   0.0000000   0.0000000   0.0000000   0.0000000
  61.5431123   0.0000000   0.0000000   0.0000000   0.0000000   0.0000000   0.0000000   0.0000000   0.0000000   0.0000000   0.0000000
  61.8375769   0.0000000   0.0000000   0.0000000   0.0000000   0.0000000   0.0000000   0.0000000   0.0000000   0.0000000   0.0000000
  62.1320416   0.0000000   0.0000000   0.0000000   0.0000000   0.0000000   0.0000000   0.0000000   0.0000000   0.0000000   0.0000000
  62.4265062   0.0000000   0.0000000   0.0000000   0.0000000   0.0000000   0.0000000   0.0000000   0.0000000   0.0000000   0.0000000
  62.7209709   0.0000000   0.0000000   0.0000000   0.0000000   0.0000000   0.0000000   0.0000000   0.0000000   0.0000000   0.0000000
  63.0154355   0.0000000   0.0000000   0.0000000   0.0000000   0.0000000   0.0000000   0.0000000   0.0000000   0.0000000   0.0000000
  63.3099002   0.0000000   0.0000000   0.0000000   0.0000000   0.0000000   0.0000000   0.0000000   0.0000000   0.0000000   0.0000000
  63.6043648   0.0000000   0.0000000   0.0000000   0.0000000   0.0000000   0.0000000   0.0000000   0.0000000   0.0000000   0.0000000
  63.8988295   0.0000000   0.0000000   0.0000000   0.0000000   0.0000000   0.0000000   0.0000000   0.0000000   0.0000000   0.0000000
  64.1932941   0.0000000   0.0000000   0.0000000   0.0000000   0.0000000   0.0000000   0.0000000   0.0000000   0.0000000   0.0000000
  64.4877588   0.0000000   0.0000000   0.0000000   0.0000000   0.0000000   0.0000000   0.0000000   0.0000000   0.0000000   0.0000000
  64.7822234   0.0000000   0.0000000   0.0000000   0.0000000   0.0000000   0.0000000   0.0000000   0.0000000   0.0000000   0.0000000
  65.0766881   0.0000000   0.0000000   0.0000000   0.0000000   0.0000000   0.0000000   0.0000000   0.0000000   0.0000000   0.0000000
  65.3711527   0.0000000   0.0000000   0.0000000   0.0000000   0.0000000   0.0000000   0.0000000   0.0000000   0.0000000   0.0000000
  65.6656174   0.0000000   0.0000000   0.0000000   0.0000000   0.0000000   0.0000000   0.0000000   0.0000000   0.0000000   0.0000000
  65.9600820   0.0000000   0.0000000   0.0000000   0.0000000   0.0000000   0.0000000   0.0000000   0.0000000   0.0000000   0.0000000
  66.2545467   0.0000000   0.0000000   0.0000000   0.0000000   0.0000000   0.0000000   0.0000000   0.0000000   0.0000000   0.0000000
  66.5490113   0.0000000   0.0000000   0.0000000   0.0000000   0.0000000   0.0000000   0.0000000   0.0000000   0.0000000   0.0000000
  66.8434760   0.0000000   0.0000000   0.0000000   0.0000000   0.0000000   0.0000000   0.0000000   0.0000000   0.0000000   0.0000000
  67.1379406   0.0000000   0.0000000   0.0000000   0.0000000   0.0000000   0.0000000   0.0000000   0.0000000   0.0000000   0.0000000
  67.4324053   0.0000000   0.0000000   0.0000000   0.0000000   0.0000000   0.0000000   0.0000000   0.0000000   0.0000000   0.0000000
  67.7268700   0.0000000   0.0000000   0.0000000   0.0000000   0.0000000   0.0000000   0.0000000   0.0000000   0.0000000   0.0000000
  68.0213346   0.0000000   0.0000000   0.0000000   0.0000000   0.0000000   0.0000000   0.0000000   0.0000000   0.0000000   0.0000001
  68.3157993   0.0000000   0.0000000   0.0000000   0.0000000   0.0000000   0.0000000   0.0000000   0.0000001   0.0000004   0.0000017
  68.6102639   0.0000000   0.0000000   0.0000000   0.0000000   0.0000000   0.0000001   0.0000007   0.0000035   0.0000111   0.0000264
  68.9047286   0.0000000   0.0000000   0.0000000   0.0000001   0.0000016   0.0000104   0.0000341   0.0000769   0.0001389   0.0002186
  69.1991932   0.0000000   0.0000001   0.0000098   0.0000686   0.0001847   0.0003348   0.0005012   0.0006767   0.0008578   0.0010419
  69.4936579   0.0016541   0.0018577   0.0019783   0.0020919   0.0022198   0.0023752   0.0025484   0.0027271   0.0029051   0.0030809
  69.7881225   0.0044938   0.0053762   0.0058672   0.0061068   0.0061896   0.0061981   0.0061895   0.0061922   0.0062159   0.0062618
  70.0825872   0.0112824   0.0108144   0.0104154   0.0101620   0.0100151   0.0099391   0.0099014   0.0098837   0.0098787   0.0098839
  70.3770518   0.0135367   0.0131612   0.0131191   0.0132047   0.0133153   0.0134190   0.0134995   0.0135545   0.0135884   0.0136081
  70.6715165   0.0158134   0.0170653   0.0175556   0.0176870   0.0176616   0.0175909   0.0175180   0.0174614   0.0174262   0.0174110
  70.9659811   0.0178560   0.0203331   0.0211221   0.0211851   0.0211085   0.0210745   0.0210879   0.0211251   0.0211738   0.0212326
  71.2604458   0.0193496   0.0216526   0.0232344   0.0241095   0.0245762   0.0248475   0.0250329   0.0251920   0.0253545   0.0255299
  71.5549104   0.0316409   0.0311975   0.0309448   0.0305762   0.0303114   0.0302522   0.0303612   0.0305688   0.0308126   0.0310469
  71.8493751   0.0306752   0.0333571   0.0349332   0.0359193   0.0367290   0.0373458   0.0377393   0.0379279   0.0379471   0.0378333
  72.1438397   0.0498872   0.0519305   0.0511781   0.0499150   0.0486353   0.0474193   0.0462640   0.0451691   0.0441346   0.0431593
  72.4383044   0.0497748   0.0488678   0.0486401   0.0479912   0.0471304   0.0461870   0.0452220   0.0442711   0.0433561   0.0424877
  72.7327690   0.0319802   0.0312803   0.0326127   0.0337505   0.0346129   0.0352847   0.0357944   0.0361519   0.0363699   0.0364663
  73.0272337   0.0279969   0.0282803   0.0285366   0.0285549   0.0286014   0.0288057   0.0291388   0.0295402   0.0299606   0.0303673
  73.3216983   0.0222616   0.0238339   0.0251535   0.0257441   0.0259849   0.0260990   0.0261834   0.0262932   0.0264646   0.0267196
  73.6161630   0.0202087   0.0235386   0.0242961   0.0243368   0.0242604   0.0242343   0.0243137   0.0245249   0.0248865   0.0254115
  73.9106276   0.0229730   0.0220794   0.0219802   0.0222719   0.0228573   0.0236804   0.0246975   0.0258928   0.0272474   0.0287255
  74.2050923   0.0279223   0.0282438   0.0292712   0.0306043   0.0322090   0.0340987   0.0361808   0.0383117   0.0403733   0.0422956
  74.4995569   0.0575761   0.0590981   0.0609419   0.0631067   0.0648020   0.0659219   0.0666054   0.0669970   0.0672028   0.0672938
  74.7940216   0.1220888   0.1221731   0.1161540   0.1109481   0.1066636   0.1030097   0.0998333   0.0970456   0.0945809   0.0923855
  75.0884863   0.1127702   0.1115470   0.1103970   0.1104378   0.1105348   0.1101624   0.1092743   0.1079808   0.1064068   0.1046580
  75.3829509   0.1103300   0.1079781   0.1068186   0.1064536   0.1063937   0.1063579   0.1062336   0.1059517   0.1054733   0.1047921
  75.6774156   0.1081658   0.1047393   0.1033268   0.1023441   0.1014925   0.1007727   0.1002055   0.0997724   0.0994345   0.0991478
  75.9718802   0.0860121   0.0862029   0.0871260   0.0884244   0.0894507   0.0901644   0.0906659   0.0910488   0.0913801   0.0916997
  76.2663449   0.0868424   0.0863364   0.0850096   0.0841012   0.0837563   0.0838605   0.0842818   0.0848995   0.0856206   0.0863810
  76.5608095   0.0777690   0.0787829   0.0794395   0.0805884   0.0818112   0.0828926   0.0838211   0.0846374   0.0853719   0.0860363
  76.8552742   0.0938165   0.0938419   0.0924582   0.0915606   0.0910046   0.0906300   0.0903494   0.0900999   0.0898420   0.0895569
  77.1497388   0.1032765   0.0993366   0.0981358   0.0975581   0.0968033   0.0958251   0.0946960   0.0934821   0.0922305   0.0909696
  77.4442035   0.0906405   0.0918569   0.0915629   0.0910358   0.0902215   0.0892079   0.0880767   0.0868477   0.0855316   0.0841528
  77.7386681   0.0728248   0.0720610   0.0715156   0.0713551   0.0711943   0.0708325   0.0702729   0.0695873   0.0688410   0.0680758
  78.0331328   0.0525994   0.0521134   0.0494047   0.0474889   0.0465046   0.0461229   0.0461038   0.0463020   0.0466246   0.0470099
  78.3275974   0.0131809   0.0141258   0.0159521   0.0182715   0.0204892   0.0224459   0.0241818   0.0257649   0.0272406   0.0286321
  78.6220621   0.0156653   0.0154833   0.0152031   0.0149768   0.0149924   0.0153344   0.0159704   0.0168173   0.0177986   0.0188606
  78.9165267   0.0140728   0.0146172   0.0150989   0.0154360   0.0156237   0.0157137   0.0157788   0.0158857   0.0160794   0.0163802
  79.2109914   0.0179706   0.0176055   0.0172542   0.0170322   0.0168809   0.0167766   0.0167049   0.0166565   0.0166321   0.0166418
  79.5054560   0.0189617   0.0176961   0.0173189   0.0172160   0.0172148   0.0172369   0.0172572   0.0172727   0.0172862   0.0173009
  79.7999207   0.0181888   0.0177521   0.0176953   0.0177465   0.0178130   0.0178762   0.0179364   0.0179938   0.0180467   0.0180949
  80.0943853   0.0182904   0.0188770   0.0191014   0.0191005   0.0191022   0.0191097   0.0191168   0.0191282   0.0191493   0.0191825
  80.3888500   0.0208665   0.0209462   0.0207647   0.0205862   0.0204672   0.0204160   0.0204159   0.0204491   0.0205029   0.0205697
  80.6833146   0.0199120   0.0203925   0.0208528   0.0213124   0.0216599   0.0219044   0.0220854   0.0222288   0.0223499   0.0224587
  80.9777793   0.0265784   0.0263229   0.0256116   0.0252829   0.0250993   0.0249932   0.0249451   0.0249410   0.0249685   0.0250183
  81.2722439   0.0288401   0.0282658   0.0278964   0.0277651   0.0277715   0.0278226   0.0278755   0.0279210   0.0279664   0.0280198
  81.5667086   0.0305881   0.0306535   0.0307686   0.0309990   0.0311053   0.0311460   0.0311919   0.0312649   0.0313581   0.0314567
  81.8611732   0.0331041   0.0343143   0.0344035   0.0345825   0.0348036   0.0350348   0.0352361   0.0353812   0.0354647   0.0354936
  82.1556379   0.0406933   0.0412370   0.0414414   0.0412998   0.0410465   0.0407375   0.0404010   0.0400596   0.0397264   0.0394078
  82.4501026   0.0421155   0.0446986   0.0445811   0.0440268   0.0435036   0.0430062   0.0425347   0.0421017   0.0417088   0.0413492
  82.7445672   0.0433112   0.0412169   0.0403845   0.0402600   0.0404294   0.0406975   0.0409338   0.0410814   0.0411337   0.0411046
  83.0390319   0.0377091   0.0389219   0.0397449   0.0403040   0.0404694   0.0404432   0.0403761   0.0403187   0.0402704   0.0402158
  83.3334965   0.0410098   0.0394782   0.0397461   0.0397593   0.0396583   0.0395135   0.0393533   0.0391838   0.0390073   0.0388262
  83.6279612   0.0435080   0.0393264   0.0378389   0.0372871   0.0370653   0.0369350   0.0367999   0.0366321   0.0364363   0.0362269
  83.9224258   0.0361929   0.0344920   0.0335868   0.0333167   0.0331189   0.0328836   0.0326579   0.0324772   0.0323445   0.0322490
  84.2168905   0.0269209   0.0267989   0.0262898   0.0261628   0.0263867   0.0267202   0.0270505   0.0273447   0.0276005   0.0278243
  84.5113551   0.0237110   0.0243386   0.0238587   0.0235928   0.0235981   0.0237402   0.0239471   0.0241858   0.0244375   0.0246914
  84.8058198   0.0227826   0.0223548   0.0225921   0.0228629   0.0230000   0.0230285   0.0230282   0.0230480   0.0231045   0.0231980
  85.1002844   0.0262409   0.0238462   0.0227608   0.0224150   0.0223150   0.0223215   0.0223690   0.0224255   0.0224816   0.0225385
  85.3947491   0.0208704   0.0219356   0.0220312   0.0220676   0.0221260   0.0221783   0.0222177   0.0222469   0.0222687   0.0222852
  85.6892137   0.0206686   0.0218279   0.0223503   0.0224511   0.0224369   0.0223772   0.0223023   0.0222296   0.0221691   0.0221257
  85.9836784   0.0235119   0.0225729   0.0222024   0.0220424   0.0218985   0.0218030   0.0217589   0.0217537   0.0217738   0.0218069
  86.2781430   0.0160300   0.0187341   0.0197304   0.0202557   0.0206546   0.0209901   0.0212635   0.0214752   0.0216292   0.0217329
  86.5726077   0.0193931   0.0223677   0.0230611   0.0229862   0.0228106   0.0226430   0.0224829   0.0223287   0.0221829   0.0220470
  86.8670723   0.0241938   0.0239655   0.0238481   0.0235468   0.0231290   0.0227148   0.0223493   0.0220357   0.0217683   0.0215413
  87.1615370   0.0195458   0.0175716   0.0177938   0.0184946   0.0190296   0.0193631   0.0195655   0.0196873   0.0197577   0.0197956
  87.4560016   0.0218259   0.0203053   0.0187577   0.0179345   0.0176312   0.0175943   0.0176803   0.0178225   0.0179889   0.0181606
  87.7504663   0.0184014   0.0173913   0.0170151   0.0168961   0.0169335   0.0170390   0.0171714   0.0173148   0.0174606   0.0176036
  88.0449309   0.0146408   0.0152541   0.0163989   0.0172525   0.0176879   0.0178828   0.0179567   0.0179703   0.0179586   0.0179443
  88.3393956   0.0148990   0.0199140   0.0206420   0.0201860   0.0195904   0.0190960   0.0187396   0.0185011   0.0183520   0.0182670
  88.6338602   0.0167414   0.0153143   0.0157010   0.0162804   0.0168395   0.0173198   0.0176981   0.0179840   0.0181941   0.0183435
  88.9283249   0.0212738   0.0199740   0.0192933   0.0189408   0.0188534   0.0188918   0.0189609   0.0190187   0.0190542   0.0190696
  89.2227895   0.0215382   0.0228419   0.0225804   0.0222215   0.0217092   0.0211663   0.0206837   0.0202969   0.0200053   0.0197909
  89.5172542   0.0141688   0.0161621   0.0173751   0.0181201   0.0186175   0.0189829   0.0192457   0.0194098   0.0194871   0.0194989
  89.8117189   0.0169382   0.0182485   0.0187776   0.0189249   0.0189743   0.0189950   0.0190001   0.0189979   0.0189904   0.0189752
  90.1061835   0.0224178   0.0215281   0.0208380   0.0200341   0.0194285   0.0190111   0.0187210   0.0185179   0.0183770   0.0182805
  90.4006482   0.0126305   0.0138186   0.0147480   0.0155533   0.0161581   0.0165754   0.0168451   0.0170115   0.0171114   0.0171720
  90.6951128   0.0184153   0.0174133   0.0171191   0.0167907   0.0164882   0.0162901   0.0162047   0.0162018   0.0162458   0.0163103
  90.9895775   0.0138033   0.0147841   0.0148899   0.0151336   0.0153956   0.0155984   0.0157290   0.0158083   0.0158631   0.0159111
  91.2840421   0.0159392   0.0168835   0.0166471   0.0163402   0.0160848   0.0159226   0.0158445   0.0158201   0.0158214   0.0158318
  91.5785068   0.0121628   0.0137047   0.0146506   0.0152293   0.0155836   0.0157780   0.0158596   0.0158756   0.0158614   0.0158382
  91.8729714   0.0170301   0.0176977   0.0174748   0.0168597   0.0163695   0.0160588   0.0158783   0.0157791   0.0157272   0.0157022
  92.1674361   0.0146020   0.0130759   0.0136186   0.0142373   0.0146819   0.0149883   0.0151967   0.0153384   0.0154375   0.0155098
  92.4619007   0.0142580   0.0155661   0.0156982   0.0157580   0.0157082   0.0156459   0.0156189   0.0156236   0.0156439   0.0156666
  92.7563654   0.0160715   0.0163259   0.0162621   0.0162485   0.0162342   0.0162065   0.0161565   0.0160902   0.0160152   0.0159351
  93.0508300   0.0139714   0.0167193   0.0167138   0.0164711   0.0162896   0.0161734   0.0160691   0.0159474   0.0158047   0.0156497
  93.3452947   0.0102319   0.0135613   0.0148783   0.0152685   0.0152464   0.0150611   0.0148374   0.0146325   0.0144656   0.0143358
  93.6397593   0.0103589   0.0107661   0.0113451   0.0115162   0.0115841   0.0117003   0.0118704   0.0120567   0.0122284   0.0123708
  93.9342240   0.0092216   0.0081222   0.0084514   0.0090959   0.0097165   0.0102103   0.0105672   0.0108145   0.0109864   0.0111106
  94.2286886   0.0210226   0.0166749   0.0147576   0.0134627   0.0124807   0.0117351   0.0111949   0.0108276   0.0105945   0.0104573
  94.5231533   0.0071517   0.0068578   0.0071858   0.0077007   0.0082452   0.0086865   0.0089972   0.0091943   0.0093059   0.0093593
  94.8176179   0.0090958   0.0082179   0.0080602   0.0080553   0.0081188   0.0081957   0.0082650   0.0083171   0.0083467   0.0083534
  95.1120826   0.0115894   0.0108349   0.0101607   0.0094632   0.0088510   0.0083439   0.0079414   0.0076360   0.0074133   0.0072545
  95.4065472   0.0009260   0.0024701   0.0034074   0.0040420   0.0045378   0.0049071   0.0051592   0.0053142   0.0053981   0.0054369
  95.7010119   0.0046993   0.0039490   0.0038149   0.0036929   0.0035800   0.0035172   0.0035112   0.0035505   0.0036195   0.0037046
  95.9954765   0.0031745   0.0026822   0.0024654   0.0023667   0.0023149   0.0023004   0.0023229   0.0023803   0.0024682   0.0025795
  96.2899412   0.0000248   0.0001424   0.0004015   0.0007653   0.0011393   0.0014668   0.0017376   0.0019590   0.0021417   0.0022960
  96.5844058   0.0047189   0.0045324   0.0040201   0.0035837   0.0032902   0.0031065   0.0029950   0.0029312   0.0028996   0.0028908
  96.8788705   0.0027812   0.0034708   0.0037883   0.0039193   0.0039363   0.0038838   0.0037969   0.0037015   0.0036152   0.0035477
  97.1733351   0.0032711   0.0032491   0.0034539   0.0035957   0.0036572   0.0036995   0.0037488   0.0038053   0.0038637   0.0039204
  97.4677998   0.0039880   0.0036407   0.0036316   0.0037367   0.0038851   0.0040522   0.0042187   0.0043751   0.0045182   0.0046460
  97.7622645   0.0057727   0.0060706   0.0061257   0.0060891   0.0060557   0.0060415   0.0060467   0.0060615   0.0060780   0.0060929
  98.0567291   0.0089974   0.0082397   0.0081065   0.0081937   0.0082215   0.0081510   0.0080230   0.0078793   0.0077433   0.0076235
  98.3511938   0.0117608   0.0114346   0.0102416   0.0094556   0.0090374   0.0088259   0.0087115   0.0086334   0.0085628   0.0084890
  98.6456584   0.0064685   0.0070099   0.0074364   0.0079399   0.0083572   0.0086211   0.0087638   0.0088288   0.0088471   0.0088379
  98.9401231   0.0143460   0.0117468   0.0106408   0.0100912   0.0097008   0.0094133   0.0092188   0.0091011   0.0090400   0.0090171
  99.2345877   0.0078676   0.0083158   0.0082722   0.0082835   0.0084425   0.0086383   0.0088191   0.0089739   0.0091043   0.0092133
  99.5290524   0.0098871   0.0090094   0.0089584   0.0091713   0.0093804   0.0095650   0.0097222   0.0098460   0.0099333   0.0099862
  99.8235170   0.0123938   0.0124334   0.0126182   0.0125138   0.0122494   0.0119360   0.0116293   0.0113516   0.0111091   0.0109007
 100.1179817   0.0105318   0.0113764   0.0117357   0.0116552   0.0114960   0.0113298   0.0111592   0.0109860   0.0108175   0.0106603
 100.4124463   0.0084627   0.0080701   0.0083929   0.0086531   0.0088308   0.0089922   0.0091478   0.0092883   0.0094055   0.0094961
 100.7069110   0.0057479   0.0067508   0.0073464   0.0077273   0.0079845   0.0081745   0.0083346   0.0084817   0.0086197   0.0087469
 101.0013756   0.0115910   0.0104343   0.0096831   0.0092671   0.0090184   0.0088791   0.0088028   0.0087602   0.0087391   0.0087357
 101.2958403   0.0082476   0.0086221   0.0087649   0.0089292   0.0090185   0.0090166   0.0089651   0.0089031   0.0088509   0.0088154
 101.5903049   0.0085223   0.0093032   0.0089120   0.0086213   0.0085103   0.0085155   0.0085766   0.0086529   0.0087235   0.0087823
 101.8847696   0.0080689   0.0078381   0.0080658   0.0083522   0.0085975   0.0087706   0.0088790   0.0089489   0.0090063   0.0090686
 102.1792342   0.0104989   0.0109427   0.0108295   0.0105007   0.0101451   0.0098724   0.0097236   0.0096908   0.0097439   0.0098500
 102.4736989   0.0059956   0.0072935   0.0080391   0.0087145   0.0094016   0.0100391   0.0105731   0.0109887   0.0112956   0.0115118
 102.7681635   0.0156093   0.0159265   0.0158048   0.0155772   0.0153068   0.0150417   0.0147929   0.0145541   0.0143174   0.0140787
 103.0626282   0.0196322   0.0195374   0.0193222   0.0189185   0.0183169   0.0176189   0.0169088   0.0162349   0.0156181   0.0150631
 103.3570928   0.0131769   0.0131970   0.0130820   0.0130537   0.0131052   0.0131596   0.0131656   0.0131047   0.0129825   0.0128149
 103.6515575   0.0097866   0.0082580   0.0080206   0.0081076   0.0082854   0.0084864   0.0086942   0.0089010   0.0090961   0.0092688
 103.9460221   0.0065379   0.0060620   0.0058514   0.0057893   0.0058175   0.0059095   0.0060509   0.0062284   0.0064309   0.0066481
 104.2404868   0.0048417   0.0041421   0.0043124   0.0045701   0.0047758   0.0049345   0.0050724   0.0052066   0.0053449   0.0054902
 104.5349514   0.0060853   0.0058290   0.0055799   0.0054106   0.0053269   0.0052945   0.0052879   0.0052949   0.0053121   0.0053399
 104.8294161   0.0060881   0.0060347   0.0059117   0.0058200   0.0057406   0.0056650   0.0055958   0.0055367   0.0054893   0.0054532
 105.1238808   0.0049049   0.0049074   0.0050728   0.0052288   0.0053241   0.0053786   0.0054088   0.0054207   0.0054179   0.0054044
 105.4183454   0.0052710   0.0053537   0.0053837   0.0053628   0.0053349   0.0053068   0.0052812   0.0052588   0.0052388   0.0052200
 105.7128101   0.0058341   0.0055476   0.0052760   0.0051204   0.0050386   0.0049926   0.0049627   0.0049412   0.0049254   0.0049138
 106.0072747   0.0041124   0.0041686   0.0042000   0.0042846   0.0043640   0.0044263   0.0044724   0.0045065   0.0045328   0.0045549
 106.3017394   0.0044701   0.0042191   0.0042953   0.0042975   0.0042762   0.0042588   0.0042561   0.0042697   0.0042958   0.0043293
 106.5962040   0.0028197   0.0038537   0.0040106   0.0040318   0.0040729   0.0041377   0.0042040   0.0042605   0.0043065   0.0043450
 106.8906687   0.0037765   0.0041475   0.0045125   0.0046563   0.0046737   0.0046506   0.0046227   0.0046010   0.0045868   0.0045785
 107.1851333   0.0041641   0.0045542   0.0048293   0.0049186   0.0049221   0.0048995   0.0048701   0.0048405   0.0048135   0.0047903
 107.4795980   0.0046175   0.0049254   0.0049437   0.0048670   0.0048380   0.0048433   0.0048575   0.0048697   0.0048771   0.0048796
 107.7740626   0.0054415   0.0049468   0.0049300   0.0049240   0.0049272   0.0049353   0.0049425   0.0049486   0.0049541   0.0049584
 108.0685273   0.0055839   0.0049534   0.0050581   0.0051084   0.0051076   0.0050923   0.0050795   0.0050702   0.0050617   0.0050524
 108.3629919   0.0048295   0.0049536   0.0049520   0.0050415   0.0051135   0.0051432   0.0051415   0.0051238   0.0051012   0.0050795
 108.6574566   0.0073783   0.0064865   0.0058173   0.0054187   0.0051932   0.0050729   0.0050158   0.0049927   0.0049857   0.0049851
 108.9519212   0.0039936   0.0036320   0.0038158   0.0041510   0.0044417   0.0046366   0.0047556   0.0048272   0.0048713   0.0049001
 109.2463859   0.0074660   0.0066768   0.0059979   0.0055640   0.0052929   0.0051243   0.0050257   0.0049737   0.0049503   0.0049429
 109.5408505   0.0050324   0.0047743   0.0046298   0.0046741   0.0047815   0.0048774   0.0049414   0.0049763   0.0049907   0.0049920
 109.8353152   0.0048617   0.0050597   0.0051132   0.0051535   0.0051525   0.0051274   0.0050952   0.0050620   0.0050285   0.0049950
 110.1297798   0.0048113   0.0053820   0.0053833   0.0052809   0.0051577   0.0050453   0.0049529   0.0048801   0.0048249   0.0047847
 110.4242445   0.0033886   0.0035422   0.0037137   0.0038774   0.0040160   0.0041273   0.0042158   0.0042870   0.0043461   0.0043976
 110.7187091   0.0042236   0.0041896   0.0040382   0.0039678   0.0039681   0.0040071   0.0040693   0.0041466   0.0042309   0.0043149
 111.0131738   0.0057316   0.0049148   0.0046182   0.0045431   0.0045498   0.0045935   0.0046440   0.0046868   0.0047193   0.0047436
 111.3076384   0.0041394   0.0050654   0.0055186   0.0057269   0.0057450   0.0056719   0.0055706   0.0054682   0.0053744   0.0052925
 111.6021031   0.0046052   0.0057030   0.0059437   0.0058977   0.0057933   0.0056904   0.0055992   0.0055198   0.0054516   0.0053937
 111.8965677   0.0047733   0.0047196   0.0046905   0.0046873   0.0047478   0.0048479   0.0049535   0.0050467   0.0051217   0.0051789
 112.1910324   0.0044418   0.0044029   0.0046474   0.0048353   0.0049591   0.0050366   0.0050914   0.0051397   0.0051864   0.0052302
 112.4854971   0.0068637   0.0064625   0.0062519   0.0060071   0.0058273   0.0057191   0.0056518   0.0056031   0.0055636   0.0055311
 112.7799617   0.0036176   0.0048124   0.0054578   0.0057330   0.0058361   0.0058479   0.0058148   0.0057652   0.0057133   0.0056654
 113.0744264   0.0053519   0.0057930   0.0057298   0.0056375   0.0055619   0.0055223   0.0055112   0.0055145   0.0055218   0.0055284
 113.3688910   0.0052418   0.0049999   0.0048943   0.0049620   0.0050774   0.0051819   0.0052629   0.0053256   0.0053767   0.0054195
 113.6633557   0.0068064   0.0062656   0.0059561   0.0057394   0.0056148   0.0055534   0.0055296   0.0055265   0.0055327   0.0055413
 113.9578203   0.0044292   0.0051284   0.0054816   0.0056794   0.0057731   0.0058108   0.0058118   0.0057883   0.0057529   0.0057160
 114.2522850   0.0056889   0.0056569   0.0060443   0.0061591   0.0060752   0.0059424   0.0058297   0.0057526   0.0057061   0.0056807
 114.5467496   0.0028708   0.0040936   0.0045088   0.0047143   0.0049044   0.0050948   0.0052620   0.0053950   0.0054961   0.0055719
 114.8412143   0.0049562   0.0057944   0.0059177   0.0058557   0.0058038   0.0057816   0.0057804   0.0057912   0.0058071   0.0058235
 115.1356789   0.0075452   0.0068260   0.0066994   0.0066774   0.0066235   0.0065286   0.0064202   0.0063202   0.0062365   0.0061689
 115.4301436   0.0082657   0.0071609   0.0065255   0.0062522   0.0061804   0.0061889   0.0062081   0.0062112   0.0061950   0.0061655
 115.7246082   0.0051779   0.0058785   0.0060142   0.0060518   0.0060411   0.0060049   0.0059671   0.0059407   0.0059280   0.0059254
 116.0190729   0.0045635   0.0048667   0.0051746   0.0053407   0.0054181   0.0054731   0.0055306   0.0055916   0.0056519   0.0057079
 116.3135375   0.0043180   0.0049123   0.0051187   0.0052746   0.0054163   0.0055412   0.0056430   0.0057197   0.0057752   0.0058148
 116.6080022   0.0083696   0.0075889   0.0071366   0.0068977   0.0066954   0.0065175   0.0063704   0.0062553   0.0061689   0.0061058
 116.9024668   0.0059951   0.0060248   0.0060947   0.0061208   0.0061468   0.0061618   0.0061617   0.0061495   0.0061305   0.0061094
 117.1969315   0.0045180   0.0052916   0.0055191   0.0055890   0.0056621   0.0057407   0.0058159   0.0058830   0.0059384   0.0059809
 117.4913961   0.0059749   0.0063557   0.0062114   0.0061075   0.0060651   0.0060484   0.0060401   0.0060370   0.0060395   0.0060472
 117.7858608   0.0068581   0.0067481   0.0065526   0.0064355   0.0063557   0.0062958   0.0062510   0.0062199   0.0062017   0.0061948
 118.0803254   0.0062476   0.0056558   0.0057970   0.0059609   0.0060738   0.0061554   0.0062224   0.0062789   0.0063251   0.0063614
 118.3747901   0.0065888   0.0063705   0.0064519   0.0065381   0.0065961   0.0066383   0.0066683   0.0066879   0.0067002   0.0067078
 118.6692547   0.0077612   0.0079489   0.0078516   0.0076839   0.0075128   0.0073711   0.0072628   0.0071831   0.0071256   0.0070844
 118.9637194   0.0050567   0.0062333   0.0066789   0.0068972   0.0070537   0.0071593   0.0072216   0.0072545   0.0072702   0.0072770
 119.2581840   0.0092728   0.0081715   0.0078006   0.0075869   0.0074607   0.0074092   0.0074056   0.0074265   0.0074557   0.0074837
 119.5526487   0.0062280   0.0069049   0.0072895   0.0075398   0.0076914   0.0077791   0.0078234   0.0078398   0.0078405   0.0078334
 119.8471134   0.0075096   0.0082864   0.0086933   0.0087017   0.0085739   0.0084366   0.0083244   0.0082367   0.0081670   0.0081108
 120.1415780   0.0073494   0.0073575   0.0077214   0.0079375   0.0080453   0.0080926   0.0081065   0.0081057   0.0081015   0.0080984
 120.4360427   0.0088659   0.0084247   0.0080275   0.0078247   0.0077594   0.0077856   0.0078566   0.0079389   0.0080151   0.0080797
 120.7305073   0.0076776   0.0076575   0.0077842   0.0080234   0.0082062   0.0083024   0.0083443   0.0083646   0.0083816   0.0084023
 121.0249720   0.0104380   0.0106970   0.0100458   0.0095518   0.0092538   0.0090786   0.0089789   0.0089259   0.0089015   0.0088951
 121.3194366   0.0085011   0.0085771   0.0085461   0.0087114   0.0089305   0.0091156   0.0092479   0.0093355   0.0093921   0.0094303
 121.6139013   0.0118050   0.0109157   0.0105690   0.0104487   0.0103462   0.0102522   0.0101851   0.0101491   0.0101403   0.0101533
 121.9083659   0.0111334   0.0110093   0.0109046   0.0108513   0.0108400   0.0108543   0.0108861   0.0109360   0.0110034   0.0110829
 122.2028306   0.0097904   0.0107482   0.0112578   0.0114321   0.0116171   0.0118481   0.0120827   0.0122880   0.0124513   0.0125724
 122.4972952   0.0135238   0.0137068   0.0146226   0.0150863   0.0151840   0.0151219   0.0150028   0.0148670   0.0147296   0.0145960
 122.7917599   0.0176781   0.0179718   0.0180910   0.0178566   0.0174750   0.0170716   0.0166935   0.0163525   0.0160500   0.0157848
 123.0862245   0.0168592   0.0156173   0.0152890   0.0152224   0.0152877   0.0153851   0.0154584   0.0154937   0.0154962   0.0154755
 123.3806892   0.0136880   0.0140042   0.0140252   0.0140415   0.0141337   0.0142717   0.0144322   0.0146028   0.0147714   0.0149272
 123.6751538   0.0131232   0.0141300   0.0145217   0.0146569   0.0147435   0.0148367   0.0149394   0.0150475   0.0151560   0.0152589
 123.9696185   0.0142978   0.0155249   0.0162414   0.0164647   0.0164905   0.0164636   0.0164179   0.0163559   0.0162766   0.0161806
 124.2640831   0.0164276   0.0170782   0.0177584   0.0178944   0.0177815   0.0175664   0.0173001   0.0170039   0.0166896   0.0163654
 124.5585478   0.0174243   0.0170816   0.0168936   0.0165523   0.0161899   0.0158374   0.0154828   0.0151218   0.0147586   0.0144002
 124.8530124   0.0113019   0.0107055   0.0106888   0.0106660   0.0106085   0.0105299   0.0104397   0.0103454   0.0102507   0.0101569
 125.1474771   0.0032290   0.0032667   0.0035169   0.0037721   0.0040269   0.0042871   0.0045521   0.0048152   0.0050687   0.0053070
 125.4419417   0.0000008   0.0000229   0.0000979   0.0002441   0.0004537   0.0007084   0.0009899   0.0012856   0.0015879   0.0018916
 125.7364064   0.0000000   0.0000000   0.0000000   0.0000011   0.0000086   0.0000332   0.0000855   0.0001719   0.0002955   0.0004564
 126.0308710   0.0000000   0.0000000   0.0000000   0.0000005   0.0000039   0.0000163   0.0000468   0.0001048   0.0001982   0.0003318
 126.3253357   0.0000019   0.0000108   0.0000414   0.0001132   0.0002334   0.0003996   0.0006065   0.0008441   0.0011018   0.0013709
 126.6198003   0.0018140   0.0018557   0.0019948   0.0022961   0.0026559   0.0030133   0.0033513   0.0036657   0.0039542   0.0042156
 126.9142650   0.0102024   0.0100601   0.0095283   0.0092062   0.0090289   0.0089146   0.0088239   0.0087419   0.0086629   0.0085848
 127.2087297   0.0160338   0.0152161   0.0149316   0.0146561   0.0143313   0.0139673   0.0135824   0.0131925   0.0128101   0.0124434
 127.5031943   0.0143922   0.0149831   0.0153085   0.0153888   0.0152964   0.0151103   0.0148760   0.0146134   0.0143320   0.0140385
 127.7976590   0.0129967   0.0135914   0.0137112   0.0137159   0.0137294   0.0137549   0.0137708   0.0137633   0.0137285   0.0136662
 128.0921236   0.0121188   0.0124565   0.0124355   0.0124368   0.0124489   0.0124789   0.0125283   0.0125890   0.0126501   0.0127025
 128.3865883   0.0112571   0.0112840   0.0113063   0.0114879   0.0116567   0.0117716   0.0118465   0.0118991   0.0119397   0.0119729
 128.6810529   0.0146404   0.0134436   0.0125996   0.0121036   0.0118337   0.0116815   0.0115852   0.0115159   0.0114615   0.0114171
 128.9755176   0.0102838   0.0105264   0.0106448   0.0107331   0.0107850   0.0107903   0.0107637   0.0107211   0.0106726   0.0106230
 129.2699822   0.0090385   0.0091479   0.0093600   0.0094835   0.0095215   0.0095304   0.0095332   0.0095322   0.0095262   0.0095152
 129.5644469   0.0080972   0.0081301   0.0082726   0.0083050   0.0082962   0.0082858   0.0082824   0.0082860   0.0082956   0.0083093
 129.8589115   0.0064467   0.0067402   0.0069049   0.0069597   0.0069972   0.0070388   0.0070823   0.0071256   0.0071682   0.0072105
 130.1533762   0.0055641   0.0059268   0.0061023   0.0061615   0.0061954   0.0062288   0.0062650   0.0063040   0.0063452   0.0063886
 130.4478408   0.0060179   0.0057351   0.0057651   0.0057866   0.0057920   0.0057944   0.0058010   0.0058149   0.0058362   0.0058636
 130.7423055   0.0056837   0.0055036   0.0054407   0.0054215   0.0054298   0.0054534   0.0054814   0.0055078   0.0055310   0.0055519
 131.0367701   0.0051175   0.0052923   0.0053366   0.0053730   0.0053930   0.0053952   0.0053881   0.0053797   0.0053743   0.0053737
 131.3312348   0.0056927   0.0056421   0.0054814   0.0053628   0.0052873   0.0052441   0.0052226   0.0052153   0.0052175   0.0052269
 131.6256994   0.0043571   0.0044947   0.0046351   0.0047586   0.0048660   0.0049543   0.0050247   0.0050827   0.0051353   0.0051882
 131.9201641   0.0055846   0.0053209   0.0053556   0.0053487   0.0053162   0.0052987   0.0053142   0.0053626   0.0054346   0.0055191
 132.2146287   0.0053447   0.0052899   0.0054235   0.0055923   0.0057729   0.0059539   0.0061175   0.0062523   0.0063549   0.0064270
 132.5090934   0.0074907   0.0080944   0.0082485   0.0082594   0.0082193   0.0081410   0.0080332   0.0079053   0.0077650   0.0076179
 132.8035580   0.0115667   0.0107909   0.0103795   0.0099665   0.0095444   0.0091404   0.0087657   0.0084227   0.0081096   0.0078231
 133.0980227   0.0057397   0.0059176   0.0061471   0.0063276   0.0064575   0.0065265   0.0065359   0.0064951   0.0064165   0.0063124
 133.3924873   0.0039589   0.0038128   0.0037550   0.0037271   0.0037296   0.0037621   0.0038170   0.0038830   0.0039492   0.0040079
 133.6869520   0.0014914   0.0014947   0.0014790   0.0015032   0.0015556   0.0016241   0.0017042   0.0017953   0.0018965   0.0020050
 133.9814166   0.0000000   0.0000173   0.0000771   0.0001560   0.0002434   0.0003356   0.0004314   0.0005302   0.0006320   0.0007368
 134.2758813   0.0000000   0.0000000   0.0000000   0.0000008   0.0000061   0.0000202   0.0000450   0.0000804   0.0001255   0.0001791
 134.5703459   0.0000000   0.0000000   0.0000000   0.0000000   0.0000000   0.0000003   0.0000015   0.0000053   0.0000132   0.0000263
 134.8648106   0.0000000   0.0000000   0.0000000   0.0000000   0.0000000   0.0000000   0.0000000   0.0000001   0.0000007   0.0000022
 135.1592753   0.0000000   0.0000000   0.0000000   0.0000000   0.0000000   0.0000000   0.0000000   0.0000000   0.0000000   0.0000001
 135.4537399   0.0000000   0.0000000   0.0000000   0.0000000   0.0000000   0.0000000   0.0000000   0.0000000   0.0000000   0.0000000
 135.7482046   0.0000000   0.0000000   0.0000000   0.0000000   0.0000000   0.0000000   0.0000000   0.0000000   0.0000000   0.0000000
 136.0426692   0.0000000   0.0000000   0.0000000   0.0000000   0.0000000   0.0000000   0.0000000   0.0000000   0.0000000   0.0000000
 136.3371339   0.0000000   0.0000000   0.0000000   0.0000000   0.0000000   0.0000000   0.0000000   0.0000000   0.0000000   0.0000000
 136.6315985   0.0000000   0.0000000   0.0000000   0.0000000   0.0000000   0.0000000   0.0000000   0.0000000   0.0000000   0.0000000
 136.9260632   0.0000000   0.0000000   0.0000000   0.0000000   0.0000000   0.0000000   0.0000000   0.0000000   0.0000000   0.0000000
 137.2205278   0.0000000   0.0000000   0.0000000   0.0000000   0.0000000   0.0000000   0.0000000   0.0000000   0.0000000   0.0000000
 137.5149925   0.0000000   0.0000000   0.0000000   0.0000000   0.0000000   0.0000000   0.0000000   0.0000000   0.0000000   0.0000000
 137.8094571   0.0000000   0.0000000   0.0000000   0.0000000   0.0000000   0.0000000   0.0000000   0.0000000   0.0000000   0.0000000
 138.1039218   0.0000000   0.0000000   0.0000000   0.0000000   0.0000000   0.0000000   0.0000000   0.0000000   0.0000000   0.0000000
 138.3983864   0.0000000   0.0000000   0.0000000   0.0000000   0.0000000   0.0000000   0.0000000   0.0000000   0.0000000   0.0000000
 138.6928511   0.0000000   0.0000000   0.0000000   0.0000000   0.0000000   0.0000000   0.0000000   0.0000000   0.0000000   0.0000000
 138.9873157   0.0000000   0.0000000   0.0000000   0.0000000   0.0000000   0.0000000   0.0000000   0.0000000   0.0000000   0.0000000
 139.2817804   0.0000000   0.0000000   0.0000000   0.0000000   0.0000000   0.0000000   0.0000000   0.0000000   0.0000000   0.0000000
 139.5762450   0.0000000   0.0000000   0.0000000   0.0000000   0.0000000   0.0000000   0.0000000   0.0000000   0.0000000   0.0000000
 139.8707097   0.0000000   0.0000000   0.0000000   0.0000000   0.0000000   0.0000000   0.0000000   0.0000000   0.0000000   0.0000000
 140.1651743   0.0000000   0.0000000   0.0000000   0.0000000   0.0000000   0.0000000   0.0000000   0.0000000   0.0000000   0.0000000
 140.4596390   0.0000000   0.0000000   0.0000000   0.0000000   0.0000000   0.0000000   0.0000000   0.0000000   0.0000000   0.0000000
 140.7541036   0.0000000   0.0000000   0.0000000   0.0000000   0.0000000   0.0000000   0.0000000   0.0000000   0.0000000   0.0000000
 141.0485683   0.0000000   0.0000000   0.0000000   0.0000000   0.0000000   0.0000000   0.0000000   0.0000000   0.0000000   0.0000000
 141.3430329   0.0000000   0.0000000   0.0000000   0.0000000   0.0000000   0.0000000   0.0000000   0.0000000   0.0000000   0.0000000
 141.6374976   0.0000000   0.0000000   0.0000000   0.0000000   0.0000000   0.0000000   0.0000000   0.0000000   0.0000000   0.0000000
 141.9319622   0.0000000   0.0000000   0.0000000   0.0000000   0.0000000   0.0000000   0.0000000   0.0000000   0.0000000   0.0000000
 142.2264269   0.0000000   0.0000000   0.0000000   0.0000000   0.0000000   0.0000000   0.0000000   0.0000000   0.0000000   0.0000000
 142.5208916   0.0000000   0.0000000   0.0000000   0.0000000   0.0000000   0.0000000   0.0000000   0.0000000   0.0000000   0.0000000
 142.8153562   0.0000000   0.0000000   0.0000000   0.0000000   0.0000000   0.0000000   0.0000000   0.0000000   0.0000000   0.0000000
 143.1098209   0.0000000   0.0000000   0.0000000   0.0000000   0.0000000   0.0000000   0.0000000   0.0000000   0.0000000   0.0000000
 143.4042855   0.0000000   0.0000000   0.0000000   0.0000000   0.0000000   0.0000000   0.0000000   0.0000000   0.0000000   0.0000000
 143.6987502   0.0000000   0.0000000   0.0000000   0.0000000   0.0000000   0.0000000   0.0000000   0.0000000   0.0000000   0.0000000
 143.9932148   0.0000000   0.0000000   0.0000000   0.0000000   0.0000000   0.0000000   0.0000000   0.0000000   0.0000000   0.0000000
 144.2876795   0.0000000   0.0000000   0.0000000   0.0000000   0.0000000   0.0000000   0.0000000   0.0000000   0.0000000   0.0000000
 144.5821441   0.0000000   0.0000000   0.0000000   0.0000000   0.0000000   0.0000000   0.0000000   0.0000000   0.0000000   0.0000000
 144.8766088   0.0000000   0.0000000   0.0000000   0.0000000   0.0000000   0.0000000   0.0000000   0.0000000   0.0000000   0.0000000
 145.1710734   0.0000000   0.0000000   0.0000000   0.0000000   0.0000000   0.0000000   0.0000000   0.0000000   0.0000000   0.0000000
 145.4655381   0.0000000   0.0000000   0.0000000   0.0000000   0.0000000   0.0000000   0.0000000   0.0000000   0.0000000   0.0000000
 145.7600027   0.0000000   0.0000000   0.0000000   0.0000000   0.0000000   0.0000000   0.0000000   0.0000000   0.0000000   0.0000000
 146.0544674   0.0000000   0.0000000   0.0000000   0.0000000   0.0000000   0.0000000   0.0000000   0.0000000   0.0000000   0.0000000
 146.3489320   0.0000000   0.0000000   0.0000000   0.0000000   0.0000000   0.0000000   0.0000000   0.0000000   0.0000000   0.0000000
 146.6433967   0.0000000   0.0000000   0.0000000   0.0000000   0.0000000   0.0000000   0.0000000   0.0000000   0.0000000   0.0000000
 146.9378613   0.0000000   0.0000000   0.0000000   0.0000000   0.0000000   0.0000000   0.0000000   0.0000000   0.0000000   0.0000000
 147.2323260   0.0000000   0.0000000   0.0000000   0.0000000   0.0000000   0.0000000   0.0000000   0.0000000   0.0000000   0.0000000