   0.2927583   0.0000000   0.0000000   0.0000060   0.0000626   0.0001921   0.0003672   0.0005627   0.0007636   0.0009622   0.0011550
   0.5855167   0.0009111   0.0019547   0.0022162   0.0023783   0.0025478   0.0027104   0.0028605   0.0030009   0.0031356   0.0032675
   0.8782750   0.0082018   0.0074193   0.0070492   0.0068400   0.0066496   0.0064903   0.0063717   0.0062920   0.0062460   0.0062286
   1.1710334   0.0087286   0.0087920   0.0089453   0.0091189   0.0092229   0.0092675   0.0092789   0.0092729   0.0092587   0.0092420
   1.4637917   0.0126584   0.0122581   0.0120674   0.0120030   0.0120166   0.0120562   0.0120983   0.0121309   0.0121500   0.0121567
   1.7565501   0.0179039   0.0162093   0.0156255   0.0154246   0.0153221   0.0152425   0.0151730   0.0151169   0.0150768   0.0150517
   2.0493084   0.0166231   0.0179825   0.0179347   0.0178296   0.0177922   0.0177848   0.0177935   0.0178127   0.0178385   0.0178691
   2.3420668   0.0193230   0.0199628   0.0199896   0.0201262   0.0203035   0.0204680   0.0206061   0.0207213   0.0208221   0.0209169
   2.6348251   0.0259572   0.0252044   0.0248415   0.0246418   0.0244968   0.0244068   0.0243777   0.0244046   0.0244755   0.0245777
   2.9275835   0.0281296   0.0273185   0.0275374   0.0278273   0.0280781   0.0283117   0.0285246   0.0287135   0.0288846   0.0290476
   3.2203418   0.0313701   0.0329000   0.0337400   0.0340736   0.0341831   0.0342236   0.0342703   0.0343450   0.0344473   0.0345708
   3.5131002   0.0418687   0.0409683   0.0407585   0.0406761   0.0406637   0.0406965   0.0407536   0.0408254   0.0409084   0.0410020
   3.8058585   0.0476846   0.0481614   0.0478409   0.0476833   0.0477172   0.0478110   0.0479012   0.0479773   0.0480451   0.0481134
   4.0986169   0.0556244   0.0565002   0.0562802   0.0560585   0.0558826   0.0557567   0.0556811   0.0556531   0.0556686   0.0557236
   4.3913752   0.0606272   0.0614736   0.0621883   0.0626883   0.0629681   0.0631592   0.0633354   0.0635194   0.0637191   0.0639396
   4.6841336   0.0716451   0.0709471   0.0712542   0.0716558   0.0719964   0.0723128   0.0726384   0.0729860   0.0733584   0.0737541
   4.9768919   0.0879465   0.0857936   0.0849760   0.0846135   0.0845874   0.0847678   0.0850628   0.0854268   0.0858373   0.0862789
   5.2696503   0.0989033   0.0988582   0.0993438   0.0997884   0.1001631   0.1005076   0.1008429   0.1011709   0.1014898   0.1017989
   5.5624086   0.1181915   0.1180646   0.1189287   0.1193745   0.1195369   0.1195445   0.1194873   0.1194122   0.1193353   0.1192595
   5.8551670   0.1407433   0.1410744   0.1401086   0.1390680   0.1383603   0.1378678   0.1374511   0.1370474   0.1366426   0.1362401
   6.1479253   0.1541727   0.1522707   0.1523811   0.1525037   0.1524341   0.1522001   0.1518683   0.1514880   0.1510840   0.1506669
   6.4406837   0.1603674   0.1630201   0.1630374   0.1630620   0.1630317   0.1629517   0.1628470   0.1627139   0.1625424   0.1623288
   6.7334420   0.1738649   0.1739131   0.1728510   0.1725511   0.1725448   0.1725756   0.1725717   0.1725233   0.1724403   0.1723336
   7.0262004   0.1883723   0.1853094   0.1833969   0.1826527   0.1822569   0.1819663   0.1817571   0.1816274   0.1815578   0.1815213
   7.3189587   0.1929014   0.1894596   0.1888006   0.1888420   0.1892096   0.1896356   0.1900023   0.1902728   0.1904457   0.1905306
   7.6117170   0.2014062   0.2006808   0.2008127   0.2008838   0.2007655   0.2005738   0.2003616   0.2001272   0.1998590   0.1995538
   7.9044754   0.2065906   0.2091913   0.2102221   0.2103525   0.2099883   0.2093483   0.2085897   0.2078106   0.2070636   0.2063686
   8.1972337   0.2192352   0.2144598   0.2127262   0.2116128   0.2108400   0.2103362   0.2099784   0.2096725   0.2093676   0.2090439
   8.4899921   0.2010202   0.2029326   0.2047705   0.2061988   0.2073381   0.2081765   0.2087473   0.2091193   0.2093467   0.2094621
   8.7827504   0.2079314   0.2128176   0.2133605   0.2122865   0.2113081   0.2106793   0.2103272   0.2101447   0.2100483   0.2099861
   9.0755088   0.2088048   0.2066854   0.2083633   0.2096769   0.2103666   0.2106457   0.2106581   0.2105226   0.2103350   0.2101599
   9.3682671   0.2119375   0.2116783   0.2116835   0.2111428   0.2104274   0.2098503   0.2095037   0.2093676   0.2093897   0.2095201
   9.6610255   0.2035367   0.2023501   0.2033272   0.2043716   0.2054780   0.2066033   0.2076657   0.2086214   0.2094698   0.2102299
   9.9537838   0.2124447   0.2114227   0.2116804   0.2123930   0.2130082   0.2134928   0.2139339   0.2143921   0.2148841   0.2154022
  10.2465422   0.2350691   0.2311066   0.2284853   0.2266292   0.2254478   0.2247273   0.2243120   0.2240970   0.2240142   0.2240193
  10.5393005   0.2291418   0.2288247   0.2297700   0.2310715   0.2321695   0.2328895   0.2332494   0.2333405   0.2332585   0.2330800
  10.8320589   0.2445692   0.2474167   0.2470622   0.2457415   0.2443890   0.2432542   0.2423709   0.2416907   0.2411460   0.2406823
  11.1248172   0.2390704   0.2426804   0.2442400   0.2450423   0.2455627   0.2458726   0.2459848   0.2459425   0.2458010   0.2456034
  11.4175756   0.2488345   0.2487897   0.2488598   0.2488629   0.2488367   0.2488283   0.2488690   0.2489388   0.2490003   0.2490276
  11.7103339   0.2601664   0.2549754   0.2528455   0.2523383   0.2523330   0.2523958   0.2524143   0.2523927   0.2523607   0.2523384
  12.0030923   0.2621183   0.2607613   0.2582114   0.2569881   0.2563179   0.2559131   0.2556885   0.2555885   0.2555726   0.2556157
  12.2958506   0.2522859   0.2536597   0.2547417   0.2560669   0.2571176   0.2578448   0.2583664   0.2587796   0.2591435   0.2594915
  12.5886090   0.2685665   0.2668524   0.2656756   0.2648236   0.2643893   0.2643023   0.2644628   0.2647764   0.2651803   0.2656390
  12.8813673   0.2725420   0.2712520   0.2712799   0.2719549   0.2726424   0.2731887   0.2736446   0.2740829   0.2745327   0.2749895
  13.1741257   0.2915521   0.2886796   0.2872041   0.2863365   0.2861709   0.2863787   0.2866870   0.2869596   0.2871477   0.2872458
  13.4668840   0.3010707   0.3023317   0.3034593   0.3036433   0.3032982   0.3026893   0.3019570   0.3011717   0.3003773   0.2996038
  13.7596424   0.3146094   0.3117968   0.3128548   0.3131472   0.3124779   0.3113937   0.3102275   0.3091207   0.3081166   0.3072174
  14.0524007   0.3033604   0.3081851   0.3086365   0.3082579   0.3082584   0.3085866   0.3089930   0.3093295   0.3095470   0.3096478
  14.3451591   0.3041117   0.3047703   0.3065292   0.3078562   0.3089004   0.3097510   0.3104503   0.3110514   0.3115873   0.3120702
  14.6379174   0.3142664   0.3184861   0.3194101   0.3188130   0.3179545   0.3173163   0.3169807   0.3169017   0.3170207   0.3172945
  14.9306757   0.3092716   0.3155201   0.3185846   0.3205759   0.3218889   0.3227792   0.3234321   0.3239868   0.3245427   0.3251599
  15.2234341   0.3387892   0.3376785   0.3352724   0.3341441   0.3338028   0.3340067   0.3346094   0.3354825   0.3365204   0.3376459
  15.5161924   0.3555470   0.3499746   0.3486488   0.3495387   0.3510626   0.3526225   0.3540693   0.3553892   0.3565924   0.3576843
  15.8089508   0.3870805   0.3874644   0.3863482   0.3856215   0.3852702   0.3850260   0.3848127   0.3845973   0.3843451   0.3840217
  16.1017091   0.4315321   0.4225450   0.4201155   0.4185962   0.4170307   0.4153825   0.4136321   0.4117502   0.4097300   0.4075875
  16.3944675   0.4282436   0.4286403   0.4302796   0.4305265   0.4296567   0.4279066   0.4255362   0.4227611   0.4197404   0.4165867
  16.6872258   0.4302885   0.4277762   0.4246237   0.4210326   0.4177257   0.4147986   0.4121386   0.4096218   0.4071680   0.4047428
  16.9799842   0.3712523   0.3693462   0.3711623   0.3732615   0.3750080   0.3761977   0.3768854   0.3772216   0.3773411   0.3773335
  17.2727425   0.3485560   0.3445389   0.3430893   0.3421274   0.3419528   0.3425668   0.3438045   0.3454592   0.3473504   0.3493385
  17.5655009   0.3140309   0.3115196   0.3143053   0.3175249   0.3205687   0.3234265   0.3261947   0.3289248   0.3316092   0.3342103
  17.8582592   0.3317355   0.3304126   0.3296472   0.3298191   0.3305243   0.3314989   0.3325200   0.3334687   0.3343239   0.3351166
  18.1510176   0.3598494   0.3581434   0.3570182   0.3549227   0.3523135   0.3495588   0.3469351   0.3445990   0.3426254   0.3410342
  18.4437759   0.3499898   0.3443294   0.3437730   0.3437282   0.3433046   0.3425400   0.3416537   0.3407725   0.3399411   0.3391736
  18.7365343   0.3359548   0.3261112   0.3225823   0.3225568   0.3243064   0.3265680   0.3287052   0.3304821   0.3318469   0.3328238
  19.0292926   0.3371016   0.3363374   0.3338084   0.3320464   0.3310918   0.3305769   0.3303330   0.3302818   0.3303570   0.3304960
  19.3220510   0.3265340   0.3312961   0.3337490   0.3345631   0.3341443   0.3331296   0.3319597   0.3308568   0.3299150   0.3291582
  19.6148093   0.3207346   0.3218463   0.3230604   0.3235924   0.3238020   0.3240028   0.3241928   0.3242911   0.3242552   0.3240878
  19.9075677   0.3084554   0.3123016   0.3140846   0.3151148   0.3159238   0.3165569   0.3169858   0.3172172   0.3172790   0.3172083
  20.2003260   0.3234210   0.3187260   0.3169841   0.3153946   0.3138655   0.3124898   0.3113140   0.3103690   0.3096763   0.3092398
  20.4930844   0.2980386   0.2973690   0.2972448   0.2973982   0.2975263   0.2976655   0.2979569   0.2984691   0.2991982   0.3001121
  20.7858427   0.2832694   0.2793423   0.2788166   0.2805705   0.2834007   0.2865745   0.2897083   0.2926558   0.2953972   0.2979599
  21.0786011   0.3062858   0.3064867   0.3058034   0.3054692   0.3054891   0.3059345   0.3068311   0.3081171   0.3096885   0.3114401
  21.3713594   0.3260139   0.3306871   0.3333582   0.3348709   0.3356544   0.3360143   0.3362076   0.3363844   0.3366195   0.3369466
  21.6641178   0.3766417   0.3725086   0.3701837   0.3688857   0.3681636   0.3676774   0.3671890   0.3666161   0.3659670   0.3652754
  21.9568761   0.3981723   0.3992122   0.3984391   0.3971125   0.3956424   0.3942160   0.3928848   0.3916177   0.3903496   0.3890251
  22.2496344   0.4049528   0.4013669   0.4043144   0.4065612   0.4076818   0.4079627   0.4075611   0.4066026   0.4052410   0.4036395
  22.5423928   0.4238212   0.4242283   0.4234475   0.4210256   0.4180376   0.4150896   0.4124616   0.4102609   0.4085056   0.4071665
  22.8351511   0.3925131   0.3962860   0.3962107   0.3962161   0.3967896   0.3978136   0.3991746   0.4007976   0.4026108   0.4045351
  23.1279095   0.3782459   0.3768066   0.3793559   0.3840151   0.3895557   0.3952758   0.4007921   0.4059060   0.4105272   0.4146375
  23.4206678   0.4446409   0.4487246   0.4476189   0.4466908   0.4462170   0.4460688   0.4462114   0.4466242   0.4472575   0.4480382
  23.7134262   0.5129310   0.5125902   0.5101812   0.5068384   0.5031535   0.4994698   0.4959458   0.4926692   0.4896864   0.4870065
  24.0061845   0.5114231   0.5131751   0.5169818   0.5188705   0.5193182   0.5188144   0.5175675   0.5156898   0.5133023   0.5105507
  24.2989429   0.5242081   0.5261547   0.5265154   0.5258074   0.5245293   0.5229308   0.5211107   0.5191177   0.5169828   0.5147253
  24.5917012   0.5241892   0.5195716   0.5155601   0.5124986   0.5100904   0.5081987   0.5067082   0.5055061   0.5044729   0.5034912
  24.8844596   0.4626949   0.4675079   0.4705812   0.4739754   0.4773217   0.4801737   0.4823943   0.4839879   0.4850183   0.4855760
  25.1772179   0.4798412   0.4786168   0.4758990   0.4740315   0.4726233   0.4714515   0.4704879   0.4697139   0.4691073   0.4686485
  25.4699763   0.4790038   0.4665667   0.4613008   0.4584711   0.4561341   0.4540250   0.4522493   0.4509196   0.4500621   0.4496280
  25.7627346   0.4067539   0.4102977   0.4125910   0.4148130   0.4176303   0.4206595   0.4235547   0.4261264   0.4283143   0.4301377
  26.0554930   0.4027116   0.4048502   0.4084018   0.4110939   0.4131789   0.4149423   0.4165209   0.4179494   0.4192207   0.4203278
  26.3482513   0.4388761   0.4356638   0.4332539   0.4302744   0.4271528   0.4242292   0.4216654   0.4195358   0.4178624   0.4166269
  26.6410097   0.4155842   0.4119745   0.4111292   0.4106321   0.4102496   0.4098013   0.4092563   0.4086654   0.4081026   0.4076348
  26.9337680   0.3853414   0.3834452   0.3839332   0.3855836   0.3875774   0.3896156   0.3915856   0.3934260   0.3950971   0.3965853
  27.2265264   0.3883372   0.3875378   0.3871639   0.3871475   0.3876326   0.3885354   0.3897195   0.3910741   0.3925224   0.3940145
  27.5192847   0.3911264   0.3966200   0.3990643   0.3998721   0.4001076   0.4001285   0.4001305   0.4002629   0.4006141   0.4012183
  27.8120431   0.4143262   0.4126125   0.4131909   0.4127188   0.4121589   0.4119786   0.4121532   0.4125913   0.4132425   0.4140815
  28.1048014   0.4001717   0.4124985   0.4186719   0.4223764   0.4248623   0.4268419   0.4286486   0.4303776   0.4320179   0.4335333
  28.3975598   0.4547228   0.4565056   0.4567910   0.4573208   0.4581829   0.4592135   0.4601764   0.4609419   0.4614745   0.4617885
  28.6903181   0.5157032   0.5125299   0.5092196   0.5061324   0.5032486   0.5005008   0.4978499   0.4953251   0.4929680   0.4907985
  28.9830765   0.5118157   0.5184871   0.5198359   0.5194596   0.5179787   0.5159342   0.5136862   0.5114137   0.5091803   0.5069980
  29.2758348   0.4998575   0.5025913   0.5047699   0.5062988   0.5075535   0.5087100   0.5095739   0.5099790   0.5098949   0.5093766
  29.5685931   0.4940086   0.5035001   0.5076438   0.5089809   0.5089545   0.5084001   0.5077291   0.5070998   0.5065204   0.5059399
  29.8613515   0.5042006   0.5059732   0.5059018   0.5040926   0.5025459   0.5014314   0.5005298   0.4997317   0.4990128   0.4983583
  30.1541098   0.4762491   0.4803712   0.4835571   0.4848298   0.4855376   0.4860914   0.4865348   0.4868233   0.4869071   0.4867680
  30.4468682   0.4621761   0.4674609   0.4707553   0.4728554   0.4741146   0.4746442   0.4746230   0.4742335   0.4736042   0.4728176
  30.7396265   0.4841151   0.4825085   0.4750003   0.4688828   0.4643902   0.4610625   0.4584628   0.4563385   0.4545594   0.4530431
  31.0323849   0.4131223   0.4152138   0.4179216   0.4210002   0.4230231   0.4241383   0.4247059   0.4249398   0.4249502   0.4248061
  31.3251432   0.3820398   0.3844550   0.3862764   0.3881452   0.3897230   0.3910774   0.3922670   0.3932948   0.3941749   0.3949427
  31.6179016   0.3881192   0.3811152   0.3764419   0.3729368   0.3705680   0.3691341   0.3684411   0.3683540   0.3687647   0.3695729
  31.9106599   0.3322618   0.3318929   0.3346932   0.3377830   0.3406370   0.3431239   0.3453344   0.3474105   0.3494708   0.3515949
  32.2034183   0.3308708   0.3341454   0.3347116   0.3353367   0.3364574   0.3381202   0.3402517   0.3427125   0.3453688   0.3481306
  32.4961766   0.3504625   0.3528300   0.3524949   0.3531801   0.3544757   0.3559709   0.3575445   0.3592161   0.3610290   0.3630023
  32.7889350   0.3975982   0.3936726   0.3915979   0.3904540   0.3898972   0.3897098   0.3898323   0.3902460   0.3908974   0.3916942
  33.0816933   0.4266139   0.4235826   0.4240978   0.4247172   0.4252902   0.4259301   0.4265048   0.4267739   0.4265781   0.4258822
  33.3744517   0.4531308   0.4600580   0.4642881   0.4672624   0.4682105   0.4671378   0.4645453   0.4609710   0.4568361   0.4524353
  33.6672100   0.5384661   0.5288979   0.5132809   0.4991095   0.4872422   0.4773638   0.4690092   0.4618120   0.4555127   0.4499269
  33.9599684   0.3856790   0.3874252   0.3935951   0.4005858   0.4063476   0.4103877   0.4129286   0.4143651   0.4150389   0.4151893
  34.2527267   0.3534549   0.3554032   0.3562606   0.3577155   0.3598876   0.3630321   0.3669332   0.3711178   0.3751733   0.3788584
  34.5454851   0.3444689   0.3490344   0.3512510   0.3533268   0.3551811   0.3567070   0.3580624   0.3595011   0.3612059   0.3632312
  34.8382434   0.3850334   0.3784770   0.3733778   0.3690502   0.3657698   0.3635521   0.3622767   0.3618010   0.3619735   0.3626443
  35.1310018   0.3378800   0.3448633   0.3496498   0.3540645   0.3580146   0.3614409   0.3642743   0.3664465   0.3679709   0.3689442
  35.4237601   0.3807948   0.3821104   0.3831031   0.3846478   0.3852364   0.3847630   0.3836047   0.3820779   0.3803928   0.3786926
  35.7165185   0.4676358   0.4387837   0.4216179   0.4101725   0.4014419   0.3944365   0.3887682   0.3842340   0.3806902   0.3780055
  36.0092768   0.3294457   0.3340793   0.3375076   0.3427709   0.3483163   0.3530580   0.3568772   0.3599976   0.3626422   0.3649407
  36.3020352   0.3303953   0.3358572   0.3377283   0.3393026   0.3419945   0.3459734   0.3508316   0.3559156   0.3606678   0.3647602
  36.5947935   0.3734616   0.3759718   0.3803203   0.3849922   0.3882018   0.3895805   0.3895259   0.3885897   0.3872244   0.3857206
  36.8875518   0.5110432   0.4854788   0.4668713   0.4516511   0.4387617   0.4276770   0.4181399   0.4099556   0.4029600   0.3970267
  37.1803102   0.3710219   0.3676017   0.3685524   0.3719885   0.3752873   0.3773497   0.3781484   0.3780298   0.3773818   0.3765272
  37.4730685   0.3146605   0.3178852   0.3198382   0.3224286   0.3258682   0.3301470   0.3350525   0.3402681   0.3455320   0.3506828
  37.7658269   0.3208861   0.3205855   0.3235038   0.3265435   0.3297379   0.3336065   0.3383687   0.3439882   0.3502630   0.3569161
  38.0585852   0.3578933   0.3678798   0.3732115   0.3778914   0.3828770   0.3881091   0.3932573   0.3981394   0.4027391   0.4070765
  38.3513436   0.5012878   0.4976400   0.4977677   0.4974528   0.4953410   0.4927255   0.4903103   0.4880979   0.4858846   0.4835244
  38.6441019   0.5724964   0.5819088   0.5815509   0.5808889   0.5789690   0.5746748   0.5682931   0.5605394   0.5520681   0.5433613
  38.9368603   0.7154158   0.6673781   0.6361950   0.6141914   0.5983604   0.5858946   0.5751219   0.5652722   0.5560276   0.5472667
  39.2296186   0.4661648   0.4701783   0.4775768   0.4856922   0.4918133   0.4954423   0.4972932   0.4980343   0.4980063   0.4973440
  39.5223770   0.3956496   0.4004599   0.4039868   0.4073606   0.4118261   0.4174357   0.4235438   0.4294449   0.4347047   0.4391503
  39.8151353   0.3922854   0.3960291   0.3992122   0.4006194   0.4007784   0.4005917   0.4006209   0.4011655   0.4023186   0.4040225
  40.1078937   0.3912624   0.3918024   0.3917690   0.3900925   0.3878120   0.3856773   0.3840186   0.3829668   0.3825822   0.3828786
  40.4006520   0.3479304   0.3460963   0.3477653   0.3503039   0.3533872   0.3566419   0.3598225   0.3628135   0.3655785   0.3681357
  40.6934104   0.3534796   0.3519011   0.3516728   0.3531085   0.3556368   0.3585141   0.3613701   0.3640794   0.3665959   0.3688916
  40.9861687   0.4038181   0.4011350   0.3973074   0.3938190   0.3907541   0.3882394   0.3863057   0.3848601   0.3837681   0.3829050
  41.2789271   0.3940575   0.3952285   0.3979984   0.4004753   0.4015240   0.4011410   0.3996986   0.3975574   0.3949972   0.3922300
  41.5716854   0.4252050   0.4173984   0.4101657   0.4042624   0.3997565   0.3960560   0.3927093   0.3894907   0.3863296   0.3832306
  41.8644438   0.3653743   0.3617773   0.3606104   0.3602562   0.3596356   0.3586885   0.3576215   0.3565876   0.3556371   0.3547573
  42.1572021   0.2953626   0.2973781   0.3005691   0.3040149   0.3074096   0.3106274   0.3136233   0.3163382   0.3187452   0.3208544
  42.4499605   0.3005740   0.2929537   0.2902827   0.2897404   0.2901636   0.2912123   0.2927214   0.2945600   0.2966081   0.2987619
  42.7427188   0.2886044   0.2896231   0.2884644   0.2880879   0.2881865   0.2884231   0.2887459   0.2892201   0.2899081   0.2908335
  43.0354772   0.2827968   0.2894569   0.2897952   0.2895165   0.2893028   0.2892697   0.2894035   0.2896613   0.2900197   0.2904797
  43.3282355   0.2862146   0.2855083   0.2880133   0.2900842   0.2912901   0.2920548   0.2926163   0.2930781   0.2934966   0.2939105
  43.6209939   0.2964458   0.2994485   0.3006672   0.3005502   0.3001264   0.2998124   0.2996918   0.2997390   0.2999171   0.3001988
  43.9137522   0.3054059   0.3054416   0.3058696   0.3062828   0.3067269   0.3071702   0.3075875   0.3079995   0.3084362   0.3089152
  44.2065106   0.3150439   0.3180049   0.3179933   0.3179199   0.3181333   0.3185630   0.3191204   0.3197503   0.3204078   0.3210538
  44.4992689   0.3329532   0.3336324   0.3344692   0.3349613   0.3354201   0.3358950   0.3363432   0.3367138   0.3369711   0.3370978
  44.7920272   0.3551272   0.3574262   0.3579219   0.3582257   0.3580484   0.3574590   0.3565833   0.3555142   0.3543181   0.3530455
  45.0847856   0.3839610   0.3803200   0.3771459   0.3743735   0.3718110   0.3693519   0.3669814   0.3647053   0.3625314   0.3604649
  45.3775439   0.3621079   0.3603445   0.3590215   0.3586244   0.3584468   0.3581304   0.3576138   0.3569302   0.3561211   0.3552179
  45.6703023   0.3448863   0.3401001   0.3392095   0.3394502   0.3401396   0.3409856   0.3418365   0.3425922   0.3431926   0.3436143
  45.9630606   0.3296961   0.3298870   0.3308115   0.3313711   0.3317561   0.3320776   0.3323867   0.3327215   0.3331028   0.3335286
  46.2558190   0.3197740   0.3264837   0.3277571   0.3274178   0.3267790   0.3262587   0.3259784   0.3259360   0.3260900   0.3263939
  46.5485773   0.3154562   0.3130720   0.3142073   0.3159025   0.3174262   0.3187237   0.3197948   0.3206632   0.3213771   0.3219912
  46.8413357   0.3257538   0.3238162   0.3224108   0.3216710   0.3211754   0.3208713   0.3207476   0.3207847   0.3209486   0.3212012
  47.1340940   0.3194737   0.3236632   0.3236614   0.3230920   0.3227230   0.3225245   0.3224259   0.3223892   0.3223988   0.3224490
  47.4268524   0.3154575   0.3188863   0.3205868   0.3218473   0.3228516   0.3235211   0.3239204   0.3241390   0.3242430   0.3242805
  47.7196107   0.3451107   0.3362133   0.3321233   0.3298507   0.3284318   0.3275262   0.3269338   0.3265446   0.3262942   0.3261401
  48.0123691   0.3274128   0.3244802   0.3250509   0.3257630   0.3263132   0.3267072   0.3269837   0.3271806   0.3273331   0.3274688
  48.3051274   0.3174007   0.3228913   0.3255813   0.3269847   0.3277396   0.3282065   0.3285883   0.3289581   0.3293249   0.3296802
  48.5978858   0.3368258   0.3364696   0.3351616   0.3340409   0.3334878   0.3333585   0.3334432   0.3336226   0.3338372   0.3340506
  48.8906441   0.3326248   0.3375366   0.3387648   0.3393067   0.3396918   0.3399459   0.3400522   0.3400191   0.3398685   0.3396248
  49.1834025   0.3486633   0.3471764   0.3479933   0.3482708   0.3477942   0.3469652   0.3460204   0.3450486   0.3440796   0.3431266
  49.4761608   0.3495065   0.3474558   0.3471413   0.3463540   0.3453784   0.3443897   0.3434140   0.3424535   0.3415164   0.3406147
  49.7689192   0.3283926   0.3303908   0.3313098   0.3316144   0.3319137   0.3322004   0.3324024   0.3325126   0.3325612   0.3325819
  50.0616775   0.3141447   0.3195710   0.3205425   0.3209701   0.3212396   0.3215891   0.3221331   0.3228668   0.3237296   0.3246551
  50.3544359   0.3183369   0.3126882   0.3127575   0.3140789   0.3156595   0.3172570   0.3187794   0.3202060   0.3215464   0.3228181
  50.6471942   0.3271135   0.3296210   0.3290407   0.3281583   0.3277154   0.3276147   0.3277201   0.3279745   0.3283601   0.3288691
  50.9399526   0.3410241   0.3398029   0.3407006   0.3407389   0.3402715   0.3397132   0.3392593   0.3389853   0.3389110   0.3390291
  51.2327109   0.3348792   0.3407501   0.3435957   0.3455223   0.3468774   0.3479590   0.3488963   0.3497316   0.3504792   0.3511436
  51.5254693   0.3631173   0.3642470   0.3644280   0.3643463   0.3645242   0.3650082   0.3656343   0.3662343   0.3667047   0.3670215
  51.8182276   0.3812107   0.3873457   0.3888862   0.3892442   0.3891422   0.3885139   0.3874511   0.3862056   0.3850362   0.3841250
  52.1109859   0.4198058   0.4159437   0.4119503   0.4072779   0.4031670   0.4000527   0.3980674   0.3971613   0.3971227   0.3976700
  52.4037443   0.3586630   0.3687589   0.3754422   0.3822034   0.3894138   0.3967168   0.4034374   0.4091285   0.4136424   0.4170131
  52.6965026   0.4305481   0.4384014   0.4479323   0.4536907   0.4559870   0.4564281   0.4559059   0.4547626   0.4531306   0.4510845
  52.9892610   0.5484103   0.5486498   0.5420223   0.5314121   0.5196087   0.5078916   0.4968725   0.4867913   0.4776711   0.4694301
  53.2820193   0.4703946   0.4627686   0.4576140   0.4553076   0.4546680   0.4537806   0.4517352   0.4484775   0.4443065   0.4395771
  53.5747777   0.3837130   0.3760563   0.3731166   0.3727232   0.3731509   0.3739240   0.3749186   0.3759409   0.3767497   0.3771638
  53.8675360   0.2910045   0.2935938   0.2964426   0.2995282   0.3022016   0.3046110   0.3069717   0.3093632   0.3117744   0.3141399
  54.1602944   0.2575970   0.2571873   0.2569514   0.2570406   0.2576491   0.2587398   0.2601703   0.2618177   0.2636180   0.2655401
  54.4530527   0.2269476   0.2273764   0.2276606   0.2279653   0.2281000   0.2281796   0.2283406   0.2286847   0.2292646   0.2300941
  54.7458111   0.1988860   0.1994731   0.1995567   0.1995502   0.1996023   0.1997790   0.2000852   0.2005098   0.2010477   0.2017029
  55.0385694   0.1701140   0.1714189   0.1722099   0.1730779   0.1739860   0.1749317   0.1758626   0.1767513   0.1776017   0.1784323
  55.3313278   0.1513954   0.1566774   0.1583940   0.1589330   0.1590724   0.1591604   0.1593347   0.1596347   0.1600531   0.1605611
  55.6240861   0.1396530   0.1444857   0.1453654   0.1454651   0.1454992   0.1456079   0.1457871   0.1460006   0.1462065   0.1463685
  55.9168445   0.1318979   0.1328347   0.1328470   0.1332163   0.1337049   0.1340731   0.1341736   0.1339652   0.1334733   0.1327536
  56.2096028   0.1338980   0.1300330   0.1283416   0.1266527   0.1245567   0.1222588   0.1199146   0.1176112   0.1154043   0.1133324
  56.5023612   0.0864158   0.0906653   0.0911387   0.0902965   0.0888823   0.0872221   0.0855611   0.0840342   0.0826979   0.0815650
  56.7951195   0.0339528   0.0315307   0.0311080   0.0321277   0.0339331   0.0360585   0.0382100   0.0402437   0.0421073   0.0437957
  57.0878779   0.0000000   0.0000228   0.0004911   0.0018106   0.0037231   0.0059501   0.0083552   0.0108564   0.0133831   0.0158752
  57.3806362   0.0000000   0.0000000   0.0000000   0.0000036   0.0000528   0.0002505   0.0006881   0.0014007   0.0023793   0.0035906
  57.6733946   0.0000000   0.0000000   0.0000000   0.0000000   0.0000001   0.0000021   0.0000177   0.0000761   0.0002167   0.0004761
  57.9661529   0.0000000   0.0000000   0.0000000   0.0000000   0.0000000   0.0000000   0.0000001   0.0000016   0.0000095   0.0000353
  58.2589113   0.0000000   0.0000000   0.0000000   0.0000000   0.0000000   0.0000000   0.0000000   0.0000000   0.0000002   0.0000014
  58.5516696   0.0000000   0.0000000   0.0000000   0.0000000   0.0000000   0.0000000   0.0000000   0.0000000   0.0000000   0.0000000
  58.8444280   0.0000000   0.0000000   0.0000000   0.0000000   0.0000000   0.0000000   0.0000000   0.0000000   0.0000000   0.0000000
  59.1371863   0.0000000   0.0000000   0.0000000   0.0000000   0.0000000   0.0000000   0.0000000   0.0000000   0.0000000   0.0000000
  59.4299446   0.0000000   0.0000000   0.0000000   0.0000000   0.0000000   0.0000000   0.0000000   0.0000000   0.0000000   0.0000000
  59.7227030   0.0000000   0.0000000   0.0000000   0.0000000   0.0000000   0.0000000   0.0000000   0.0000000   0.0000000   0.0000000
  60.0154613   0.0000000   0.0000000   0.0000000   0.0000000   0.0000000   0.0000000   0.0000000   0.0000000   0.0000000   0.0000000
  60.3082197   0.0000000   0.0000000   0.0000000   0.0000000   0.0000000   0.0000000   0.0000000   0.0000000   0.0000000   0.0000000
  60.6009780   0.0000000   0.0000000   0.0000000   0.0000000   0.0000000   0.0000000   0.0000000   0.0000000   0.0000000   0.0000000
  60.8937364   0.0000000   0.0000000   0.0000000   0.0000000   0.0000000   0.0000000   0.0000000   0.0000000   0.0000000   0.0000000
  61.1864947   0.0000000   0.0000000   0.0000000   0.0000000   0.0000000   0.0000000   0.0000000   0.0000000   0.0000000   0.0000000
  61.4792531   0.0000000   0.0000000   0.0000000   0.0000000   0.0000000   0.0000000   0.0000000   0.0000000   0.0000000   0.0000000
  61.7720114   0.0000000   0.0000000   0.0000000   0.0000000   0.0000000   0.0000000   0.0000000   0.0000000   0.0000000   0.0000000
  62.0647698   0.0000000   0.0000000   0.0000000   0.0000000   0.0000000   0.0000000   0.0000000   0.0000000   0.0000000   0.0000000
  62.3575281   0.0000000   0.0000000   0.0000000   0.0000000   0.0000000   0.0000000   0.0000000   0.0000000   0.0000000   0.0000000
  62.6502865   0.0000000   0.0000000   0.0000000   0.0000000   0.0000000   0.0000000   0.0000000   0.0000000   0.0000000   0.0000000
  62.9430448   0.0000000   0.0000000   0.0000000   0.0000000   0.0000000   0.0000000   0.0000000   0.0000000   0.0000000   0.0000000
  63.2358032   0.0000000   0.0000000   0.0000000   0.0000000   0.0000000   0.0000000   0.0000000   0.0000000   0.0000000   0.0000000
  63.5285615   0.0000000   0.0000000   0.0000000   0.0000000   0.0000000   0.0000000   0.0000000   0.0000000   0.0000000   0.0000000
  63.8213199   0.0000000   0.0000000   0.0000000   0.0000000   0.0000000   0.0000000   0.0000000   0.0000000   0.0000000   0.0000000
  64.1140782   0.0000000   0.0000000   0.0000000   0.0000000   0.0000000   0.0000000   0.0000000   0.0000000   0.0000000   0.0000000
  64.4068366   0.0000000   0.0000000   0.0000000   0.0000000   0.0000000   0.0000000   0.0000000   0.0000000   0.0000000   0.0000000
  64.6995949   0.0000000   0.0000000   0.0000000   0.0000000   0.0000000   0.0000000   0.0000000   0.0000000   0.0000000   0.0000000
  64.9923533   0.0000000   0.0000000   0.0000000   0.0000000   0.0000000   0.0000000   0.0000000   0.0000000   0.0000000   0.0000000
  65.2851116   0.0000000   0.0000000   0.0000000   0.0000000   0.0000000   0.0000000   0.0000000   0.0000000   0.0000000   0.0000000
  65.5778700   0.0000000   0.0000000   0.0000000   0.0000000   0.0000000   0.0000000   0.0000000   0.0000000   0.0000000   0.0000000
  65.8706283   0.0000000   0.0000000   0.0000000   0.0000000   0.0000000   0.0000000   0.0000000   0.0000000   0.0000000   0.0000000
  66.1633867   0.0000000   0.0000000   0.0000000   0.0000000   0.0000000   0.0000000   0.0000000   0.0000000   0.0000000   0.0000000
  66.4561450   0.0000000   0.0000000   0.0000000   0.0000000   0.0000000   0.0000000   0.0000000   0.0000000   0.0000000   0.0000000
  66.7489033   0.0000000   0.0000000   0.0000000   0.0000000   0.0000000   0.0000000   0.0000000   0.0000000   0.0000000   0.0000000
  67.0416617   0.0000000   0.0000000   0.0000000   0.0000000   0.0000000   0.0000000   0.0000000   0.0000000   0.0000000   0.0000000
  67.3344200   0.0000000   0.0000000   0.0000000   0.0000000   0.0000000   0.0000000   0.0000000   0.0000000   0.0000000   0.0000000
  67.6271784   0.0000000   0.0000000   0.0000000   0.0000000   0.0000000   0.0000000   0.0000000   0.0000000   0.0000000   0.0000000
  67.9199367   0.0000000   0.0000000   0.0000000   0.0000000   0.0000000   0.0000000   0.0000000   0.0000000   0.0000000   0.0000000
  68.2126951   0.0000000   0.0000000   0.0000000   0.0000000   0.0000000   0.0000000   0.0000000   0.0000000   0.0000000   0.0000000
  68.5054534   0.0000000   0.0000000   0.0000000   0.0000000   0.0000000   0.0000000   0.0000000   0.0000000   0.0000001   0.0000005
  68.7982118   0.0000000   0.0000000   0.0000000   0.0000000   0.0000000   0.0000000   0.0000001   0.0000006   0.0000035   0.0000123
  69.0909701   0.0000000   0.0000000   0.0000000   0.0000000   0.0000000   0.0000009   0.0000068   0.0000275   0.0000745   0.0001573
  69.3837285   0.0000000   0.0000000   0.0000000   0.0000017   0.0000220   0.0000948   0.0002429   0.0004698   0.0007676   0.0011251
  69.6764868   0.0000000   0.0000121   0.0002231   0.0007102   0.0013257   0.0019913   0.0026775   0.0033697   0.0040608   0.0047473
  69.9692452   0.0118092   0.0102813   0.0098779   0.0099956   0.0103210   0.0107378   0.0112071   0.0117112   0.0122400   0.0127877
  70.2620035   0.0263525   0.0254885   0.0248740   0.0245898   0.0244263   0.0243120   0.0242500   0.0242558   0.0243376   0.0244960
  70.5547619   0.0393432   0.0380480   0.0377151   0.0375945   0.0375360   0.0375204   0.0375328   0.0375683   0.0376325   0.0377332
  70.8475202   0.0460349   0.0485355   0.0497582   0.0503567   0.0506943   0.0509457   0.0511873   0.0514346   0.0516784   0.0519052
  71.1402786   0.0648898   0.0654780   0.0659213   0.0662219   0.0665092   0.0667913   0.0670326   0.0672121   0.0673242   0.0673723
  71.4330369   0.0861509   0.0870427   0.0865229   0.0858877   0.0853282   0.0848027   0.0842831   0.0837650   0.0832542   0.0827573
  71.7257953   0.1020768   0.1002045   0.0992437   0.0988264   0.0983076   0.0976658   0.0969824   0.0963065   0.0956570   0.0950401
  72.0185536   0.1045490   0.1040843   0.1035114   0.1034320   0.1035680   0.1037104   0.1037848   0.1037763   0.1036945   0.1035563
  72.3113120   0.1125327   0.1112097   0.1105654   0.1101818   0.1100827   0.1101472   0.1102957   0.1104887   0.1106962   0.1108932
  72.6040703   0.1122495   0.1161973   0.1173399   0.1177193   0.1180242   0.1183183   0.1185936   0.1188510   0.1190911   0.1193109
  72.8968287   0.1305975   0.1281305   0.1288707   0.1291495   0.1291578   0.1291354   0.1291124   0.1290783   0.1290335   0.1289866
  73.1895870   0.1329628   0.1374921   0.1395969   0.1402248   0.1400797   0.1396978   0.1392947   0.1389356   0.1386395   0.1384123
  73.4823454   0.1407528   0.1438672   0.1453760   0.1460047   0.1462470   0.1463680   0.1464623   0.1465636   0.1466894   0.1468499
  73.7751037   0.1559886   0.1540979   0.1534221   0.1532395   0.1534625   0.1539457   0.1545591   0.1552265   0.1559137   0.1566111
  74.0678620   0.1678373   0.1661827   0.1661108   0.1666127   0.1672914   0.1679581   0.1686190   0.1693271   0.1701128   0.1709786
  74.3606204   0.1919695   0.1911855   0.1895129   0.1886634   0.1884188   0.1885955   0.1890726   0.1897509   0.1905547   0.1914306
  74.6533787   0.2104387   0.2096210   0.2107818   0.2124119   0.2138523   0.2150150   0.2159413   0.2166866   0.2172999   0.2178183
  74.9461371   0.2549191   0.2534140   0.2526476   0.2516710   0.2506514   0.2497272   0.2489383   0.2482604   0.2476532   0.2470837
  75.2388954   0.2768846   0.2788098   0.2790090   0.2785505   0.2779476   0.2771786   0.2762317   0.2751482   0.2739823   0.2727792
  75.5316538   0.2998056   0.2973307   0.2966967   0.2960469   0.2953309   0.2945492   0.2936834   0.2927341   0.2917089   0.2906208
  75.8244121   0.3048126   0.3032540   0.3039247   0.3037287   0.3033680   0.3029825   0.3025715   0.3021227   0.3016264   0.3010777
  76.1171705   0.3038714   0.3044685   0.3058067   0.3065137   0.3069330   0.3072148   0.3074035   0.3075228   0.3075876   0.3076043
  76.4099288   0.3132636   0.3136111   0.3132925   0.3131022   0.3129721   0.3129802   0.3131212   0.3133515   0.3136259   0.3139045
  76.7026872   0.3163015   0.3173585   0.3185369   0.3194327   0.3200982   0.3206284   0.3210581   0.3214011   0.3216539   0.3217990
  76.9954455   0.3298266   0.3321926   0.3329899   0.3327939   0.3324681   0.3321552   0.3317944   0.3312989   0.3306207   0.3297532
  77.2882039   0.3481467   0.3434166   0.3425898   0.3422484   0.3412978   0.3397319   0.3377549   0.3355484   0.3332341   0.3308846
  77.5809622   0.3460257   0.3411315   0.3360033   0.3322237   0.3291283   0.3263856   0.3238441   0.3214227   0.3190824   0.3168094
  77.8737206   0.2795985   0.2845554   0.2853913   0.2865701   0.2877130   0.2885010   0.2888992   0.2889726   0.2887976   0.2884375
  78.1664789   0.2515819   0.2521361   0.2521039   0.2521636   0.2524581   0.2530181   0.2538181   0.2547724   0.2557819   0.2567665
  78.4592373   0.2235560   0.2232123   0.2235495   0.2243322   0.2252920   0.2263478   0.2274499   0.2285853   0.2297552   0.2309550
  78.7519956   0.2082032   0.2088593   0.2097305   0.2101170   0.2104113   0.2107388   0.2111531   0.2116747   0.2123046   0.2130352
  79.0447540   0.1990693   0.2001552   0.2000213   0.1998287   0.1996893   0.1996582   0.1997327   0.1998990   0.2001494   0.2004805
  79.3375123   0.1891033   0.1878608   0.1882814   0.1888760   0.1893636   0.1897272   0.1900035   0.1902283   0.1904254   0.1906072
  79.6302707   0.1819417   0.1841632   0.1833794   0.1827779   0.1824313   0.1822434   0.1821443   0.1820742   0.1819835   0.1818383
  79.9230290   0.1727988   0.1742078   0.1740865   0.1741251   0.1741598   0.1740339   0.1736975   0.1731590   0.1724556   0.1716314
  80.2157874   0.1698154   0.1665839   0.1655454   0.1644693   0.1631194   0.1615887   0.1600068   0.1584508   0.1569476   0.1554993
  80.5085457   0.1386827   0.1373282   0.1360701   0.1349853   0.1341612   0.1334534   0.1327443   0.1319864   0.1311733   0.1303154
  80.8013041   0.0915693   0.0941539   0.0955670   0.0966065   0.0974569   0.0981462   0.0986673   0.0990259   0.0992464   0.0993628
  81.0940624   0.0658421   0.0665426   0.0672709   0.0675374   0.0674271   0.0672914   0.0673297   0.0675915   0.0680536   0.0686693
  81.3868207   0.0354169   0.0353411   0.0353986   0.0358831   0.0366982   0.0377327   0.0388860   0.0401081   0.0413861   0.0427182
  81.6795791   0.0158571   0.0160354   0.0165663   0.0174618   0.0186423   0.0199572   0.0213442   0.0227827   0.0242576   0.0257565
  81.9723374   0.0172402   0.0167526   0.0162233   0.0159578   0.0159578   0.0161751   0.0165751   0.0171334   0.0178275   0.0186364
  82.2650958   0.0146760   0.0160674   0.0166238   0.0168758   0.0170076   0.0170704   0.0171092   0.0171630   0.0172631   0.0174320
  82.5578541   0.0182165   0.0187386   0.0186842   0.0186092   0.0184765   0.0183261   0.0181855   0.0180636   0.0179637   0.0178902
  82.8506125   0.0197600   0.0188722   0.0184717   0.0183214   0.0182699   0.0182566   0.0182423   0.0182111   0.0181635   0.0181060
  83.1433708   0.0163195   0.0173278   0.0177742   0.0179377   0.0179902   0.0179906   0.0179745   0.0179580   0.0179444   0.0179316
  83.4361292   0.0175266   0.0174590   0.0175498   0.0175404   0.0175288   0.0175411   0.0175692   0.0176025   0.0176353   0.0176652
  83.7288875   0.0184788   0.0172687   0.0171918   0.0172712   0.0173493   0.0174124   0.0174630   0.0175037   0.0175362   0.0175624
  84.0216459   0.0181329   0.0181672   0.0179192   0.0178373   0.0177892   0.0177389   0.0176899   0.0176487   0.0176180   0.0175980
  84.3144042   0.0187069   0.0182837   0.0179590   0.0177461   0.0176451   0.0176002   0.0175793   0.0175694   0.0175666   0.0175700
  84.6071626   0.0169455   0.0167203   0.0169166   0.0170789   0.0172130   0.0173180   0.0174041   0.0174787   0.0175448   0.0176037
  84.8999209   0.0188484   0.0179425   0.0177820   0.0177924   0.0178085   0.0178292   0.0178593   0.0178963   0.0179358   0.0179742
  85.1926793   0.0196098   0.0189452   0.0187850   0.0187284   0.0187000   0.0186782   0.0186544   0.0186272   0.0185993   0.0185735
  85.4854376   0.0195964   0.0193761   0.0193947   0.0194025   0.0193487   0.0192743   0.0192023   0.0191379   0.0190809   0.0190303
  85.7781960   0.0171334   0.0185586   0.0189148   0.0190586   0.0191428   0.0191863   0.0192048   0.0192102   0.0192080   0.0192002
  86.0709543   0.0204687   0.0200128   0.0196016   0.0193199   0.0192136   0.0192051   0.0192286   0.0192547   0.0192740   0.0192855
  86.3637127   0.0182346   0.0192559   0.0194711   0.0195229   0.0195342   0.0195109   0.0194728   0.0194379   0.0194148   0.0194053
  86.6564710   0.0202398   0.0197060   0.0194692   0.0194398   0.0194253   0.0194186   0.0194307   0.0194599   0.0195003   0.0195474
  86.9492294   0.0206128   0.0193659   0.0190901   0.0191833   0.0193563   0.0195303   0.0196850   0.0198165   0.0199267   0.0200193
  87.2419877   0.0223640   0.0216283   0.0214031   0.0212509   0.0211467   0.0210781   0.0210346   0.0210090   0.0209966   0.0209942
  87.5347461   0.0206628   0.0219746   0.0223226   0.0223878   0.0223566   0.0222835   0.0222008   0.0221241   0.0220585   0.0220045
  87.8275044   0.0227186   0.0227101   0.0225481   0.0225499   0.0226088   0.0226714   0.0227167   0.0227408   0.0227464   0.0227381
  88.1202628   0.0252365   0.0242609   0.0238421   0.0236047   0.0234803   0.0234188   0.0233888   0.0233735   0.0233628   0.0233509
  88.4130211   0.0219269   0.0232629   0.0236596   0.0238462   0.0239336   0.0239613   0.0239532   0.0239265   0.0238927   0.0238580
  88.7057794   0.0237800   0.0241884   0.0245096   0.0245019   0.0244014   0.0243105   0.0242471   0.0242050   0.0241752   0.0241523
  88.9985378   0.0227097   0.0230552   0.0235975   0.0238723   0.0240348   0.0241439   0.0242170   0.0242660   0.0243001   0.0243245
  89.2912961   0.0254583   0.0249774   0.0248475   0.0247222   0.0246221   0.0245741   0.0245649   0.0245747   0.0245905   0.0246065
  89.5840545   0.0248777   0.0243683   0.0246254   0.0248635   0.0249928   0.0250361   0.0250328   0.0250132   0.0249948   0.0249851
  89.8768128   0.0277965   0.0264201   0.0259376   0.0256199   0.0254319   0.0253381   0.0253068   0.0253129   0.0253391   0.0253760
  90.1695712   0.0242308   0.0247308   0.0248619   0.0250562   0.0253136   0.0255397   0.0257126   0.0258455   0.0259554   0.0260528
  90.4623295   0.0302767   0.0288165   0.0279982   0.0276106   0.0273723   0.0272421   0.0271990   0.0272126   0.0272555   0.0273094
  90.7550879   0.0262622   0.0273319   0.0278135   0.0282741   0.0286243   0.0288296   0.0289263   0.0289562   0.0289489   0.0289225
  91.0478462   0.0339064   0.0334360   0.0325216   0.0318105   0.0313280   0.0310057   0.0307744   0.0305919   0.0304377   0.0303038
  91.3406046   0.0287799   0.0303774   0.0308632   0.0310859   0.0311721   0.0311678   0.0311172   0.0310527   0.0309904   0.0309355
  91.6333629   0.0284236   0.0296400   0.0300970   0.0303613   0.0305383   0.0307088   0.0308781   0.0310309   0.0311587   0.0312619
  91.9261213   0.0296025   0.0309888   0.0315921   0.0318038   0.0318653   0.0318945   0.0319270   0.0319744   0.0320389   0.0321162
  92.2188796   0.0330217   0.0332828   0.0335400   0.0335578   0.0334919   0.0334471   0.0334383   0.0334537   0.0334818   0.0335158
  92.5116380   0.0328005   0.0335797   0.0341614   0.0345973   0.0348804   0.0350478   0.0351359   0.0351706   0.0351725   0.0351584
  92.8043963   0.0398324   0.0392109   0.0384479   0.0379267   0.0375432   0.0372439   0.0370173   0.0368563   0.0367491   0.0366825
  93.0971547   0.0396846   0.0382253   0.0374101   0.0372372   0.0373278   0.0374891   0.0376468   0.0377798   0.0378879   0.0379775
  93.3899130   0.0389625   0.0384930   0.0385537   0.0387772   0.0390188   0.0392131   0.0393733   0.0395166   0.0396480   0.0397677
  93.6826714   0.0439826   0.0439444   0.0433812   0.0428895   0.0425963   0.0424270   0.0423260   0.0422701   0.0422502   0.0422603
  93.9754297   0.0450930   0.0446546   0.0446520   0.0447633   0.0448247   0.0448613   0.0448925   0.0449222   0.0449518   0.0449846
  94.2681881   0.0445034   0.0458156   0.0465072   0.0470669   0.0474075   0.0475977   0.0477162   0.0478067   0.0478902   0.0479772
  94.5609464   0.0544282   0.0534694   0.0524803   0.0518518   0.0514810   0.0513161   0.0512890   0.0513437   0.0514515   0.0516086
  94.8537048   0.0515422   0.0528866   0.0535862   0.0542569   0.0548165   0.0552162   0.0555177   0.0558042   0.0561708   0.0567273
  95.1464631   0.0679086   0.0645013   0.0627272   0.0619971   0.0617584   0.0618367   0.0622926   0.0633029   0.0650196   0.0674783
  95.4392215   0.0711550   0.0701937   0.0695314   0.0699769   0.0716258   0.0748082   0.0795645   0.0855048   0.0920747   0.0987722
  95.7319798   0.0901534   0.0934858   0.1016382   0.1145049   0.1284066   0.1410811   0.1517513   0.1603136   0.1669469   0.1719357
  96.0247381   0.3999446   0.3672836   0.3449249   0.3288170   0.3156807   0.3041526   0.2937825   0.2843906   0.2758658   0.2681155
  96.3174965   0.4305596   0.4118264   0.4017267   0.3924375   0.3814481   0.3688609   0.3556540   0.3426359   0.3302738   0.3187800
  96.6102548   0.2855186   0.2865567   0.2895941   0.2938727   0.2983034   0.3019012   0.3040886   0.3046321   0.3036060   0.3012729
  96.9030132   0.2431423   0.2453340   0.2452445   0.2459610   0.2476141   0.2500013   0.2529179   0.2560727   0.2591225   0.2617603
  97.1957715   0.2357018   0.2293138   0.2277277   0.2276518   0.2280461   0.2287801   0.2298520   0.2312800   0.2330528   0.2350987
  97.4885299   0.2085447   0.2142841   0.2167282   0.2180407   0.2189195   0.2196214   0.2202925   0.2210081   0.2218193   0.2227706
  97.7812882   0.2169655   0.2172738   0.2173493   0.2172912   0.2172017   0.2171605   0.2171881   0.2172930   0.2174888   0.2177908
  98.0740466   0.2205920   0.2181096   0.2164664   0.2158066   0.2154564   0.2152706   0.2152158   0.2152681   0.2154040   0.2156082
  98.3668049   0.2081642   0.2105204   0.2109491   0.2116461   0.2125478   0.2133434   0.2139617   0.2144398   0.2148330   0.2151883
  98.6595633   0.2257190   0.2222050   0.2199977   0.2183951   0.2173837   0.2168263   0.2165928   0.2165909   0.2167586   0.2170541
  98.9523216   0.2134970   0.2139997   0.2158077   0.2173738   0.2184150   0.2191460   0.2197467   0.2203151   0.2209027   0.2215389
  99.2450800   0.2189770   0.2233292   0.2248976   0.2257778   0.2264266   0.2271103   0.2278764   0.2287132   0.2296222   0.2306122
  99.5378383   0.2388921   0.2417268   0.2425909   0.2426657   0.2427259   0.2429876   0.2435386   0.2443906   0.2454700   0.2466470
  99.8305967   0.2667699   0.2609243   0.2610853   0.2621072   0.2637148   0.2656324   0.2674684   0.2689166   0.2697979   0.2700536
 100.1233550   0.2942687   0.3021109   0.3056376   0.3069960   0.3068838   0.3054736   0.3029044   0.2994355   0.2953703   0.2909754
 100.4161134   0.3573452   0.3509360   0.3455572   0.3365390   0.3258935   0.3153935   0.3057297   0.2970613   0.2893423   0.2824601
 100.7088717   0.1937161   0.2111066   0.2213736   0.2273133   0.2311729   0.2336297   0.2349470   0.2353469   0.2350469   0.2342360
 101.0016301   0.1448743   0.1472567   0.1496069   0.1522314   0.1559528   0.1605607   0.1654728   0.1702199   0.1745162   0.1782272
 101.2943884   0.1377234   0.1371320   0.1370362   0.1366563   0.1363695   0.1364202   0.1369861   0.1381542   0.1398806   0.1420289
 101.5871468   0.1151400   0.1195278   0.1202360   0.1202933   0.1202912   0.1203101   0.1203830   0.1205678   0.1209401   0.1215643
 101.8799051   0.1051478   0.1030971   0.1034362   0.1040573   0.1046551   0.1052215   0.1057510   0.1062358   0.1066778   0.1070966
 102.1726635   0.0949758   0.0953787   0.0953566   0.0952129   0.0951815   0.0952102   0.0952597   0.0953170   0.0953729   0.0954154
 102.4654218   0.0892895   0.0879832   0.0873720   0.0867798   0.0862285   0.0857402   0.0852875   0.0848345   0.0843583   0.0838545
 102.7581802   0.0678160   0.0700910   0.0713563   0.0719828   0.0721251   0.0718643   0.0713020   0.0705551   0.0697273   0.0688959
 103.0509385   0.0575401   0.0577495   0.0563012   0.0544731   0.0527415   0.0513680   0.0503617   0.0496539   0.0491723   0.0488591
 103.3436968   0.0074910   0.0119771   0.0155441   0.0182754   0.0204842   0.0223311   0.0239112   0.0252953   0.0265367   0.0276716
 103.6364552   0.0049593   0.0056045   0.0060434   0.0064130   0.0070324   0.0079813   0.0091763   0.0105075   0.0118907   0.0132731
 103.9292135   0.0061087   0.0063060   0.0062880   0.0062575   0.0062502   0.0062896   0.0064177   0.0066779   0.0070891   0.0076442
 104.2219719   0.0072389   0.0066618   0.0064501   0.0063789   0.0063444   0.0063280   0.0063236   0.0063343   0.0063744   0.0064645
 104.5147302   0.0061624   0.0059736   0.0061419   0.0062720   0.0063425   0.0063672   0.0063672   0.0063574   0.0063463   0.0063416
 104.8074886   0.0073067   0.0068889   0.0067056   0.0065100   0.0063971   0.0063389   0.0063076   0.0062924   0.0062896   0.0062972
 105.1002469   0.0057554   0.0059657   0.0059873   0.0059943   0.0060255   0.0060816   0.0061511   0.0062246   0.0062962   0.0063619
 105.3930053   0.0049928   0.0052985   0.0058186   0.0061880   0.0064088   0.0065484   0.0066457   0.0067158   0.0067657   0.0068001
 105.6857636   0.0084610   0.0084942   0.0083882   0.0082078   0.0080171   0.0078433   0.0076945   0.0075698   0.0074664   0.0073809
 105.9785220   0.0088468   0.0084191   0.0080653   0.0079041   0.0078284   0.0077704   0.0077082   0.0076413   0.0075743   0.0075113
 106.2712803   0.0068691   0.0070739   0.0069326   0.0069152   0.0069753   0.0070523   0.0071245   0.0071864   0.0072368   0.0072760
 106.5640387   0.0073815   0.0070994   0.0069829   0.0069738   0.0069845   0.0070124   0.0070562   0.0071101   0.0071682   0.0072260
 106.8567970   0.0067709   0.0068361   0.0071501   0.0073439   0.0074291   0.0074638   0.0074823   0.0074969   0.0075115   0.0075274
 107.1495554   0.0081287   0.0081333   0.0081460   0.0081274   0.0080994   0.0080666   0.0080326   0.0079997   0.0079693   0.0079420
 107.4423137   0.0100541   0.0091382   0.0087129   0.0084858   0.0083821   0.0083323   0.0082985   0.0082673   0.0082356   0.0082038
 107.7350721   0.0079538   0.0081650   0.0082104   0.0082389   0.0082741   0.0082905   0.0082906   0.0082838   0.0082755   0.0082677
 108.0278304   0.0085235   0.0084565   0.0083385   0.0082519   0.0082096   0.0082011   0.0082124   0.0082338   0.0082605   0.0082895
 108.3205888   0.0072455   0.0077774   0.0079896   0.0081303   0.0082178   0.0082833   0.0083434   0.0084008   0.0084540   0.0085016
 108.6133471   0.0086059   0.0086381   0.0087249   0.0088276   0.0089065   0.0089512   0.0089718   0.0089795   0.0089817   0.0089823
 108.9061055   0.0122057   0.0112528   0.0105625   0.0101473   0.0099001   0.0097460   0.0096426   0.0095682   0.0095130   0.0094728
 109.1988638   0.0087180   0.0091298   0.0092299   0.0094268   0.0095838   0.0096732   0.0097211   0.0097505   0.0097714   0.0097865
 109.4916222   0.0105711   0.0103678   0.0100618   0.0099233   0.0099072   0.0099563   0.0100246   0.0100864   0.0101327   0.0101629
 109.7843805   0.0105569   0.0108626   0.0110486   0.0110817   0.0110209   0.0109300   0.0108398   0.0107607   0.0106943   0.0106389
 110.0771389   0.0099381   0.0102430   0.0107595   0.0110064   0.0110654   0.0110437   0.0109925   0.0109321   0.0108714   0.0108145
 110.3698972   0.0100554   0.0106263   0.0107069   0.0106276   0.0105810   0.0105802   0.0106014   0.0106267   0.0106473   0.0106602
 110.6626555   0.0101826   0.0101333   0.0101627   0.0102251   0.0103044   0.0103765   0.0104317   0.0104738   0.0105079   0.0105368
 110.9554139   0.0105722   0.0109941   0.0109541   0.0108296   0.0107254   0.0106510   0.0106035   0.0105776   0.0105698   0.0105771
 111.2481722   0.0103859   0.0102639   0.0102766   0.0104109   0.0105027   0.0105562   0.0106003   0.0106474   0.0106979   0.0107493
 111.5409306   0.0114480   0.0109960   0.0106720   0.0106418   0.0107558   0.0108984   0.0110231   0.0111199   0.0111934   0.0112506
 111.8336889   0.0150260   0.0140142   0.0132679   0.0128478   0.0125625   0.0123611   0.0122244   0.0121364   0.0120815   0.0120472
 112.1264473   0.0115461   0.0115011   0.0119240   0.0123186   0.0125755   0.0127115   0.0127649   0.0127679   0.0127436   0.0127072
 112.4192056   0.0121405   0.0138017   0.0139382   0.0136913   0.0134625   0.0133129   0.0132242   0.0131710   0.0131361   0.0131105
 112.7119640   0.0127616   0.0123440   0.0127353   0.0130033   0.0131540   0.0132387   0.0132883   0.0133236   0.0133544   0.0133833
 113.0047223   0.0126685   0.0133858   0.0134653   0.0134538   0.0134877   0.0135580   0.0136393   0.0137143   0.0137773   0.0138290
 113.2974807   0.0159085   0.0151812   0.0148985   0.0148212   0.0147570   0.0146860   0.0146239   0.0145808   0.0145581   0.0145523
 113.5902390   0.0167171   0.0156271   0.0152798   0.0152255   0.0152380   0.0152621   0.0152848   0.0153015   0.0153126   0.0153204
 113.8829974   0.0165842   0.0160036   0.0159423   0.0159615   0.0160027   0.0160427   0.0160756   0.0161010   0.0161193   0.0161309
 114.1757557   0.0175117   0.0172481   0.0172791   0.0172392   0.0171767   0.0171174   0.0170704   0.0170336   0.0170023   0.0169728
 114.4685141   0.0175894   0.0175517   0.0176146   0.0176965   0.0177584   0.0177799   0.0177647   0.0177262   0.0176770   0.0176260
 114.7612724   0.0192732   0.0193693   0.0188971   0.0185293   0.0183028   0.0181598   0.0180711   0.0180185   0.0179873   0.0179668
 115.0540308   0.0180322   0.0175266   0.0173048   0.0174335   0.0176539   0.0178504   0.0179959   0.0180950   0.0181607   0.0182045
 115.3467891   0.0203362   0.0197329   0.0192875   0.0190588   0.0188910   0.0187626   0.0186811   0.0186402   0.0186264   0.0186282
 115.6395475   0.0196131   0.0189613   0.0188020   0.0188753   0.0189881   0.0190649   0.0191023   0.0191152   0.0191183   0.0191214
 115.9323058   0.0213460   0.0207598   0.0201194   0.0197962   0.0196513   0.0195955   0.0195873   0.0196039   0.0196326   0.0196668
 116.2250642   0.0200032   0.0198394   0.0197789   0.0199442   0.0200895   0.0201900   0.0202676   0.0203346   0.0203949   0.0204498
 116.5178225   0.0213758   0.0213117   0.0213132   0.0213922   0.0214530   0.0214910   0.0215152   0.0215311   0.0215436   0.0215569
 116.8105809   0.0237600   0.0238357   0.0235968   0.0233406   0.0231345   0.0229853   0.0228845   0.0228224   0.0227879   0.0227716
 117.1033392   0.0202849   0.0225000   0.0230235   0.0232626   0.0234821   0.0236672   0.0237992   0.0238827   0.0239322   0.0239625
 117.3960976   0.0266290   0.0260698   0.0259255   0.0257608   0.0255770   0.0254277   0.0253303   0.0252835   0.0252754   0.0252915
 117.6888559   0.0244559   0.0255117   0.0259914   0.0261778   0.0263139   0.0264510   0.0265765   0.0266783   0.0267551   0.0268109
 117.9816142   0.0266077   0.0272362   0.0280342   0.0284142   0.0285743   0.0286365   0.0286502   0.0286385   0.0286132   0.0285807
 118.2743726   0.0315928   0.0318712   0.0318361   0.0314916   0.0311208   0.0308121   0.0305694   0.0303807   0.0302333   0.0301167
 118.5671309   0.0287797   0.0296675   0.0301218   0.0304206   0.0306574   0.0308396   0.0309588   0.0310231   0.0310504   0.0310580
 118.8598893   0.0306816   0.0316891   0.0318714   0.0318878   0.0318329   0.0317843   0.0317823   0.0318279   0.0319043   0.0319946
 119.1526476   0.0348009   0.0328082   0.0324448   0.0325160   0.0327181   0.0329352   0.0331223   0.0332771   0.0334132   0.0335434
 119.4454060   0.0369085   0.0368839   0.0364495   0.0361219   0.0359038   0.0357831   0.0357464   0.0357736   0.0358450   0.0359455
 119.7381643   0.0358296   0.0367107   0.0374042   0.0379684   0.0383419   0.0385850   0.0387580   0.0388970   0.0390190   0.0391324
 120.0309227   0.0426883   0.0433375   0.0432458   0.0430164   0.0429086   0.0428973   0.0429245   0.0429597   0.0429936   0.0430264
 120.3236810   0.0466559   0.0480217   0.0481301   0.0479376   0.0477387   0.0475588   0.0474050   0.0472849   0.0472002   0.0471476
 120.6164394   0.0510676   0.0501384   0.0501828   0.0504809   0.0506851   0.0508219   0.0509226   0.0509991   0.0510613   0.0511217
 120.9091977   0.0544269   0.0545232   0.0546705   0.0548005   0.0548861   0.0549616   0.0550558   0.0551838   0.0553501   0.0555533
 121.2019561   0.0588570   0.0601505   0.0601822   0.0600001   0.0599958   0.0601513   0.0604118   0.0607403   0.0611198   0.0615440
 121.4947144   0.0672624   0.0661225   0.0663663   0.0670407   0.0676972   0.0682715   0.0688107   0.0693636   0.0699516   0.0705742
 121.7874728   0.0835849   0.0831873   0.0820759   0.0815226   0.0814504   0.0816974   0.0821414   0.0826829   0.0832518   0.0838079
 122.0802311   0.0993884   0.0976339   0.0980019   0.0988583   0.0996271   0.1001429   0.1004137   0.1005085   0.1004994   0.1004393
 122.3729895   0.1290661   0.1267123   0.1251449   0.1234999   0.1218267   0.1203493   0.1191258   0.1181196   0.1172749   0.1165457
 122.6657478   0.1213860   0.1245182   0.1268609   0.1282816   0.1290987   0.1294705   0.1295101   0.1293127   0.1289586   0.1285102
 122.9585062   0.1403470   0.1398787   0.1391832   0.1385127   0.1380568   0.1377827   0.1376140   0.1374895   0.1373647   0.1372110
 123.2512645   0.1482676   0.1465514   0.1455952   0.1450713   0.1448366   0.1447370   0.1446926   0.1446699   0.1446488   0.1446131
 123.5440229   0.1473748   0.1485798   0.1495165   0.1503689   0.1509985   0.1513980   0.1516083   0.1516819   0.1516658   0.1515958
 123.8367812   0.1596419   0.1624580   0.1621878   0.1612450   0.1602520   0.1594474   0.1588581   0.1584383   0.1581372   0.1579172
 124.1295396   0.1556793   0.1579591   0.1597720   0.1611047   0.1619669   0.1624970   0.1628112   0.1629958   0.1631128   0.1632015
 124.4222979   0.1665029   0.1691620   0.1686619   0.1681565   0.1679282   0.1679377   0.1681139   0.1683856   0.1686964   0.1690113
 124.7150563   0.1776103   0.1757973   0.1750359   0.1750069   0.1753219   0.1756857   0.1759981   0.1762698   0.1765248   0.1767699
 125.0078146   0.1869439   0.1879319   0.1876243   0.1869597   0.1865143   0.1862865   0.1861918   0.1861463   0.1860928   0.1860022
 125.3005730   0.1941489   0.1930041   0.1944786   0.1957435   0.1963019   0.1963367   0.1960497   0.1955716   0.1949797   0.1943207
 125.5933313   0.2090477   0.2086879   0.2071439   0.2054226   0.2038567   0.2024990   0.2012916   0.2001727   0.1991126   0.1981048
 125.8860896   0.1950704   0.1964326   0.1969689   0.1972810   0.1973454   0.1971867   0.1968806   0.1965047   0.1961119   0.1957286
 126.1788480   0.1874864   0.1871392   0.1871142   0.1873777   0.1878115   0.1883815   0.1890414   0.1897295   0.1903917   0.1909941
 126.4716063   0.1882297   0.1841187   0.1840185   0.1846215   0.1854733   0.1863842   0.1872737   0.1881165   0.1889064   0.1896411
 126.7643647   0.1976912   0.1951744   0.1943932   0.1938203   0.1933819   0.1930351   0.1927863   0.1926431   0.1926049   0.1926644
 127.0571230   0.2019423   0.1992921   0.1986317   0.1982998   0.1979916   0.1976513   0.1973191   0.1970345   0.1968165   0.1966701
 127.3498814   0.2005603   0.1989620   0.1982723   0.1983174   0.1986683   0.1990996   0.1994993   0.1998181   0.2000504   0.2002129
 127.6426397   0.2087003   0.2043780   0.2039860   0.2041487   0.2042277   0.2042374   0.2042480   0.2042939   0.2043769   0.2044804
 127.9353981   0.2079744   0.2099428   0.2102348   0.2099675   0.2097334   0.2095841   0.2095100   0.2094825   0.2094618   0.2094061
 128.2281564   0.2154494   0.2135245   0.2132281   0.2136696   0.2141204   0.2144728   0.2146245   0.2145084   0.2141190   0.2134909
 128.5209148   0.2194524   0.2219724   0.2227592   0.2225132   0.2214554   0.2198499   0.2179820   0.2160309   0.2140838   0.2121758
 128.8136731   0.2243418   0.2180226   0.2139378   0.2108208   0.2082509   0.2060519   0.2040777   0.2022387   0.2004946   0.1988308
 129.1064315   0.1657085   0.1670828   0.1686847   0.1704541   0.1721226   0.1734128   0.1742968   0.1748424   0.1751246   0.1752036
 129.3991898   0.1528291   0.1496283   0.1484649   0.1478506   0.1476885   0.1479301   0.1484983   0.1492739   0.1501353   0.1509890
 129.6919482   0.1291513   0.1267784   0.1268473   0.1275855   0.1284504   0.1292526   0.1299550   0.1305940   0.1312174   0.1318543
 129.9847065   0.1171822   0.1186968   0.1185617   0.1180463   0.1175397   0.1171472   0.1169087   0.1168174   0.1168524   0.1169961
 130.2774649   0.1032023   0.1025552   0.1026547   0.1029651   0.1031969   0.1033366   0.1034280   0.1035099   0.1036082   0.1037380
 130.5702232   0.0907510   0.0902965   0.0898009   0.0897431   0.0899685   0.0903118   0.0906716   0.0910091   0.0913173   0.0916015
 130.8629816   0.0776611   0.0810726   0.0813593   0.0811072   0.0809050   0.0808069   0.0808075   0.0808894   0.0810285   0.0812024
 131.1557399   0.0699900   0.0694095   0.0702479   0.0709734   0.0714247   0.0716982   0.0718579   0.0719495   0.0720093   0.0720638
 131.4484983   0.0650793   0.0648636   0.0649158   0.0645492   0.0641207   0.0637888   0.0635707   0.0634413   0.0633741   0.0633506
 131.7412566   0.0511527   0.0519178   0.0529218   0.0535022   0.0538898   0.0541599   0.0543510   0.0544945   0.0546104   0.0547078
 132.0340150   0.0461940   0.0465989   0.0462877   0.0460906   0.0460706   0.0461603   0.0462930   0.0464230   0.0465249   0.0465879
 132.3267733   0.0446629   0.0407563   0.0399714   0.0398286   0.0397185   0.0395523   0.0393408   0.0391025   0.0388519   0.0386006
 132.6195317   0.0327603   0.0324895   0.0318970   0.0315130   0.0311317   0.0306967   0.0302368   0.0297911   0.0293878   0.0290432
 132.9122900   0.0173620   0.0187169   0.0181565   0.0176234   0.0173492   0.0172571   0.0172800   0.0173768   0.0175226   0.0177022
 133.2050483   0.0000007   0.0002964   0.0012621   0.0023786   0.0034457   0.0044307   0.0053393   0.0061819   0.0069666   0.0076999
 133.4978067   0.0000000   0.0000000   0.0000003   0.0000144   0.0001001   0.0003092   0.0006446   0.0010808   0.0015880   0.0021406
 133.7905650   0.0000000   0.0000000   0.0000000   0.0000000   0.0000003   0.0000043   0.0000246   0.0000801   0.0001864   0.0003509
 134.0833234   0.0000000   0.0000000   0.0000000   0.0000000   0.0000000   0.0000000   0.0000003   0.0000023   0.0000105   0.0000322
 134.3760817   0.0000000   0.0000000   0.0000000   0.0000000   0.0000000   0.0000000   0.0000000   0.0000000   0.0000003   0.0000016
 134.6688401   0.0000000   0.0000000   0.0000000   0.0000000   0.0000000   0.0000000   0.0000000   0.0000000   0.0000000   0.0000000
 134.9615984   0.0000000   0.0000000   0.0000000   0.0000000   0.0000000   0.0000000   0.0000000   0.0000000   0.0000000   0.0000000
 135.2543568   0.0000000   0.0000000   0.0000000   0.0000000   0.0000000   0.0000000   0.0000000   0.0000000   0.0000000   0.0000000
 135.5471151   0.0000000   0.0000000   0.0000000   0.0000000   0.0000000   0.0000000   0.0000000   0.0000000   0.0000000   0.0000000
 135.8398735   0.0000000   0.0000000   0.0000000   0.0000000   0.0000000   0.0000000   0.0000000   0.0000000   0.0000000   0.0000000
 136.1326318   0.0000000   0.0000000   0.0000000   0.0000000   0.0000000   0.0000000   0.0000000   0.0000000   0.0000000   0.0000000
 136.4253902   0.0000000   0.0000000   0.0000000   0.0000000   0.0000000   0.0000000   0.0000000   0.0000000   0.0000000   0.0000000
 136.7181485   0.0000000   0.0000000   0.0000000   0.0000000   0.0000000   0.0000000   0.0000000   0.0000000   0.0000000   0.0000000
 137.0109069   0.0000000   0.0000000   0.0000000   0.0000000   0.0000000   0.0000000   0.0000000   0.0000000   0.0000000   0.0000000
 137.3036652   0.0000000   0.0000000   0.0000000   0.0000000   0.0000000   0.0000000   0.0000000   0.0000000   0.0000000   0.0000000
 137.5964236   0.0000000   0.0000000   0.0000000   0.0000000   0.0000000   0.0000000   0.0000000   0.0000000   0.0000000   0.0000000
 137.8891819   0.0000000   0.0000000   0.0000000   0.0000000   0.0000000   0.0000000   0.0000000   0.0000000   0.0000000   0.0000000
 138.1819403   0.0000000   0.0000000   0.0000000   0.0000000   0.0000000   0.0000000   0.0000000   0.0000000   0.0000000   0.0000000
 138.4746986   0.0000000   0.0000000   0.0000000   0.0000000   0.0000000   0.0000000   0.0000000   0.0000000   0.0000000   0.0000000
 138.7674570   0.0000000   0.0000000   0.0000000   0.0000000   0.0000000   0.0000000   0.0000000   0.0000000   0.0000000   0.0000000
 139.0602153   0.0000000   0.0000000   0.0000000   0.0000000   0.0000000   0.0000000   0.0000000   0.0000000   0.0000000   0.0000000
 139.3529737   0.0000000   0.0000000   0.0000000   0.0000000   0.0000000   0.0000000   0.0000000   0.0000000   0.0000000   0.0000000
 139.6457320   0.0000000   0.0000000   0.0000000   0.0000000   0.0000000   0.0000000   0.0000000   0.0000000   0.0000000   0.0000000
 139.9384904   0.0000000   0.0000000   0.0000000   0.0000000   0.0000000   0.0000000   0.0000000   0.0000000   0.0000000   0.0000000
 140.2312487   0.0000000   0.0000000   0.0000000   0.0000000   0.0000000   0.0000000   0.0000000   0.0000000   0.0000000   0.0000000
 140.5240070   0.0000000   0.0000000   0.0000000   0.0000000   0.0000000   0.0000000   0.0000000   0.0000000   0.0000000   0.0000000
 140.8167654   0.0000000   0.0000000   0.0000000   0.0000000   0.0000000   0.0000000   0.0000000   0.0000000   0.0000000   0.0000000
 141.1095237   0.0000000   0.0000000   0.0000000   0.0000000   0.0000000   0.0000000   0.0000000   0.0000000   0.0000000   0.0000000
 141.4022821   0.0000000   0.0000000   0.0000000   0.0000000   0.0000000   0.0000000   0.0000000   0.0000000   0.0000000   0.0000000
 141.6950404   0.0000000   0.0000000   0.0000000   0.0000000   0.0000000   0.0000000   0.0000000   0.0000000   0.0000000   0.0000000
 141.9877988   0.0000000   0.0000000   0.0000000   0.0000000   0.0000000   0.0000000   0.0000000   0.0000000   0.0000000   0.0000000
 142.2805571   0.0000000   0.0000000   0.0000000   0.0000000   0.0000000   0.0000000   0.0000000   0.0000000   0.0000000   0.0000000
 142.5733155   0.0000000   0.0000000   0.0000000   0.0000000   0.0000000   0.0000000   0.0000000   0.0000000   0.0000000   0.0000000
 142.8660738   0.0000000   0.0000000   0.0000000   0.0000000   0.0000000   0.0000000   0.0000000   0.0000000   0.0000000   0.0000000
 143.1588322   0.0000000   0.0000000   0.0000000   0.0000000   0.0000000   0.0000000   0.0000000   0.0000000   0.0000000   0.0000000
 143.4515905   0.0000000   0.0000000   0.0000000   0.0000000   0.0000000   0.0000000   0.0000000   0.0000000   0.0000000   0.0000000
 143.7443489   0.0000000   0.0000000   0.0000000   0.0000000   0.0000000   0.0000000   0.0000000   0.0000000   0.0000000   0.0000000
 144.0371072   0.0000000   0.0000000   0.0000000   0.0000000   0.0000000   0.0000000   0.0000000   0.0000000   0.0000000   0.0000000
 144.3298656   0.0000000   0.0000000   0.0000000   0.0000000   0.0000000   0.0000000   0.0000000   0.0000000   0.0000000   0.0000000
 144.6226239   0.0000000   0.0000000   0.0000000   0.0000000   0.0000000   0.0000000   0.0000000   0.0000000   0.0000000   0.0000000
 144.9153823   0.0000000   0.0000000   0.0000000   0.0000000   0.0000000   0.0000000   0.0000000   0.0000000   0.0000000   0.0000000
 145.2081406   0.0000000   0.0000000   0.0000000   0.0000000   0.0000000   0.0000000   0.0000000   0.0000000   0.0000000   0.0000000
 145.5008990   0.0000000   0.0000000   0.0000000   0.0000000   0.0000000   0.0000000   0.0000000   0.0000000   0.0000000   0.0000000
 145.7936573   0.0000000   0.0000000   0.0000000   0.0000000   0.0000000   0.0000000   0.0000000   0.0000000   0.0000000   0.0000000
 146.0864157   0.0000000   0.0000000   0.0000000   0.0000000   0.0000000   0.0000000   0.0000000   0.0000000   0.0000000   0.0000000
 146.3791740   0.0000000   0.0000000   0.0000000   0.0000000   0.0000000   0.0000000   0.0000000   0.0000000   0.0000000   0.0000000
