   0.2927583   0.0000000   0.0000000   0.0000000   0.0000001   0.0000008   0.0000046   0.0000154   0.0000354   0.0000644   0.0001010
   0.5855167   0.0000000   0.0000010   0.0000053   0.0000292   0.0000800   0.0001509   0.0002311   0.0003127   0.0003912   0.0004647
   0.8782750   0.0006698   0.0007269   0.0008413   0.0009667   0.0010505   0.0011123   0.0011622   0.0012030   0.0012366   0.0012649
   1.1710334   0.0024334   0.0025951   0.0027025   0.0027062   0.0026277   0.0025252   0.0024297   0.0023480   0.0022786   0.0022184
   1.4637917   0.0029973   0.0030305   0.0030176   0.0030377   0.0030537   0.0030469   0.0030156   0.0029646   0.0029001   0.0028280
   1.7565501   0.0042783   0.0039526   0.0035827   0.0033486   0.0032319   0.0031625   0.0031063   0.0030533   0.0030012   0.0029497
   2.0493084   0.0032593   0.0030748   0.0028907   0.0028028   0.0027663   0.0027461   0.0027350   0.0027325   0.0027361   0.0027425
   2.3420668   0.0017141   0.0017682   0.0018605   0.0019917   0.0021323   0.0022583   0.0023635   0.0024491   0.0025190   0.0025784
   2.6348251   0.0032084   0.0030587   0.0029779   0.0028715   0.0027820   0.0027241   0.0026957   0.0026929   0.0027150   0.0027634
   2.9275835   0.0023178   0.0025735   0.0028151   0.0029344   0.0029894   0.0030220   0.0030678   0.0031499   0.0032792   0.0034577
   3.2203418   0.0034669   0.0032771   0.0032615   0.0033363   0.0035583   0.0038831   0.0042715   0.0047039   0.0051604   0.0056219
   3.5131002   0.0036652   0.0068939   0.0076250   0.0078663   0.0082733   0.0088176   0.0093782   0.0098883   0.0103328   0.0107190
   3.8058585   0.0176905   0.0178626   0.0189203   0.0195927   0.0195385   0.0191923   0.0188047   0.0184681   0.0182025   0.0180047
   4.0986169   0.0185402   0.0246235   0.0264078   0.0264750   0.0261829   0.0258236   0.0254459   0.0250709   0.0247239   0.0244255
   4.3913752   0.0256534   0.0284732   0.0289216   0.0287167   0.0286075   0.0286677   0.0288150   0.0289910   0.0291652   0.0293205
   4.6841336   0.0268356   0.0290054   0.0305323   0.0316938   0.0325233   0.0331934   0.0337713   0.0342734   0.0346949   0.0350301
   4.9768919   0.0391280   0.0422504   0.0433513   0.0434125   0.0432773   0.0431239   0.0429483   0.0427467   0.0425338   0.0423245
   5.2696503   0.0570544   0.0544888   0.0539669   0.0532360   0.0522156   0.0511888   0.0502890   0.0495306   0.0488869   0.0483265
   5.5624086   0.0480686   0.0471440   0.0479023   0.0491994   0.0502698   0.0509617   0.0513184   0.0514144   0.0513225   0.0511033
   5.8551670   0.0640634   0.0599562   0.0567966   0.0548471   0.0536884   0.0529990   0.0525761   0.0522967   0.0520830   0.0518860
   6.1479253   0.0482093   0.0504691   0.0509475   0.0512805   0.0515623   0.0516823   0.0516677   0.0515780   0.0514534   0.0513131
   6.4406837   0.0478491   0.0494733   0.0495161   0.0496021   0.0496995   0.0497750   0.0498214   0.0498340   0.0498122   0.0497622
   6.7334420   0.0517214   0.0503387   0.0496043   0.0489696   0.0485069   0.0481977   0.0479932   0.0478633   0.0477887   0.0477515
   7.0262004   0.0402988   0.0418885   0.0434114   0.0441932   0.0446445   0.0449589   0.0451987   0.0453872   0.0455349   0.0456476
   7.3189587   0.0391918   0.0415428   0.0430399   0.0435476   0.0437321   0.0438460   0.0439414   0.0440129   0.0440529   0.0440610
   7.6117170   0.0455888   0.0445661   0.0444588   0.0442919   0.0439751   0.0436064   0.0432406   0.0429020   0.0425990   0.0423321
   7.9044754   0.0425134   0.0413240   0.0405447   0.0401772   0.0399801   0.0398179   0.0396458   0.0394622   0.0392772   0.0391009
   8.1972337   0.0351141   0.0349687   0.0343190   0.0340993   0.0341325   0.0342586   0.0344115   0.0345653   0.0347080   0.0348346
   8.4899921   0.0289135   0.0293977   0.0294488   0.0297014   0.0299914   0.0302601   0.0305170   0.0307722   0.0310254   0.0312717
   8.7827504   0.0291741   0.0292564   0.0289249   0.0287794   0.0287489   0.0287868   0.0288671   0.0289718   0.0290909   0.0292192
   9.0755088   0.0298791   0.0282757   0.0282284   0.0282750   0.0282800   0.0282455   0.0281896   0.0281298   0.0280791   0.0280451
   9.3682671   0.0276594   0.0273135   0.0274326   0.0273579   0.0272227   0.0270946   0.0269900   0.0269066   0.0268402   0.0267885
   9.6610255   0.0246647   0.0241291   0.0244058   0.0246869   0.0248765   0.0250080   0.0251076   0.0251856   0.0252460   0.0252919
   9.9537838   0.0239016   0.0241057   0.0238192   0.0237321   0.0237527   0.0238043   0.0238599   0.0239139   0.0239656   0.0240143
  10.2465422   0.0251327   0.0243650   0.0238882   0.0234946   0.0232677   0.0231478   0.0230822   0.0230459   0.0230293   0.0230280
  10.5393005   0.0198136   0.0205629   0.0212578   0.0216822   0.0219006   0.0220016   0.0220487   0.0220761   0.0220976   0.0221183
  10.8320589   0.0201231   0.0211107   0.0212406   0.0211973   0.0211694   0.0211845   0.0212241   0.0212700   0.0213129   0.0213499
  11.1248172   0.0202079   0.0208330   0.0209234   0.0208752   0.0208384   0.0208210   0.0208076   0.0207948   0.0207860   0.0207843
  11.4175756   0.0195216   0.0198955   0.0202349   0.0203640   0.0203676   0.0203239   0.0202811   0.0202574   0.0202536   0.0202652
  11.7103339   0.0198795   0.0192929   0.0191415   0.0191946   0.0193172   0.0194631   0.0196026   0.0197212   0.0198176   0.0198960
  12.0030923   0.0210349   0.0202530   0.0200254   0.0199702   0.0199383   0.0199156   0.0199059   0.0199093   0.0199237   0.0199473
  12.2958506   0.0198447   0.0203151   0.0203886   0.0204045   0.0203838   0.0203300   0.0202719   0.0202284   0.0202059   0.0202043
  12.5886090   0.0227521   0.0210070   0.0203134   0.0201060   0.0201131   0.0201989   0.0203041   0.0204056   0.0204960   0.0205738
  12.8813673   0.0221038   0.0213649   0.0210085   0.0209739   0.0210413   0.0211270   0.0212079   0.0212764   0.0213288   0.0213634
  13.1741257   0.0227022   0.0228378   0.0229576   0.0229949   0.0229351   0.0228171   0.0226774   0.0225335   0.0223916   0.0222537
  13.4668840   0.0228200   0.0236834   0.0236732   0.0234771   0.0232757   0.0230794   0.0228798   0.0226769   0.0224756   0.0222805
  13.7596424   0.0211983   0.0214346   0.0215018   0.0214625   0.0213978   0.0213422   0.0212919   0.0212379   0.0211756   0.0211044
  14.0524007   0.0162937   0.0175764   0.0182950   0.0187171   0.0189613   0.0191103   0.0192128   0.0192929   0.0193603   0.0194187
  14.3451591   0.0192218   0.0184453   0.0181565   0.0179207   0.0177938   0.0177624   0.0177931   0.0178616   0.0179527   0.0180566
  14.6379174   0.0177945   0.0166073   0.0165097   0.0166211   0.0167752   0.0169238   0.0170571   0.0171800   0.0172969   0.0174092
  14.9306757   0.0169610   0.0172400   0.0173037   0.0173113   0.0173199   0.0173473   0.0173808   0.0174107   0.0174368   0.0174644
  15.2234341   0.0160679   0.0176307   0.0182415   0.0183583   0.0182608   0.0181012   0.0179521   0.0178414   0.0177742   0.0177457
  15.5161924   0.0158816   0.0167374   0.0170253   0.0171910   0.0173405   0.0175019   0.0176634   0.0178121   0.0179439   0.0180617
  15.8089508   0.0167609   0.0178963   0.0180301   0.0181183   0.0182911   0.0184734   0.0186398   0.0187937   0.0189397   0.0190800
  16.1017091   0.0243246   0.0231666   0.0220964   0.0215093   0.0211929   0.0210255   0.0209420   0.0209150   0.0209300   0.0209746
  16.3944675   0.0215404   0.0217592   0.0223003   0.0226683   0.0228824   0.0230286   0.0231395   0.0232171   0.0232649   0.0232917
  16.6872258   0.0239476   0.0240602   0.0250312   0.0257052   0.0259683   0.0259939   0.0259317   0.0258490   0.0257713   0.0257111
  16.9799842   0.0338703   0.0318783   0.0300026   0.0289861   0.0284586   0.0281581   0.0279780   0.0278828   0.0278640   0.0279194
  17.2727425   0.0319936   0.0301862   0.0286939   0.0283046   0.0285288   0.0289351   0.0293920   0.0298886   0.0304190   0.0309608
  17.5655009   0.0350774   0.0337598   0.0330079   0.0330622   0.0335953   0.0343942   0.0352829   0.0361273   0.0368461   0.0374028
  17.8582592   0.0418220   0.0438934   0.0464684   0.0481232   0.0487433   0.0487452   0.0483887   0.0478083   0.0470894   0.0462923
  18.1510176   0.0629856   0.0652891   0.0654774   0.0636015   0.0610264   0.0583808   0.0558942   0.0536271   0.0515851   0.0497561
  18.4437759   0.0458976   0.0440688   0.0440202   0.0441309   0.0442364   0.0442341   0.0440554   0.0437110   0.0432449   0.0427026
  18.7365343   0.0229386   0.0241575   0.0246064   0.0252639   0.0263159   0.0275446   0.0287829   0.0299420   0.0309735   0.0318549
  19.0292926   0.0223798   0.0222613   0.0224804   0.0225242   0.0226504   0.0229556   0.0234423   0.0240853   0.0248434   0.0256678
  19.3220510   0.0185631   0.0208008   0.0224465   0.0232709   0.0236681   0.0239189   0.0241392   0.0243739   0.0246474   0.0249738
  19.6148093   0.0236597   0.0259909   0.0268191   0.0271116   0.0271243   0.0270494   0.0269637   0.0268869   0.0268255   0.0267871
  19.9075677   0.0322025   0.0310502   0.0303271   0.0298488   0.0295650   0.0293479   0.0291423   0.0289411   0.0287501   0.0285761
  20.2003260   0.0339785   0.0317743   0.0304890   0.0298924   0.0296939   0.0296197   0.0295653   0.0295085   0.0294497   0.0293953
  20.4930844   0.0317478   0.0298267   0.0292544   0.0291560   0.0292422   0.0293579   0.0294767   0.0296094   0.0297652   0.0299458
  20.7858427   0.0302176   0.0299844   0.0299171   0.0299786   0.0300906   0.0302987   0.0306033   0.0309777   0.0313902   0.0318146
  21.0786011   0.0269740   0.0303063   0.0321315   0.0332159   0.0339823   0.0346247   0.0351790   0.0356473   0.0360481   0.0364078
  21.3713594   0.0408869   0.0433763   0.0446255   0.0448543   0.0445440   0.0440696   0.0436526   0.0433743   0.0432321   0.0431923
  21.6641178   0.0551871   0.0521732   0.0506371   0.0498293   0.0497091   0.0498784   0.0500722   0.0501936   0.0502265   0.0501824
  21.9568761   0.0585217   0.0587183   0.0577903   0.0574668   0.0574265   0.0574195   0.0573286   0.0571294   0.0568361   0.0564756
  22.2496344   0.0611116   0.0643079   0.0654999   0.0654723   0.0646796   0.0636088   0.0625484   0.0616089   0.0608154   0.0601668
  22.5423928   0.0570277   0.0575870   0.0585783   0.0590891   0.0594010   0.0596561   0.0598703   0.0600706   0.0603048   0.0606163
  22.8351511   0.0579873   0.0555496   0.0557504   0.0561089   0.0567050   0.0576707   0.0589490   0.0604470   0.0620847   0.0637897
  23.1279095   0.0568365   0.0588218   0.0619176   0.0648552   0.0672601   0.0694756   0.0717047   0.0739293   0.0760726   0.0780682
  23.4206678   0.1073970   0.1023530   0.1005101   0.1015113   0.1027212   0.1035151   0.1039580   0.1041489   0.1041424   0.1039724
  23.7134262   0.1862458   0.1689720   0.1565225   0.1490856   0.1444123   0.1407083   0.1372979   0.1340184   0.1308539   0.1278191
  24.0061845   0.1721676   0.1596867   0.1531821   0.1495710   0.1471907   0.1447943   0.1420841   0.1391333   0.1360628   0.1329707
  24.2989429   0.1173674   0.1195508   0.1202680   0.1207138   0.1208617   0.1207228   0.1203938   0.1198979   0.1192264   0.1183784
  24.5917012   0.0854918   0.0863552   0.0884659   0.0902422   0.0915312   0.0927069   0.0939041   0.0950869   0.0961883   0.0971517
  24.8844596   0.0679376   0.0714319   0.0730871   0.0744495   0.0755808   0.0766534   0.0777267   0.0788063   0.0798883   0.0809586
  25.1772179   0.0755130   0.0744388   0.0732610   0.0723386   0.0716836   0.0712611   0.0710620   0.0710562   0.0712053   0.0714750
  25.4699763   0.0749770   0.0663260   0.0642589   0.0642096   0.0645621   0.0647901   0.0648199   0.0647151   0.0645520   0.0643892
  25.7627346   0.0687278   0.0650334   0.0617441   0.0597351   0.0585764   0.0578560   0.0573719   0.0570188   0.0567404   0.0565112
  26.0554930   0.0436189   0.0437738   0.0446856   0.0457198   0.0464490   0.0468624   0.0470911   0.0472323   0.0473373   0.0474308
  26.3482513   0.0393825   0.0376221   0.0372608   0.0372597   0.0373773   0.0375915   0.0378866   0.0382293   0.0385915   0.0389577
  26.6410097   0.0333653   0.0324509   0.0316677   0.0313352   0.0313463   0.0315271   0.0317896   0.0321036   0.0324572   0.0328375
  26.9337680   0.0286538   0.0272793   0.0273689   0.0277255   0.0280389   0.0283150   0.0285763   0.0288245   0.0290568   0.0292751
  27.2265264   0.0255801   0.0266046   0.0273049   0.0276440   0.0277185   0.0276458   0.0275077   0.0273492   0.0271981   0.0270718
  27.5192847   0.0283601   0.0282523   0.0274323   0.0266392   0.0259723   0.0254390   0.0250218   0.0247018   0.0244626   0.0242905
  27.8120431   0.0171848   0.0178053   0.0180597   0.0185045   0.0190436   0.0195461   0.0199611   0.0202927   0.0205611   0.0207858
  28.1048014   0.0172731   0.0172133   0.0172377   0.0171945   0.0172331   0.0173782   0.0176130   0.0179047   0.0182210   0.0185385
  28.3975598   0.0172834   0.0168266   0.0172031   0.0175363   0.0177377   0.0178593   0.0179492   0.0180385   0.0181430   0.0182678
  28.6903181   0.0194503   0.0197860   0.0196650   0.0194493   0.0192827   0.0191705   0.0190895   0.0190249   0.0189730   0.0189355
  28.9830765   0.0188228   0.0196632   0.0198639   0.0198802   0.0198367   0.0197701   0.0196959   0.0196217   0.0195485   0.0194746
  29.2758348   0.0201991   0.0191268   0.0192729   0.0194511   0.0195549   0.0196232   0.0196543   0.0196432   0.0195966   0.0195277
  29.5685931   0.0177140   0.0191918   0.0199041   0.0199886   0.0198300   0.0196099   0.0194041   0.0192426   0.0191332   0.0190731
  29.8613515   0.0158019   0.0169421   0.0174315   0.0175291   0.0175834   0.0176986   0.0178647   0.0180643   0.0182873   0.0185233
  30.1541098   0.0139603   0.0147191   0.0157276   0.0164555   0.0170413   0.0176035   0.0181582   0.0186784   0.0191350   0.0195133
  30.4468682   0.0196124   0.0215043   0.0221755   0.0225702   0.0228378   0.0229440   0.0229077   0.0227800   0.0226054   0.0224129
  30.7396265   0.0357143   0.0349736   0.0326150   0.0304379   0.0287434   0.0274170   0.0263400   0.0254437   0.0246897   0.0240527
  31.0323849   0.0191809   0.0187242   0.0196490   0.0208131   0.0216283   0.0220947   0.0223174   0.0223810   0.0223415   0.0222368
  31.3251432   0.0173688   0.0173788   0.0174411   0.0176260   0.0178486   0.0181463   0.0184990   0.0188581   0.0191891   0.0194784
  31.6179016   0.0187922   0.0183558   0.0182870   0.0181034   0.0179372   0.0178346   0.0178143   0.0178885   0.0180580   0.0183115
  31.9106599   0.0166042   0.0162836   0.0167200   0.0170453   0.0173660   0.0176933   0.0180362   0.0184070   0.0188101   0.0192426
  32.2034183   0.0200693   0.0199333   0.0200176   0.0201819   0.0205388   0.0210413   0.0216008   0.0221545   0.0226702   0.0231367
  32.4961766   0.0257916   0.0282517   0.0293218   0.0297980   0.0299922   0.0300269   0.0299783   0.0298960   0.0298071   0.0297236
  32.7889350   0.0429795   0.0414138   0.0407440   0.0399548   0.0390997   0.0382960   0.0375769   0.0369346   0.0363552   0.0358282
  33.0816933   0.0396250   0.0389090   0.0390932   0.0394526   0.0397094   0.0397944   0.0397146   0.0395032   0.0391962   0.0388240
  33.3744517   0.0410226   0.0416175   0.0410011   0.0404621   0.0401053   0.0398642   0.0396805   0.0395113   0.0393278   0.0391155
  33.6672100   0.0379964   0.0381800   0.0382548   0.0383047   0.0383141   0.0382642   0.0381644   0.0380420   0.0379197   0.0378079
  33.9599684   0.0343755   0.0353882   0.0356721   0.0356484   0.0355566   0.0355115   0.0355367   0.0356164   0.0357271   0.0358488
  34.2527267   0.0297243   0.0304505   0.0313914   0.0321629   0.0327751   0.0332918   0.0337332   0.0341048   0.0344114   0.0346602
  34.5454851   0.0353258   0.0355319   0.0356713   0.0354811   0.0352949   0.0351463   0.0350188   0.0349070   0.0348152   0.0347497
  34.8382434   0.0378846   0.0379849   0.0374345   0.0368764   0.0363201   0.0358027   0.0353617   0.0350188   0.0347762   0.0346224
  35.1310018   0.0305957   0.0307062   0.0308788   0.0313635   0.0319228   0.0324655   0.0329576   0.0333778   0.0337227   0.0340037
  35.4237601   0.0343141   0.0330457   0.0327161   0.0329983   0.0333913   0.0337416   0.0340480   0.0343336   0.0346120   0.0348866
  35.7165185   0.0467445   0.0426701   0.0405727   0.0392732   0.0384393   0.0379157   0.0376144   0.0374760   0.0374544   0.0375118
  36.0092768   0.0343674   0.0361857   0.0373488   0.0383896   0.0392639   0.0399076   0.0403444   0.0406213   0.0407771   0.0408409
  36.3020352   0.0457359   0.0470660   0.0468389   0.0463099   0.0458267   0.0454513   0.0451306   0.0448134   0.0444718   0.0440961
  36.5947935   0.0435622   0.0483108   0.0494515   0.0493293   0.0487162   0.0479325   0.0470997   0.0462671   0.0454580   0.0446841
  36.8875518   0.0377157   0.0403424   0.0415967   0.0421539   0.0422462   0.0420819   0.0417750   0.0413887   0.0409633   0.0405290
  37.1803102   0.0357396   0.0347507   0.0336717   0.0330188   0.0327430   0.0327407   0.0328870   0.0331062   0.0333662   0.0336566
  37.4730685   0.0206108   0.0218668   0.0227985   0.0237050   0.0245151   0.0252800   0.0260704   0.0269294   0.0278641   0.0288591
  37.7658269   0.0217044   0.0226151   0.0234518   0.0240934   0.0248817   0.0258710   0.0270117   0.0282401   0.0295061   0.0307774
  38.0585852   0.0331458   0.0352147   0.0362379   0.0369187   0.0375972   0.0382764   0.0389333   0.0395734   0.0402078   0.0408390
  38.3513436   0.0620132   0.0600282   0.0593311   0.0586427   0.0578335   0.0570886   0.0564523   0.0559007   0.0554046   0.0549441
  38.6441019   0.0659177   0.0679882   0.0695631   0.0703496   0.0704358   0.0700288   0.0693125   0.0683982   0.0673527   0.0662200
  38.9368603   0.0857117   0.0811162   0.0788470   0.0772370   0.0759778   0.0748391   0.0736887   0.0724664   0.0711541   0.0697570
  39.2296186   0.0744682   0.0726707   0.0708410   0.0696955   0.0688788   0.0680439   0.0670945   0.0660452   0.0649246   0.0637531
  39.5223770   0.0550096   0.0530843   0.0523395   0.0519254   0.0516335   0.0513496   0.0510379   0.0506896   0.0503044   0.0498870
  39.8151353   0.0285276   0.0290837   0.0299971   0.0306240   0.0310500   0.0314246   0.0318180   0.0322404   0.0326818   0.0331274
  40.1078937   0.0107451   0.0119250   0.0130554   0.0139431   0.0147254   0.0155276   0.0163868   0.0172962   0.0182381   0.0191930
  40.4006520   0.0076126   0.0071170   0.0071319   0.0073716   0.0078035   0.0083888   0.0090735   0.0098204   0.0106089   0.0114265
  40.6934104   0.0082629   0.0081022   0.0081240   0.0081954   0.0082776   0.0083612   0.0084671   0.0086189   0.0088303   0.0091067
  40.9861687   0.0111062   0.0107421   0.0103686   0.0100303   0.0097563   0.0095255   0.0093325   0.0091814   0.0090796   0.0090341
  41.2789271   0.0094336   0.0088856   0.0087674   0.0088161   0.0088807   0.0089366   0.0089832   0.0090222   0.0090556   0.0090875
  41.5716854   0.0068667   0.0078838   0.0081231   0.0083424   0.0085681   0.0087745   0.0089574   0.0091175   0.0092570   0.0093789
  41.8644438   0.0116339   0.0113137   0.0108672   0.0105906   0.0104247   0.0103267   0.0102818   0.0102797   0.0103103   0.0103639
  42.1572021   0.0136431   0.0118447   0.0114239   0.0114641   0.0115594   0.0116364   0.0116916   0.0117323   0.0117657   0.0117972
  42.4499605   0.0132513   0.0135034   0.0133953   0.0133891   0.0133983   0.0134136   0.0134284   0.0134380   0.0134437   0.0134496
  42.7427188   0.0137754   0.0148003   0.0154432   0.0155182   0.0154305   0.0153208   0.0152346   0.0151823   0.0151637   0.0151748
  43.0354772   0.0161957   0.0152627   0.0157415   0.0160850   0.0163234   0.0165076   0.0166725   0.0168332   0.0169902   0.0171405
  43.3282355   0.0206263   0.0200990   0.0193275   0.0190148   0.0190837   0.0192948   0.0195189   0.0197149   0.0198806   0.0200239
  43.6209939   0.0300229   0.0266854   0.0254532   0.0248925   0.0245260   0.0242258   0.0240002   0.0238551   0.0237722   0.0237256
  43.9137522   0.0294337   0.0271467   0.0265269   0.0266943   0.0270119   0.0272708   0.0274117   0.0274346   0.0273642   0.0272310
  44.2065106   0.0319135   0.0325694   0.0326989   0.0322426   0.0316945   0.0311839   0.0307275   0.0303194   0.0299508   0.0296124
  44.4992689   0.0275934   0.0291236   0.0306232   0.0310421   0.0309924   0.0307962   0.0305741   0.0303596   0.0301542   0.0299504
  44.7920272   0.0229833   0.0256466   0.0264188   0.0271423   0.0277293   0.0282082   0.0285663   0.0287952   0.0289078   0.0289281
  45.0847856   0.0309805   0.0312779   0.0304187   0.0297164   0.0291266   0.0286288   0.0282335   0.0279382   0.0277222   0.0275594
  45.3775439   0.0266684   0.0264880   0.0258677   0.0256017   0.0255653   0.0255759   0.0255558   0.0254990   0.0254245   0.0253509
  45.6703023   0.0222895   0.0216943   0.0217536   0.0218806   0.0220075   0.0221416   0.0222924   0.0224515   0.0226045   0.0227420
  45.9630606   0.0193238   0.0189484   0.0194036   0.0198052   0.0200728   0.0202700   0.0204383   0.0205954   0.0207484   0.0208970
  46.2558190   0.0208628   0.0205882   0.0204587   0.0202620   0.0200923   0.0199905   0.0199480   0.0199410   0.0199474   0.0199515
  46.5485773   0.0180357   0.0186054   0.0190015   0.0192552   0.0194239   0.0194971   0.0194682   0.0193519   0.0191728   0.0189556
  46.8413357   0.0206907   0.0201848   0.0199645   0.0194789   0.0188895   0.0183016   0.0177543   0.0172592   0.0168170   0.0164246
  47.1340940   0.0111713   0.0115722   0.0118791   0.0119525   0.0119390   0.0118892   0.0118270   0.0117656   0.0117106   0.0116634
  47.4268524   0.0032649   0.0031981   0.0033859   0.0037795   0.0042921   0.0048414   0.0053699   0.0058503   0.0062751   0.0066469
  47.7196107   0.0033533   0.0031196   0.0029301   0.0028401   0.0028194   0.0028704   0.0029972   0.0031927   0.0034398   0.0037192
  48.0123691   0.0020514   0.0021784   0.0022674   0.0023569   0.0024239   0.0024718   0.0025126   0.0025596   0.0026242   0.0027140
  48.3051274   0.0023509   0.0024991   0.0025091   0.0024956   0.0024812   0.0024717   0.0024673   0.0024673   0.0024721   0.0024843
  48.5978858   0.0026902   0.0025696   0.0025321   0.0024973   0.0024690   0.0024478   0.0024319   0.0024205   0.0024130   0.0024093
  48.8906441   0.0019021   0.0020827   0.0021605   0.0022164   0.0022576   0.0022866   0.0023070   0.0023212   0.0023309   0.0023373
  49.1834025   0.0025820   0.0024280   0.0023573   0.0023245   0.0023063   0.0022970   0.0022929   0.0022915   0.0022915   0.0022920
  49.4761608   0.0023173   0.0023273   0.0023159   0.0023047   0.0022937   0.0022828   0.0022726   0.0022636   0.0022562   0.0022502
  49.7689192   0.0019377   0.0020534   0.0021113   0.0021420   0.0021607   0.0021715   0.0021772   0.0021796   0.0021797   0.0021786
  50.0616775   0.0021932   0.0021863   0.0021552   0.0021275   0.0021090   0.0020992   0.0020949   0.0020936   0.0020937   0.0020943
  50.3544359   0.0018777   0.0019199   0.0019551   0.0019782   0.0019931   0.0020019   0.0020070   0.0020101   0.0020122   0.0020137
  50.6471942   0.0019251   0.0019588   0.0019551   0.0019496   0.0019456   0.0019435   0.0019426   0.0019418   0.0019404   0.0019382
  50.9399526   0.0019686   0.0019174   0.0018996   0.0018918   0.0018858   0.0018790   0.0018706   0.0018614   0.0018522   0.0018435
  51.2327109   0.0017586   0.0017679   0.0017628   0.0017511   0.0017382   0.0017261   0.0017161   0.0017085   0.0017026   0.0016976
  51.5254693   0.0014483   0.0014186   0.0014286   0.0014466   0.0014659   0.0014844   0.0015003   0.0015119   0.0015187   0.0015204
  51.8182276   0.0013425   0.0013779   0.0013871   0.0013892   0.0013898   0.0013854   0.0013751   0.0013603   0.0013427   0.0013241
  52.1109859   0.0014958   0.0014279   0.0013667   0.0012944   0.0012233   0.0011609   0.0011090   0.0010669   0.0010334   0.0010069
  52.4037443   0.0000853   0.0001927   0.0002887   0.0003654   0.0004227   0.0004655   0.0004977   0.0005225   0.0005420   0.0005579
  52.6965026   0.0000000   0.0000000   0.0000006   0.0000067   0.0000240   0.0000522   0.0000869   0.0001239   0.0001605   0.0001952
  52.9892610   0.0000000   0.0000000   0.0000000   0.0000000   0.0000001   0.0000012   0.0000049   0.0000124   0.0000242   0.0000397
  53.2820193   0.0000000   0.0000000   0.0000000   0.0000000   0.0000000   0.0000000   0.0000001   0.0000005   0.0000017   0.0000045
  53.5747777   0.0000000   0.0000000   0.0000000   0.0000000   0.0000000   0.0000000   0.0000000   0.0000000   0.0000001   0.0000003
  53.8675360   0.0000000   0.0000000   0.0000000   0.0000000   0.0000000   0.0000000   0.0000000   0.0000000   0.0000001   0.0000006
  54.1602944   0.0000000   0.0000000   0.0000000   0.0000000   0.0000000   0.0000000   0.0000002   0.0000010   0.0000035   0.0000092
  54.4530527   0.0000000   0.0000000   0.0000000   0.0000000   0.0000003   0.0000026   0.0000097   0.0000248   0.0000500   0.0000859
  54.7458111   0.0000000   0.0000000   0.0000019   0.0000147   0.0000476   0.0001021   0.0001753   0.0002636   0.0003623   0.0004663
  55.0385694   0.0002629   0.0003796   0.0005350   0.0006895   0.0008433   0.0009998   0.0011532   0.0012953   0.0014205   0.0015269
  55.3313278   0.0030979   0.0032197   0.0033245   0.0033899   0.0034085   0.0033891   0.0033445   0.0032854   0.0032191   0.0031496
  55.6240861   0.0068621   0.0066394   0.0062590   0.0058843   0.0055504   0.0052536   0.0049863   0.0047431   0.0045202   0.0043145
  55.9168445   0.0041837   0.0042919   0.0043888   0.0044931   0.0045631   0.0045810   0.0045486   0.0044753   0.0043716   0.0042474
  56.2096028   0.0036935   0.0035506   0.0034996   0.0034612   0.0034224   0.0033911   0.0033674   0.0033456   0.0033196   0.0032858
  56.5023612   0.0018474   0.0019749   0.0019974   0.0019965   0.0019929   0.0019908   0.0019934   0.0020029   0.0020193   0.0020405
  56.7951195   0.0004123   0.0004046   0.0004337   0.0004893   0.0005618   0.0006416   0.0007220   0.0008001   0.0008748   0.0009464
  57.0878779   0.0000000   0.0000002   0.0000050   0.0000210   0.0000479   0.0000841   0.0001288   0.0001806   0.0002379   0.0002986
  57.3806362   0.0000000   0.0000000   0.0000000   0.0000000   0.0000006   0.0000030   0.0000091   0.0000201   0.0000369   0.0000596
  57.6733946   0.0000000   0.0000000   0.0000000   0.0000000   0.0000000   0.0000000   0.0000002   0.0000010   0.0000030   0.0000071
  57.9661529   0.0000000   0.0000000   0.0000000   0.0000000   0.0000000   0.0000000   0.0000000   0.0000000   0.0000001   0.0000005
  58.2589113   0.0000000   0.0000000   0.0000000   0.0000000   0.0000000   0.0000000   0.0000000   0.0000000   0.0000000   0.0000000
  58.5516696   0.0000000   0.0000000   0.0000000   0.0000000   0.0000000   0.0000000   0.0000000   0.0000000   0.0000000   0.0000000
  58.8444280   0.0000000   0.0000000   0.0000000   0.0000000   0.0000000   0.0000000   0.0000000   0.0000000   0.0000000   0.0000000
  59.1371863   0.0000000   0.0000000   0.0000000   0.0000000   0.0000000   0.0000000   0.0000000   0.0000000   0.0000000   0.0000000
  59.4299446   0.0000000   0.0000000   0.0000000   0.0000000   0.0000000   0.0000000   0.0000000   0.0000000   0.0000000   0.0000000
  59.7227030   0.0000000   0.0000000   0.0000000   0.0000000   0.0000000   0.0000000   0.0000000   0.0000000   0.0000000   0.0000000
  60.0154613   0.0000000   0.0000000   0.0000000   0.0000000   0.0000000   0.0000000   0.0000000   0.0000000   0.0000000   0.0000000
  60.3082197   0.0000000   0.0000000   0.0000000   0.0000000   0.0000000   0.0000000   0.0000000   0.0000000   0.0000000   0.0000000
  60.6009780   0.0000000   0.0000000   0.0000000   0.0000000   0.0000000   0.0000000   0.0000000   0.0000000   0.0000000   0.0000000
  60.8937364   0.0000000   0.0000000   0.0000000   0.0000000   0.0000000   0.0000000   0.0000000   0.0000000   0.0000000   0.0000000
  61.1864947   0.0000000   0.0000000   0.0000000   0.0000000   0.0000000   0.0000000   0.0000000   0.0000000   0.0000000   0.0000000
  61.4792531   0.0000000   0.0000000   0.0000000   0.0000000   0.0000000   0.0000000   0.0000000   0.0000000   0.0000000   0.0000000
  61.7720114   0.0000000   0.0000000   0.0000000   0.0000000   0.0000000   0.0000000   0.0000000   0.0000000   0.0000000   0.0000000
  62.0647698   0.0000000   0.0000000   0.0000000   0.0000000   0.0000000   0.0000000   0.0000000   0.0000000   0.0000000   0.0000000
  62.3575281   0.0000000   0.0000000   0.0000000   0.0000000   0.0000000   0.0000000   0.0000000   0.0000000   0.0000000   0.0000000
  62.6502865   0.0000000   0.0000000   0.0000000   0.0000000   0.0000000   0.0000000   0.0000000   0.0000000   0.0000000   0.0000000
  62.9430448   0.0000000   0.0000000   0.0000000   0.0000000   0.0000000   0.0000000   0.0000000   0.0000000   0.0000000   0.0000000
  63.2358032   0.0000000   0.0000000   0.0000000   0.0000000   0.0000000   0.0000000   0.0000000   0.0000000   0.0000000   0.0000000
  63.5285615   0.0000000   0.0000000   0.0000000   0.0000000   0.0000000   0.0000000   0.0000000   0.0000000   0.0000000   0.0000000
  63.8213199   0.0000000   0.0000000   0.0000000   0.0000000   0.0000000   0.0000000   0.0000000   0.0000000   0.0000000   0.0000000
  64.1140782   0.0000000   0.0000000   0.0000000   0.0000000   0.0000000   0.0000000   0.0000000   0.0000000   0.0000000   0.0000000
  64.4068366   0.0000000   0.0000000   0.0000000   0.0000000   0.0000000   0.0000000   0.0000000   0.0000000   0.0000000   0.0000000
  64.6995949   0.0000000   0.0000000   0.0000000   0.0000000   0.0000000   0.0000000   0.0000000   0.0000000   0.0000000   0.0000000
  64.9923533   0.0000000   0.0000000   0.0000000   0.0000000   0.0000000   0.0000000   0.0000000   0.0000000   0.0000000   0.0000000
  65.2851116   0.0000000   0.0000000   0.0000000   0.0000000   0.0000000   0.0000000   0.0000000   0.0000000   0.0000000   0.0000000
  65.5778700   0.0000000   0.0000000   0.0000000   0.0000000   0.0000000   0.0000000   0.0000000   0.0000000   0.0000000   0.0000000
  65.8706283   0.0000000   0.0000000   0.0000000   0.0000000   0.0000000   0.0000000   0.0000000   0.0000000   0.0000000   0.0000000
  66.1633867   0.0000000   0.0000000   0.0000000   0.0000000   0.0000000   0.0000000   0.0000000   0.0000000   0.0000000   0.0000000
  66.4561450   0.0000000   0.0000000   0.0000000   0.0000000   0.0000000   0.0000000   0.0000000   0.0000000   0.0000000   0.0000000
  66.7489033   0.0000000   0.0000000   0.0000000   0.0000000   0.0000000   0.0000000   0.0000000   0.0000000   0.0000000   0.0000000
  67.0416617   0.0000000   0.0000000   0.0000000   0.0000000   0.0000000   0.0000000   0.0000000   0.0000000   0.0000000   0.0000000
  67.3344200   0.0000000   0.0000000   0.0000000   0.0000000   0.0000000   0.0000000   0.0000000   0.0000000   0.0000000   0.0000000
  67.6271784   0.0000000   0.0000000   0.0000000   0.0000000   0.0000000   0.0000000   0.0000000   0.0000000   0.0000000   0.0000000
  67.9199367   0.0000000   0.0000000   0.0000000   0.0000000   0.0000000   0.0000000   0.0000000   0.0000000   0.0000000   0.0000000
  68.2126951   0.0000000   0.0000000   0.0000000   0.0000000   0.0000000   0.0000000   0.0000000   0.0000000   0.0000000   0.0000000
  68.5054534   0.0000000   0.0000000   0.0000000   0.0000000   0.0000000   0.0000000   0.0000000   0.0000000   0.0000000   0.0000000
  68.7982118   0.0000000   0.0000000   0.0000000   0.0000000   0.0000000   0.0000000   0.0000000   0.0000000   0.0000000   0.0000000
  69.0909701   0.0000000   0.0000000   0.0000000   0.0000000   0.0000000   0.0000000   0.0000000   0.0000000   0.0000000   0.0000000
  69.3837285   0.0000000   0.0000000   0.0000000   0.0000000   0.0000000   0.0000000   0.0000000   0.0000000   0.0000000   0.0000000
  69.6764868   0.0000000   0.0000000   0.0000000   0.0000000   0.0000000   0.0000000   0.0000000   0.0000000   0.0000000   0.0000000
  69.9692452   0.0000000   0.0000000   0.0000000   0.0000000   0.0000000   0.0000000   0.0000000   0.0000000   0.0000000   0.0000000
  70.2620035   0.0000000   0.0000000   0.0000000   0.0000000   0.0000000   0.0000000   0.0000000   0.0000000   0.0000000   0.0000000
  70.5547619   0.0000000   0.0000000   0.0000000   0.0000000   0.0000000   0.0000000   0.0000000   0.0000000   0.0000000   0.0000000
  70.8475202   0.0000000   0.0000000   0.0000000   0.0000000   0.0000000   0.0000000   0.0000000   0.0000000   0.0000003   0.0000020
  71.1402786   0.0000000   0.0000000   0.0000000   0.0000000   0.0000000   0.0000000   0.0000003   0.0000027   0.0000131   0.0000416
  71.4330369   0.0000000   0.0000000   0.0000000   0.0000000   0.0000002   0.0000043   0.0000290   0.0001017   0.0002440   0.0004623
  71.7257953   0.0000000   0.0000000   0.0000001   0.0000109   0.0001065   0.0003830   0.0008470   0.0014403   0.0021002   0.0027813
  72.0185536   0.0000000   0.0001274   0.0012341   0.0030139   0.0046974   0.0060651   0.0071627   0.0080656   0.0088259   0.0094779
  72.3113120   0.0372849   0.0316545   0.0270342   0.0242626   0.0226500   0.0216500   0.0209677   0.0204704   0.0200985   0.0198214
  72.6040703   0.0321500   0.0327850   0.0326777   0.0323864   0.0320035   0.0314579   0.0308057   0.0301287   0.0294818   0.0288915
  72.8968287   0.0304256   0.0310830   0.0326945   0.0337115   0.0342306   0.0345201   0.0346886   0.0347520   0.0347134   0.0345897
  73.1895870   0.0378766   0.0380418   0.0385840   0.0387937   0.0388082   0.0388168   0.0388530   0.0389078   0.0389841   0.0390914
  73.4823454   0.0415856   0.0432914   0.0437325   0.0438198   0.0437044   0.0435655   0.0435419   0.0437004   0.0440470   0.0445514
  73.7751037   0.0512482   0.0467356   0.0461434   0.0465451   0.0474874   0.0487465   0.0501345   0.0515247   0.0528485   0.0540797
  74.0678620   0.0611276   0.0627983   0.0641277   0.0654705   0.0667897   0.0679317   0.0688725   0.0696573   0.0703340   0.0709319
  74.3606204   0.1034122   0.1038933   0.1020296   0.0997385   0.0975335   0.0956547   0.0941527   0.0929660   0.0920097   0.0912126
  74.6533787   0.1101388   0.1059207   0.1069406   0.1086522   0.1096963   0.1100118   0.1097490   0.1090783   0.1081493   0.1070771
  74.9461371   0.1241740   0.1268375   0.1250494   0.1228551   0.1210669   0.1196669   0.1185200   0.1175029   0.1165253   0.1155328
  75.2388954   0.1131081   0.1169498   0.1182121   0.1185723   0.1187551   0.1187662   0.1185902   0.1182602   0.1178146   0.1172774
  75.5316538   0.1130398   0.1134008   0.1144002   0.1150000   0.1152708   0.1153769   0.1153930   0.1153354   0.1151972   0.1149740
  75.8244121   0.1149510   0.1140394   0.1136552   0.1128579   0.1122692   0.1118442   0.1114958   0.1111897   0.1109128   0.1106552
  76.1171705   0.1058698   0.1059131   0.1055011   0.1052515   0.1051485   0.1050811   0.1050010   0.1049064   0.1048111   0.1047299
  76.4099288   0.0998564   0.0967497   0.0965300   0.0969243   0.0972325   0.0974418   0.0976427   0.0978755   0.0981446   0.0984426
  76.7026872   0.0947019   0.0920196   0.0911538   0.0911195   0.0914127   0.0918798   0.0924328   0.0930225   0.0936268   0.0942300
  76.9954455   0.0913846   0.0902086   0.0908276   0.0912643   0.0916329   0.0920293   0.0924778   0.0929502   0.0934060   0.0938161
  77.2882039   0.0931614   0.0945415   0.0955800   0.0962836   0.0966993   0.0968211   0.0967059   0.0964309   0.0960634   0.0956528
  77.5809622   0.1135970   0.1091857   0.1059500   0.1034114   0.1013378   0.0996221   0.0981622   0.0968879   0.0957581   0.0947511
  77.8737206   0.0834096   0.0854491   0.0868891   0.0879581   0.0886039   0.0888655   0.0888468   0.0886594   0.0883884   0.0880873
  78.1664789   0.0742281   0.0755045   0.0763065   0.0764617   0.0766031   0.0769691   0.0775317   0.0781868   0.0788489   0.0794670
  78.4592373   0.0640019   0.0656770   0.0675713   0.0691311   0.0703304   0.0712896   0.0721287   0.0729189   0.0736714   0.0743611
  78.7519956   0.0800485   0.0770544   0.0754606   0.0742914   0.0737535   0.0736115   0.0735894   0.0735243   0.0733530   0.0730723
  79.0447540   0.0721403   0.0769221   0.0779145   0.0777917   0.0770475   0.0758109   0.0742655   0.0725950   0.0709320   0.0693563
  79.3375123   0.0717556   0.0699715   0.0680287   0.0659208   0.0637548   0.0617732   0.0600639   0.0586100   0.0573688   0.0563039
  79.6302707   0.0225217   0.0234897   0.0252690   0.0275970   0.0298988   0.0319571   0.0337095   0.0351682   0.0363769   0.0373833
  79.9230290   0.0185701   0.0171315   0.0165948   0.0166950   0.0172564   0.0182018   0.0194437   0.0208690   0.0223719   0.0238729
  80.2157874   0.0183433   0.0175252   0.0171764   0.0173111   0.0175490   0.0177958   0.0180952   0.0185052   0.0190555   0.0197448
  80.5085457   0.0237658   0.0222791   0.0214096   0.0209596   0.0207637   0.0206952   0.0206846   0.0207101   0.0207781   0.0209080
  80.8013041   0.0195914   0.0229248   0.0235998   0.0237222   0.0237135   0.0236558   0.0235838   0.0235209   0.0234807   0.0234715
  81.0940624   0.0234344   0.0246754   0.0254177   0.0257382   0.0258326   0.0258947   0.0259693   0.0260547   0.0261447   0.0262361
  81.3868207   0.0229588   0.0262098   0.0277994   0.0284245   0.0287210   0.0289346   0.0291274   0.0293035   0.0294605   0.0295994
  81.6795791   0.0335420   0.0331830   0.0335952   0.0337789   0.0338366   0.0338250   0.0337877   0.0337584   0.0337491   0.0337578
  81.9723374   0.0433285   0.0416025   0.0400066   0.0390083   0.0385172   0.0383186   0.0382328   0.0381750   0.0381167   0.0380503
  82.2650958   0.0352637   0.0393412   0.0409651   0.0417421   0.0420910   0.0422036   0.0421979   0.0421251   0.0420036   0.0418421
  82.5578541   0.0444882   0.0454959   0.0457668   0.0459882   0.0459176   0.0456793   0.0453738   0.0450439   0.0447043   0.0443593
  82.8506125   0.0519991   0.0498935   0.0482315   0.0471192   0.0464233   0.0459649   0.0456060   0.0452746   0.0449435   0.0446050
  83.1433708   0.0398213   0.0408201   0.0417037   0.0423374   0.0427375   0.0429222   0.0429540   0.0428902   0.0427641   0.0425930
  83.4361292   0.0393459   0.0405498   0.0405950   0.0402361   0.0399114   0.0396827   0.0395313   0.0394220   0.0393261   0.0392263
  83.7288875   0.0400091   0.0353710   0.0349177   0.0349960   0.0351244   0.0352043   0.0352272   0.0352103   0.0351730   0.0351285
  84.0216459   0.0343176   0.0322576   0.0312757   0.0309579   0.0308237   0.0307364   0.0306880   0.0306779   0.0306976   0.0307384
  84.3144042   0.0296371   0.0269308   0.0259494   0.0256990   0.0257791   0.0259602   0.0261556   0.0263450   0.0265311   0.0267199
  84.6071626   0.0251500   0.0230201   0.0228755   0.0229115   0.0229904   0.0231057   0.0232690   0.0234754   0.0237122   0.0239664
  84.8999209   0.0208756   0.0203856   0.0209147   0.0214499   0.0218090   0.0220740   0.0223027   0.0225159   0.0227190   0.0229147
  85.1926793   0.0210036   0.0233186   0.0235378   0.0233719   0.0232708   0.0232194   0.0231795   0.0231421   0.0231129   0.0230970
  85.4854376   0.0275821   0.0258382   0.0251366   0.0246975   0.0242975   0.0239757   0.0237355   0.0235532   0.0234061   0.0232803
  85.7781960   0.0177328   0.0196669   0.0206512   0.0216272   0.0222953   0.0226576   0.0228170   0.0228545   0.0228214   0.0227505
  86.0709543   0.0282871   0.0268556   0.0249200   0.0235545   0.0227329   0.0222515   0.0219659   0.0217968   0.0216983   0.0216411
  86.3637127   0.0169162   0.0185899   0.0188917   0.0190559   0.0193518   0.0196451   0.0198812   0.0200626   0.0202042   0.0203195
  86.6564710   0.0203250   0.0179879   0.0181524   0.0186212   0.0189298   0.0191180   0.0192594   0.0193864   0.0195081   0.0196269
  86.9492294   0.0255434   0.0221045   0.0211283   0.0205701   0.0201624   0.0198895   0.0197327   0.0196629   0.0196552   0.0196913
  87.2419877   0.0176161   0.0177287   0.0182243   0.0187150   0.0191770   0.0195387   0.0197945   0.0199713   0.0200980   0.0201957
  87.5347461   0.0243498   0.0229502   0.0222967   0.0218278   0.0215073   0.0213168   0.0212306   0.0212078   0.0212113   0.0212184
  87.8275044   0.0235482   0.0223265   0.0219959   0.0222244   0.0224925   0.0226091   0.0225943   0.0225032   0.0223766   0.0222372
  88.1202628   0.0369115   0.0286784   0.0257508   0.0244444   0.0237453   0.0233103   0.0230022   0.0227557   0.0225394   0.0223401
  88.4130211   0.0217106   0.0206830   0.0207244   0.0209642   0.0212006   0.0213285   0.0213630   0.0213424   0.0212965   0.0212430
  88.7057794   0.0184536   0.0189400   0.0192325   0.0193583   0.0193605   0.0193685   0.0194303   0.0195362   0.0196663   0.0198052
  88.9985378   0.0154456   0.0164267   0.0170921   0.0175778   0.0179527   0.0182544   0.0185270   0.0187873   0.0190334   0.0192601
  89.2912961   0.0217464   0.0212877   0.0201842   0.0196662   0.0196528   0.0197776   0.0198859   0.0199545   0.0199971   0.0200297
  89.5840545   0.0344515   0.0278654   0.0252482   0.0237605   0.0228259   0.0221966   0.0217479   0.0214213   0.0211846   0.0210143
  89.8768128   0.0145119   0.0160846   0.0180804   0.0195262   0.0203451   0.0207779   0.0210208   0.0211571   0.0212188   0.0212248
  90.1695712   0.0193742   0.0201860   0.0206447   0.0209289   0.0211022   0.0212039   0.0212558   0.0212673   0.0212455   0.0211977
  90.4623295   0.0320737   0.0282821   0.0254823   0.0237112   0.0226391   0.0219598   0.0214922   0.0211544   0.0209084   0.0207306
  90.7550879   0.0145512   0.0163332   0.0167208   0.0175594   0.0182773   0.0187521   0.0190500   0.0192405   0.0193660   0.0194512
  91.0478462   0.0191514   0.0183501   0.0179843   0.0178622   0.0178390   0.0179098   0.0180514   0.0182239   0.0183955   0.0185484
  91.3406046   0.0169938   0.0187341   0.0189965   0.0188925   0.0187845   0.0186958   0.0186170   0.0185485   0.0184958   0.0184616
  91.6333629   0.0204439   0.0184046   0.0185691   0.0187852   0.0188128   0.0187325   0.0186113   0.0184849   0.0183701   0.0182755
  91.9261213   0.0142109   0.0175910   0.0178106   0.0176279   0.0175174   0.0174860   0.0175013   0.0175399   0.0175887   0.0176399
  92.2188796   0.0173325   0.0161875   0.0158596   0.0160019   0.0162663   0.0165329   0.0167766   0.0169917   0.0171739   0.0173197
  92.5116380   0.0240277   0.0192350   0.0181288   0.0179085   0.0178894   0.0178855   0.0178661   0.0178257   0.0177642   0.0176868
  92.8043963   0.0231616   0.0215773   0.0204852   0.0198388   0.0193897   0.0189661   0.0185423   0.0181419   0.0177877   0.0174888
  93.0971547   0.0170263   0.0177185   0.0169163   0.0163959   0.0160657   0.0158744   0.0157832   0.0157478   0.0157331   0.0157179
  93.3899130   0.0069451   0.0074336   0.0088527   0.0102619   0.0113831   0.0122155   0.0128228   0.0132599   0.0135687   0.0137811
  93.6826714   0.0202041   0.0178718   0.0164608   0.0153020   0.0144004   0.0137487   0.0133041   0.0130135   0.0128307   0.0127201
  93.9754297   0.0102807   0.0111670   0.0112651   0.0114705   0.0116089   0.0116426   0.0115878   0.0114845   0.0113691   0.0112639
  94.2681881   0.0046220   0.0071205   0.0079973   0.0083125   0.0085027   0.0086882   0.0088732   0.0090378   0.0091688   0.0092641
  94.5609464   0.0052748   0.0063275   0.0072108   0.0075140   0.0075455   0.0075302   0.0075349   0.0075661   0.0076144   0.0076682
  94.8537048   0.0020820   0.0048206   0.0059240   0.0063295   0.0064872   0.0065410   0.0065365   0.0064991   0.0064480   0.0063970
  95.1464631   0.0080242   0.0068960   0.0063903   0.0059201   0.0055631   0.0053167   0.0051417   0.0050132   0.0049191   0.0048533
  95.4392215   0.0018274   0.0017636   0.0020150   0.0022388   0.0024362   0.0025954   0.0027232   0.0028364   0.0029465   0.0030582
  95.7319798   0.0002610   0.0004093   0.0005784   0.0007010   0.0008448   0.0010404   0.0012755   0.0015258   0.0017720   0.0020041
  96.0247381   0.0007248   0.0009041   0.0012669   0.0015825   0.0017929   0.0019368   0.0020473   0.0021438   0.0022369   0.0023321
  96.3174965   0.0050981   0.0049761   0.0046634   0.0043421   0.0040669   0.0038348   0.0036432   0.0034927   0.0033822   0.0033084
  96.6102548   0.0046781   0.0043477   0.0041511   0.0040225   0.0039912   0.0040046   0.0040236   0.0040339   0.0040350   0.0040314
  96.9030132   0.0026132   0.0032197   0.0036143   0.0039387   0.0041782   0.0043421   0.0044655   0.0045691   0.0046578   0.0047314
  97.1957715   0.0085667   0.0070766   0.0063629   0.0060037   0.0058474   0.0057909   0.0057770   0.0057807   0.0057912   0.0058031
  97.4885299   0.0087299   0.0078119   0.0074767   0.0073420   0.0072715   0.0072145   0.0071526   0.0070831   0.0070111   0.0069423
  97.7812882   0.0070919   0.0074199   0.0077191   0.0079910   0.0080486   0.0079874   0.0078987   0.0078161   0.0077445   0.0076815
  98.0740466   0.0080362   0.0080768   0.0078170   0.0077237   0.0077784   0.0078708   0.0079485   0.0080018   0.0080367   0.0080607
  98.3668049   0.0100004   0.0100924   0.0093838   0.0088006   0.0085214   0.0084193   0.0084049   0.0084356   0.0084898   0.0085547
  98.6595633   0.0077988   0.0077049   0.0080304   0.0085185   0.0088696   0.0090844   0.0092240   0.0093282   0.0094143   0.0094877
  98.9523216   0.0124859   0.0116906   0.0112546   0.0110808   0.0109744   0.0109173   0.0108923   0.0108748   0.0108505   0.0108165
  99.2450800   0.0136978   0.0130776   0.0128865   0.0128177   0.0127307   0.0125883   0.0124062   0.0122153   0.0120348   0.0118705
  99.5378383   0.0125352   0.0134336   0.0132651   0.0128250   0.0125209   0.0123486   0.0122426   0.0121556   0.0120647   0.0119628
  99.8305967   0.0055887   0.0085023   0.0098235   0.0105580   0.0109910   0.0112252   0.0113331   0.0113668   0.0113578   0.0113238
 100.1233550   0.0135253   0.0128836   0.0120590   0.0115168   0.0110731   0.0107591   0.0105625   0.0104486   0.0103867   0.0103552
 100.4161134   0.0071071   0.0072892   0.0076622   0.0081234   0.0084943   0.0087749   0.0089761   0.0091160   0.0092182   0.0093009
 100.7088717   0.0068744   0.0076584   0.0083282   0.0085358   0.0085164   0.0084738   0.0084801   0.0085357   0.0086219   0.0087224
 101.0016301   0.0057411   0.0071433   0.0077792   0.0081027   0.0083220   0.0084779   0.0085892   0.0086762   0.0087539   0.0088304
 101.2943884   0.0107731   0.0110978   0.0103478   0.0097828   0.0095241   0.0094369   0.0094170   0.0094188   0.0094302   0.0094525
 101.5871468   0.0106064   0.0104517   0.0103229   0.0103786   0.0103979   0.0103523   0.0102940   0.0102637   0.0102752   0.0103251
 101.8799051   0.0122794   0.0108369   0.0103380   0.0103427   0.0105037   0.0107363   0.0110031   0.0112697   0.0115113   0.0117158
 102.1726635   0.0125536   0.0128570   0.0129861   0.0132454   0.0135674   0.0138409   0.0140285   0.0141329   0.0141695   0.0141534
 102.4654218   0.0228254   0.0216543   0.0207774   0.0199700   0.0191728   0.0184289   0.0177649   0.0171815   0.0166661   0.0162044
 102.7581802   0.0158187   0.0162562   0.0166644   0.0168438   0.0168890   0.0167933   0.0165745   0.0162714   0.0159226   0.0155570
 103.0509385   0.0114199   0.0130672   0.0130758   0.0127988   0.0126083   0.0125376   0.0125341   0.0125511   0.0125602   0.0125479
 103.3436968   0.0056042   0.0061394   0.0070977   0.0077557   0.0081481   0.0084265   0.0086627   0.0088820   0.0090902   0.0092855
 103.6364552   0.0042196   0.0052636   0.0059468   0.0062674   0.0064266   0.0065524   0.0066876   0.0068378   0.0070004   0.0071714
 103.9292135   0.0067334   0.0068602   0.0065509   0.0062871   0.0061412   0.0060829   0.0060729   0.0060929   0.0061365   0.0062003
 104.2219719   0.0063527   0.0054961   0.0054183   0.0055168   0.0056047   0.0056647   0.0057029   0.0057277   0.0057459   0.0057633
 104.5147302   0.0045018   0.0051869   0.0054925   0.0055676   0.0055727   0.0055500   0.0055223   0.0054980   0.0054779   0.0054623
 104.8074886   0.0068465   0.0057438   0.0054678   0.0052919   0.0052079   0.0051674   0.0051390   0.0051165   0.0051023   0.0050984
 105.1002469   0.0041500   0.0047309   0.0046407   0.0045427   0.0045100   0.0045264   0.0045734   0.0046376   0.0047088   0.0047801
 105.3930053   0.0027566   0.0031549   0.0035639   0.0039585   0.0042456   0.0044517   0.0046073   0.0047283   0.0048229   0.0048969
 105.6857636   0.0069162   0.0065272   0.0063011   0.0060958   0.0059040   0.0057471   0.0056241   0.0055256   0.0054450   0.0053789
 105.9785220   0.0061336   0.0061317   0.0061369   0.0061130   0.0060492   0.0059481   0.0058306   0.0057145   0.0056089   0.0055171
 106.2712803   0.0059233   0.0052502   0.0049093   0.0048375   0.0048806   0.0049569   0.0050313   0.0050905   0.0051318   0.0051570
 106.5640387   0.0065821   0.0050701   0.0046753   0.0046112   0.0046222   0.0046571   0.0047065   0.0047629   0.0048195   0.0048717
 106.8567970   0.0054164   0.0046799   0.0046780   0.0048004   0.0048745   0.0048945   0.0048895   0.0048796   0.0048750   0.0048792
 107.1495554   0.0060111   0.0057881   0.0055013   0.0052575   0.0051057   0.0050252   0.0049866   0.0049712   0.0049684   0.0049724
 107.4423137   0.0034447   0.0039902   0.0044132   0.0046243   0.0047813   0.0049047   0.0049960   0.0050582   0.0050959   0.0051149
 107.7350721   0.0050447   0.0055019   0.0056335   0.0056647   0.0056289   0.0055588   0.0054794   0.0054048   0.0053412   0.0052902
 108.0278304   0.0073569   0.0065777   0.0060885   0.0057817   0.0055672   0.0054225   0.0053282   0.0052693   0.0052347   0.0052161
 108.3205888   0.0024931   0.0031273   0.0035786   0.0039368   0.0042621   0.0045309   0.0047399   0.0048967   0.0050103   0.0050893
 108.6133471   0.0069137   0.0062497   0.0059346   0.0057191   0.0055721   0.0054718   0.0054021   0.0053529   0.0053171   0.0052905
 108.9061055   0.0065244   0.0065360   0.0063381   0.0061606   0.0059924   0.0058278   0.0056769   0.0055472   0.0054419   0.0053608
 109.1988638   0.0049911   0.0041936   0.0042246   0.0044290   0.0046183   0.0047633   0.0048713   0.0049518   0.0050113   0.0050547
 109.4916222   0.0051085   0.0051436   0.0048255   0.0046443   0.0045997   0.0046354   0.0047083   0.0047932   0.0048759   0.0049488
 109.7843805   0.0041767   0.0049683   0.0052193   0.0053010   0.0053281   0.0053266   0.0053068   0.0052789   0.0052507   0.0052265
 110.0771389   0.0047629   0.0055209   0.0059200   0.0059785   0.0058875   0.0057636   0.0056469   0.0055450   0.0054572   0.0053824
 110.3698972   0.0038569   0.0044195   0.0047600   0.0049558   0.0050517   0.0051033   0.0051303   0.0051412   0.0051423   0.0051380
 110.6626555   0.0041021   0.0046491   0.0046842   0.0046275   0.0046043   0.0046258   0.0046738   0.0047324   0.0047920   0.0048476
 110.9554139   0.0040624   0.0042539   0.0044043   0.0045386   0.0046346   0.0046997   0.0047492   0.0047924   0.0048337   0.0048745
 111.2481722   0.0066689   0.0057632   0.0054084   0.0052996   0.0052561   0.0052222   0.0051945   0.0051757   0.0051657   0.0051636
 111.5409306   0.0069209   0.0065994   0.0059119   0.0056114   0.0055240   0.0055040   0.0054985   0.0054944   0.0054894   0.0054833
 111.8336889   0.0070772   0.0063474   0.0058647   0.0057366   0.0057309   0.0057494   0.0057655   0.0057725   0.0057687   0.0057549
 112.1264473   0.0065096   0.0060369   0.0060809   0.0061526   0.0061613   0.0061244   0.0060673   0.0060037   0.0059402   0.0058806
 112.4192056   0.0059919   0.0059678   0.0061280   0.0060892   0.0059867   0.0058836   0.0057997   0.0057366   0.0056913   0.0056600
 112.7119640   0.0049747   0.0042876   0.0044483   0.0046065   0.0047596   0.0049026   0.0050296   0.0051395   0.0052327   0.0053104
 113.0047223   0.0055669   0.0052825   0.0050763   0.0050193   0.0050470   0.0051089   0.0051806   0.0052504   0.0053139   0.0053699
 113.2974807   0.0071139   0.0067052   0.0063775   0.0062474   0.0061447   0.0060366   0.0059347   0.0058502   0.0057870   0.0057443
 113.5902390   0.0066150   0.0063271   0.0061334   0.0060503   0.0060183   0.0060067   0.0059984   0.0059873   0.0059744   0.0059624
 113.8829974   0.0051685   0.0052512   0.0055684   0.0057248   0.0058171   0.0058884   0.0059554   0.0060197   0.0060773   0.0061249
 114.1757557   0.0062227   0.0061533   0.0061890   0.0062875   0.0063708   0.0064286   0.0064683   0.0064944   0.0065100   0.0065173
 114.4685141   0.0098638   0.0086551   0.0079539   0.0076221   0.0074358   0.0072972   0.0071788   0.0070759   0.0069871   0.0069110
 114.7612724   0.0075071   0.0077805   0.0073882   0.0071744   0.0071000   0.0070610   0.0070227   0.0069798   0.0069336   0.0068858
 115.0540308   0.0071026   0.0064683   0.0062594   0.0062940   0.0063643   0.0064264   0.0064775   0.0065151   0.0065383   0.0065491
 115.3467891   0.0068975   0.0063264   0.0061594   0.0062286   0.0062621   0.0062488   0.0062248   0.0062099   0.0062085   0.0062177
 115.6395475   0.0079977   0.0067998   0.0062258   0.0059413   0.0058472   0.0058435   0.0058753   0.0059157   0.0059546   0.0059894
 115.9323058   0.0061381   0.0056487   0.0055161   0.0056113   0.0057401   0.0058323   0.0058885   0.0059226   0.0059451   0.0059617
 116.2250642   0.0078723   0.0072613   0.0068068   0.0065673   0.0063898   0.0062532   0.0061560   0.0060907   0.0060489   0.0060235
 116.5178225   0.0054004   0.0053527   0.0054932   0.0056511   0.0057765   0.0058658   0.0059257   0.0059633   0.0059865   0.0060023
 116.8105809   0.0051923   0.0057830   0.0059015   0.0059440   0.0059560   0.0059613   0.0059742   0.0059982   0.0060303   0.0060658
 117.1033392   0.0058264   0.0064571   0.0063988   0.0062599   0.0062181   0.0062321   0.0062631   0.0062969   0.0063299   0.0063616
 117.3960976   0.0074867   0.0068716   0.0067875   0.0067981   0.0068208   0.0068391   0.0068494   0.0068539   0.0068543   0.0068516
 117.6888559   0.0072795   0.0074294   0.0075820   0.0076066   0.0075709   0.0075176   0.0074625   0.0074084   0.0073561   0.0073066
 117.9816142   0.0072432   0.0074733   0.0076343   0.0076980   0.0076917   0.0076527   0.0076034   0.0075535   0.0075073   0.0074664
 118.2743726   0.0077042   0.0074937   0.0073256   0.0072683   0.0072630   0.0072808   0.0073094   0.0073417   0.0073726   0.0073983
 118.5671309   0.0076777   0.0072728   0.0070725   0.0070602   0.0071303   0.0072226   0.0073050   0.0073690   0.0074163   0.0074517
 118.8598893   0.0069784   0.0080053   0.0081702   0.0081308   0.0080250   0.0079091   0.0078126   0.0077441   0.0077016   0.0076796
 119.1526476   0.0075879   0.0072786   0.0074364   0.0075997   0.0076918   0.0077513   0.0077933   0.0078240   0.0078491   0.0078732
 119.4454060   0.0066084   0.0074845   0.0077907   0.0078509   0.0078916   0.0079494   0.0080198   0.0080947   0.0081673   0.0082333
 119.7381643   0.0078857   0.0085982   0.0087719   0.0088225   0.0088526   0.0088827   0.0089097   0.0089320   0.0089494   0.0089622
 120.0309227   0.0091934   0.0100521   0.0102349   0.0102055   0.0101402   0.0100653   0.0099830   0.0098986   0.0098183   0.0097467
 120.3236810   0.0115545   0.0107809   0.0107251   0.0106481   0.0105259   0.0104082   0.0103133   0.0102412   0.0101853   0.0101392
 120.6164394   0.0094251   0.0088300   0.0091726   0.0094756   0.0097196   0.0099166   0.0100648   0.0101670   0.0102323   0.0102718
 120.9091977   0.0104330   0.0109314   0.0110698   0.0109702   0.0108160   0.0106870   0.0105996   0.0105518   0.0105373   0.0105501
 121.2019561   0.0101234   0.0101424   0.0105096   0.0106651   0.0107300   0.0107689   0.0108122   0.0108739   0.0109577   0.0110606
 121.4947144   0.0103017   0.0106123   0.0106531   0.0108041   0.0110488   0.0113350   0.0116240   0.0118925   0.0121290   0.0123303
 121.7874728   0.0155062   0.0150185   0.0147553   0.0146864   0.0147007   0.0147229   0.0147286   0.0147198   0.0147023   0.0146790
 122.0802311   0.0188036   0.0197270   0.0194298   0.0189644   0.0185041   0.0180907   0.0177245   0.0173973   0.0171046   0.0168446
 122.3729895   0.0155365   0.0164915   0.0172762   0.0177866   0.0179897   0.0180106   0.0179383   0.0178210   0.0176845   0.0175425
 122.6657478   0.0169515   0.0170161   0.0170488   0.0169505   0.0169011   0.0169405   0.0170343   0.0171449   0.0172482   0.0173330
 122.9585062   0.0143304   0.0157739   0.0162748   0.0165281   0.0167502   0.0169491   0.0171178   0.0172649   0.0173982   0.0175187
 123.2512645   0.0189846   0.0188205   0.0189100   0.0187902   0.0186279   0.0185112   0.0184477   0.0184171   0.0183964   0.0183689
 123.5440229   0.0168817   0.0183088   0.0189714   0.0193769   0.0195873   0.0196411   0.0195735   0.0194152   0.0191920   0.0189249
 123.8367812   0.0234663   0.0224261   0.0216126   0.0209048   0.0202530   0.0196543   0.0190934   0.0185588   0.0180459   0.0175549
 124.1295396   0.0142620   0.0146924   0.0147358   0.0146424   0.0144720   0.0142400   0.0139722   0.0136938   0.0134218   0.0131647
 124.4222979   0.0048263   0.0049306   0.0051795   0.0054532   0.0057539   0.0060730   0.0063941   0.0067005   0.0069804   0.0072283
 124.7150563   0.0000046   0.0000388   0.0001609   0.0003877   0.0006989   0.0010643   0.0014590   0.0018667   0.0022760   0.0026783
 125.0078146   0.0000000   0.0000000   0.0000001   0.0000019   0.0000144   0.0000533   0.0001324   0.0002580   0.0004311   0.0006491
 125.3005730   0.0000000   0.0000000   0.0000000   0.0000001   0.0000019   0.0000107   0.0000358   0.0000886   0.0001794   0.0003155
 125.5933313   0.0000000   0.0000013   0.0000163   0.0000667   0.0001635   0.0003046   0.0004846   0.0006980   0.0009383   0.0011990
 125.8860896   0.0009764   0.0013002   0.0015807   0.0018705   0.0021877   0.0025343   0.0028924   0.0032425   0.0035724   0.0038768
 126.1788480   0.0074529   0.0075298   0.0078820   0.0081284   0.0082611   0.0083207   0.0083434   0.0083508   0.0083518   0.0083487
 126.4716063   0.0170088   0.0162991   0.0157859   0.0151882   0.0146725   0.0142316   0.0138327   0.0134589   0.0131058   0.0127735
 126.7643647   0.0168725   0.0162823   0.0164537   0.0165275   0.0164720   0.0163185   0.0160919   0.0158162   0.0155113   0.0151920
 127.0571230   0.0155506   0.0156880   0.0159773   0.0160401   0.0159833   0.0159002   0.0158174   0.0157307   0.0156292   0.0155050
 127.3498814   0.0127657   0.0137946   0.0142159   0.0144120   0.0145507   0.0146700   0.0147614   0.0148183   0.0148414   0.0148340
 127.6426397   0.0142230   0.0142010   0.0144090   0.0144049   0.0143152   0.0142091   0.0141129   0.0140349   0.0139739   0.0139247
 127.9353981   0.0128458   0.0130134   0.0130213   0.0129613   0.0129059   0.0128639   0.0128287   0.0127969   0.0127673   0.0127394
 128.2281564   0.0107984   0.0108273   0.0108855   0.0109778   0.0110851   0.0111886   0.0112717   0.0113292   0.0113633   0.0113793
 128.5209148   0.0101739   0.0103105   0.0104319   0.0104121   0.0103274   0.0102323   0.0101522   0.0100941   0.0100565   0.0100354
 128.8136731   0.0085615   0.0083822   0.0084781   0.0085329   0.0085564   0.0085696   0.0085810   0.0085948   0.0086138   0.0086393
 129.1064315   0.0064793   0.0067485   0.0067716   0.0068154   0.0069064   0.0070214   0.0071406   0.0072542   0.0073590   0.0074549
 129.3991898   0.0064310   0.0066047   0.0066059   0.0066085   0.0066223   0.0066454   0.0066794   0.0067248   0.0067794   0.0068401
 129.6919482   0.0067788   0.0067040   0.0066817   0.0066725   0.0066648   0.0066554   0.0066463   0.0066398   0.0066375   0.0066406
 129.9847065   0.0066399   0.0067577   0.0066585   0.0066112   0.0065953   0.0065818   0.0065644   0.0065438   0.0065226   0.0065033
 130.2774649   0.0076477   0.0068149   0.0065121   0.0064016   0.0063492   0.0063168   0.0062948   0.0062805   0.0062722   0.0062686
 130.5702232   0.0058955   0.0057633   0.0057273   0.0057634   0.0058186   0.0058710   0.0059178   0.0059604   0.0060003   0.0060388
 130.8629816   0.0054944   0.0057931   0.0058079   0.0058198   0.0058391   0.0058680   0.0059056   0.0059504   0.0060013   0.0060576
 131.1557399   0.0059606   0.0060426   0.0061707   0.0062269   0.0062487   0.0062708   0.0063046   0.0063514   0.0064080   0.0064698
 131.4484983   0.0059962   0.0064480   0.0067184   0.0068645   0.0069723   0.0070665   0.0071480   0.0072131   0.0072594   0.0072872
 131.7412566   0.0088361   0.0087594   0.0087711   0.0087411   0.0086860   0.0086104   0.0085170   0.0084097   0.0082921   0.0081674
 132.0340150   0.0103775   0.0102584   0.0099729   0.0096882   0.0094196   0.0091605   0.0089090   0.0086652   0.0084300   0.0082037
 132.3267733   0.0079212   0.0073419   0.0072627   0.0072837   0.0072849   0.0072485   0.0071780   0.0070808   0.0069642   0.0068355
 132.6195317   0.0044815   0.0045108   0.0044904   0.0044882   0.0044950   0.0045085   0.0045279   0.0045498   0.0045701   0.0045857
 132.9122900   0.0016789   0.0018215   0.0018250   0.0018470   0.0019028   0.0019811   0.0020736   0.0021754   0.0022827   0.0023922
 133.2050483   0.0000000   0.0000204   0.0000962   0.0001960   0.0003049   0.0004183   0.0005351   0.0006548   0.0007771   0.0009012
 133.4978067   0.0000000   0.0000000   0.0000000   0.0000011   0.0000078   0.0000258   0.0000571   0.0001015   0.0001574   0.0002234
 133.7905650   0.0000000   0.0000000   0.0000000   0.0000000   0.0000000   0.0000003   0.0000020   0.0000069   0.0000170   0.0000336
 134.0833234   0.0000000   0.0000000   0.0000000   0.0000000   0.0000000   0.0000000   0.0000000   0.0000002   0.0000009   0.0000029
 134.3760817   0.0000000   0.0000000   0.0000000   0.0000000   0.0000000   0.0000000   0.0000000   0.0000000   0.0000000   0.0000001
 134.6688401   0.0000000   0.0000000   0.0000000   0.0000000   0.0000000   0.0000000   0.0000000   0.0000000   0.0000000   0.0000000
 134.9615984   0.0000000   0.0000000   0.0000000   0.0000000   0.0000000   0.0000000   0.0000000   0.0000000   0.0000000   0.0000000
 135.2543568   0.0000000   0.0000000   0.0000000   0.0000000   0.0000000   0.0000000   0.0000000   0.0000000   0.0000000   0.0000000
 135.5471151   0.0000000   0.0000000   0.0000000   0.0000000   0.0000000   0.0000000   0.0000000   0.0000000   0.0000000   0.0000000
 135.8398735   0.0000000   0.0000000   0.0000000   0.0000000   0.0000000   0.0000000   0.0000000   0.0000000   0.0000000   0.0000000
 136.1326318   0.0000000   0.0000000   0.0000000   0.0000000   0.0000000   0.0000000   0.0000000   0.0000000   0.0000000   0.0000000
 136.4253902   0.0000000   0.0000000   0.0000000   0.0000000   0.0000000   0.0000000   0.0000000   0.0000000   0.0000000   0.0000000
 136.7181485   0.0000000   0.0000000   0.0000000   0.0000000   0.0000000   0.0000000   0.0000000   0.0000000   0.0000000   0.0000000
 137.0109069   0.0000000   0.0000000   0.0000000   0.0000000   0.0000000   0.0000000   0.0000000   0.0000000   0.0000000   0.0000000
 137.3036652   0.0000000   0.0000000   0.0000000   0.0000000   0.0000000   0.0000000   0.0000000   0.0000000   0.0000000   0.0000000
 137.5964236   0.0000000   0.0000000   0.0000000   0.0000000   0.0000000   0.0000000   0.0000000   0.0000000   0.0000000   0.0000000
 137.8891819   0.0000000   0.0000000   0.0000000   0.0000000   0.0000000   0.0000000   0.0000000   0.0000000   0.0000000   0.0000000
 138.1819403   0.0000000   0.0000000   0.0000000   0.0000000   0.0000000   0.0000000   0.0000000   0.0000000   0.0000000   0.0000000
 138.4746986   0.0000000   0.0000000   0.0000000   0.0000000   0.0000000   0.0000000   0.0000000   0.0000000   0.0000000   0.0000000
 138.7674570   0.0000000   0.0000000   0.0000000   0.0000000   0.0000000   0.0000000   0.0000000   0.0000000   0.0000000   0.0000000
 139.0602153   0.0000000   0.0000000   0.0000000   0.0000000   0.0000000   0.0000000   0.0000000   0.0000000   0.0000000   0.0000000
 139.3529737   0.0000000   0.0000000   0.0000000   0.0000000   0.0000000   0.0000000   0.0000000   0.0000000   0.0000000   0.0000000
 139.6457320   0.0000000   0.0000000   0.0000000   0.0000000   0.0000000   0.0000000   0.0000000   0.0000000   0.0000000   0.0000000
 139.9384904   0.0000000   0.0000000   0.0000000   0.0000000   0.0000000   0.0000000   0.0000000   0.0000000   0.0000000   0.0000000
 140.2312487   0.0000000   0.0000000   0.0000000   0.0000000   0.0000000   0.0000000   0.0000000   0.0000000   0.0000000   0.0000000
 140.5240070   0.0000000   0.0000000   0.0000000   0.0000000   0.0000000   0.0000000   0.0000000   0.0000000   0.0000000   0.0000000
 140.8167654   0.0000000   0.0000000   0.0000000   0.0000000   0.0000000   0.0000000   0.0000000   0.0000000   0.0000000   0.0000000
 141.1095237   0.0000000   0.0000000   0.0000000   0.0000000   0.0000000   0.0000000   0.0000000   0.0000000   0.0000000   0.0000000
 141.4022821   0.0000000   0.0000000   0.0000000   0.0000000   0.0000000   0.0000000   0.0000000   0.0000000   0.0000000   0.0000000
 141.6950404   0.0000000   0.0000000   0.0000000   0.0000000   0.0000000   0.0000000   0.0000000   0.0000000   0.0000000   0.0000000
 141.9877988   0.0000000   0.0000000   0.0000000   0.0000000   0.0000000   0.0000000   0.0000000   0.0000000   0.0000000   0.0000000
 142.2805571   0.0000000   0.0000000   0.0000000   0.0000000   0.0000000   0.0000000   0.0000000   0.0000000   0.0000000   0.0000000
 142.5733155   0.0000000   0.0000000   0.0000000   0.0000000   0.0000000   0.0000000   0.0000000   0.0000000   0.0000000   0.0000000
 142.8660738   0.0000000   0.0000000   0.0000000   0.0000000   0.0000000   0.0000000   0.0000000   0.0000000   0.0000000   0.0000000
 143.1588322   0.0000000   0.0000000   0.0000000   0.0000000   0.0000000   0.0000000   0.0000000   0.0000000   0.0000000   0.0000000
 143.4515905   0.0000000   0.0000000   0.0000000   0.0000000   0.0000000   0.0000000   0.0000000   0.0000000   0.0000000   0.0000000
 143.7443489   0.0000000   0.0000000   0.0000000   0.0000000   0.0000000   0.0000000   0.0000000   0.0000000   0.0000000   0.0000000
 144.0371072   0.0000000   0.0000000   0.0000000   0.0000000   0.0000000   0.0000000   0.0000000   0.0000000   0.0000000   0.0000000
 144.3298656   0.0000000   0.0000000   0.0000000   0.0000000   0.0000000   0.0000000   0.0000000   0.0000000   0.0000000   0.0000000
 144.6226239   0.0000000   0.0000000   0.0000000   0.0000000   0.0000000   0.0000000   0.0000000   0.0000000   0.0000000   0.0000000
 144.9153823   0.0000000   0.0000000   0.0000000   0.0000000   0.0000000   0.0000000   0.0000000   0.0000000   0.0000000   0.0000000
 145.2081406   0.0000000   0.0000000   0.0000000   0.0000000   0.0000000   0.0000000   0.0000000   0.0000000   0.0000000   0.0000000
 145.5008990   0.0000000   0.0000000   0.0000000   0.0000000   0.0000000   0.0000000   0.0000000   0.0000000   0.0000000   0.0000000
 145.7936573   0.0000000   0.0000000   0.0000000   0.0000000   0.0000000   0.0000000   0.0000000   0.0000000   0.0000000   0.0000000
 146.0864157   0.0000000   0.0000000   0.0000000   0.0000000   0.0000000   0.0000000   0.0000000   0.0000000   0.0000000   0.0000000
 146.3791740   0.0000000   0.0000000   0.0000000   0.0000000   0.0000000   0.0000000   0.0000000   0.0000000   0.0000000   0.0000000