   0.2938783   0.0000000   0.0000000   0.0000041   0.0000494   0.0001667   0.0003359   0.0005298   0.0007336   0.0009404   0.0011471
   0.5877567   0.0005942   0.0015562   0.0020415   0.0022900   0.0024801   0.0026649   0.0028494   0.0030335   0.0032174   0.0034011
   0.8816350   0.0048014   0.0062298   0.0068059   0.0069254   0.0068900   0.0068324   0.0067977   0.0067925   0.0068125   0.0068521
   1.1755133   0.0111854   0.0104924   0.0105181   0.0106637   0.0107502   0.0107830   0.0107780   0.0107496   0.0107103   0.0106704
   1.4693917   0.0156597   0.0156923   0.0152310   0.0148916   0.0146828   0.0145501   0.0144555   0.0143810   0.0143212   0.0142754
   1.7632700   0.0169568   0.0171022   0.0172808   0.0173812   0.0174484   0.0174863   0.0175178   0.0175598   0.0176166   0.0176856
   2.0571483   0.0213566   0.0205233   0.0202641   0.0203412   0.0205273   0.0207543   0.0209904   0.0212150   0.0214184   0.0215989
   2.3510266   0.0270253   0.0265724   0.0262595   0.0262626   0.0263202   0.0263675   0.0264071   0.0264471   0.0264925   0.0265460
   2.6449050   0.0342029   0.0335847   0.0331267   0.0328083   0.0325675   0.0323603   0.0321848   0.0320497   0.0319585   0.0319083
   2.9387833   0.0350297   0.0365688   0.0366878   0.0366126   0.0366481   0.0367551   0.0368818   0.0370015   0.0371038   0.0371878
   3.2326616   0.0393964   0.0408564   0.0414580   0.0418656   0.0421861   0.0424280   0.0426040   0.0427336   0.0428333   0.0429152
   3.5265400   0.0529876   0.0514591   0.0508821   0.0504111   0.0499612   0.0496112   0.0493674   0.0492125   0.0491331   0.0491197
   3.8204183   0.0511262   0.0521305   0.0533946   0.0541383   0.0545372   0.0547837   0.0549824   0.0551812   0.0553986   0.0556389
   4.1142966   0.0577045   0.0598960   0.0606116   0.0609807   0.0613795   0.0618621   0.0623862   0.0629102   0.0634106   0.0638782
   4.4081750   0.0755458   0.0738916   0.0739514   0.0740500   0.0741324   0.0742511   0.0743990   0.0745651   0.0747451   0.0749369
   4.7020533   0.0834985   0.0873795   0.0884210   0.0886080   0.0884757   0.0882117   0.0879251   0.0876704   0.0874664   0.0873154
   4.9959316   0.1002094   0.1006209   0.0999715   0.0996025   0.0994349   0.0993636   0.0993122   0.0992444   0.0991552   0.0990538
   5.2898099   0.1128654   0.1105249   0.1097215   0.1097593   0.1098933   0.1099818   0.1100363   0.1100744   0.1101044   0.1101290
   5.5836883   0.1252986   0.1223531   0.1212949   0.1211029   0.1210568   0.1210399   0.1210655   0.1211324   0.1212254   0.1213260
   5.8775666   0.1354433   0.1324868   0.1320267   0.1320559   0.1322836   0.1325526   0.1327905   0.1329668   0.1330752   0.1331229
   6.1714449   0.1442211   0.1466461   0.1468883   0.1466908   0.1464897   0.1462201   0.1458944   0.1455489   0.1452092   0.1448898
   6.4653233   0.1655026   0.1617422   0.1592742   0.1579715   0.1571372   0.1564724   0.1559150   0.1554520   0.1550719   0.1547629
   6.7592016   0.1704539   0.1629801   0.1605783   0.1604848   0.1610161   0.1615924   0.1620789   0.1624712   0.1627848   0.1630329
   7.0530799   0.1724977   0.1722585   0.1715504   0.1709760   0.1709018   0.1711284   0.1714779   0.1718547   0.1722165   0.1725432
   7.3469583   0.1799106   0.1810179   0.1834157   0.1844464   0.1845905   0.1844269   0.1842290   0.1840736   0.1839586   0.1838630
   7.6408366   0.1885519   0.1916664   0.1941118   0.1952923   0.1957659   0.1958716   0.1957408   0.1954429   0.1950332   0.1945583
   7.9347149   0.2114453   0.2116957   0.2098218   0.2078332   0.2063034   0.2051552   0.2042176   0.2033939   0.2026408   0.2019365
   8.2285933   0.2025551   0.2042160   0.2047614   0.2053375   0.2056606   0.2057315   0.2056460   0.2054732   0.2052409   0.2049567
   8.5224716   0.1996473   0.2032305   0.2035614   0.2039663   0.2044763   0.2049637   0.2053551   0.2056182   0.2057535   0.2057796
   8.8163499   0.2119663   0.2118412   0.2103923   0.2092537   0.2083311   0.2075943   0.2070335   0.2066288   0.2063503   0.2061652
   9.1102282   0.2026988   0.2036870   0.2039837   0.2045777   0.2050576   0.2053564   0.2055264   0.2056263   0.2057066   0.2058031
   9.4041066   0.2061213   0.2051695   0.2041366   0.2039886   0.2041149   0.2043780   0.2047653   0.2052450   0.2057728   0.2063131
   9.6979849   0.2049457   0.2075238   0.2065079   0.2064742   0.2070443   0.2077609   0.2084627   0.2091158   0.2097252   0.2103008
   9.9918632   0.2245802   0.2214098   0.2194495   0.2186215   0.2182044   0.2179505   0.2178077   0.2177545   0.2177762   0.2178615
  10.2857416   0.2283720   0.2274512   0.2270567   0.2272777   0.2273102   0.2271406   0.2269060   0.2266834   0.2264992   0.2263576
  10.5796199   0.2370603   0.2346954   0.2337855   0.2335894   0.2337108   0.2339230   0.2341092   0.2342198   0.2342470   0.2342038
  10.8734982   0.2434745   0.2438752   0.2434787   0.2429152   0.2425756   0.2423092   0.2420632   0.2418335   0.2416174   0.2414087
  11.1673766   0.2567990   0.2510578   0.2493580   0.2488684   0.2485856   0.2483102   0.2480271   0.2477531   0.2474980   0.2472633
  11.4612549   0.2496991   0.2513859   0.2514321   0.2513135   0.2513646   0.2514869   0.2516036   0.2516821   0.2517146   0.2517036
  11.7551332   0.2575129   0.2544750   0.2551685   0.2555095   0.2556435   0.2557106   0.2557567   0.2557909   0.2558108   0.2558139
  12.0490116   0.2591620   0.2600273   0.2603916   0.2605237   0.2604827   0.2603429   0.2601809   0.2600330   0.2599127   0.2598241
  12.3428899   0.2718650   0.2664651   0.2642212   0.2636131   0.2634255   0.2633639   0.2633533   0.2633694   0.2634090   0.2634769
  12.6367682   0.2662918   0.2667459   0.2660004   0.2659004   0.2661317   0.2664225   0.2667276   0.2670581   0.2674193   0.2678033
  12.9306465   0.2776905   0.2734437   0.2722465   0.2720350   0.2722046   0.2725975   0.2731105   0.2736650   0.2742081   0.2747091
  13.2245249   0.2784922   0.2802300   0.2820278   0.2831261   0.2838194   0.2842319   0.2844554   0.2845472   0.2845495   0.2844978
  13.5184032   0.3020293   0.3019876   0.3009451   0.2998340   0.2986258   0.2974193   0.2963007   0.2953134   0.2944696   0.2937634
  13.8122815   0.3043123   0.3032303   0.3013475   0.3005289   0.3001519   0.2999409   0.2997802   0.2996217   0.2994535   0.2992785
  14.1061599   0.2972840   0.2961443   0.2971981   0.2985715   0.2998497   0.3009361   0.3018375   0.3025762   0.3031744   0.3036553
  14.4000382   0.3096051   0.3116900   0.3117672   0.3111201   0.3105486   0.3101759   0.3100191   0.3100538   0.3102347   0.3105165
  14.6939165   0.3197085   0.3189902   0.3183559   0.3182844   0.3184936   0.3187605   0.3189891   0.3191911   0.3194108   0.3196851
  14.9877949   0.3295710   0.3291853   0.3293293   0.3292808   0.3292740   0.3294178   0.3297097   0.3301158   0.3306085   0.3311769
  15.2816732   0.3314227   0.3374668   0.3402879   0.3417773   0.3427726   0.3435624   0.3442998   0.3450833   0.3459532   0.3469013
  15.5755515   0.3678044   0.3650074   0.3647297   0.3644373   0.3644901   0.3650727   0.3660208   0.3671095   0.3681782   0.3691393
  15.8694298   0.3803629   0.3864783   0.3907266   0.3939292   0.3960235   0.3971495   0.3975746   0.3975357   0.3971910   0.3966300
  16.1633082   0.4524117   0.4506860   0.4446602   0.4392758   0.4347670   0.4309856   0.4277237   0.4247741   0.4219818   0.4192541
  16.4571865   0.4388534   0.4349862   0.4340376   0.4345940   0.4348209   0.4340857   0.4324207   0.4300628   0.4272558   0.4241924
  16.7510648   0.4396157   0.4312058   0.4262945   0.4226838   0.4196500   0.4169861   0.4146085   0.4124154   0.4103161   0.4082586
  17.0449432   0.3767387   0.3745468   0.3747592   0.3755651   0.3764873   0.3772204   0.3777745   0.3782318   0.3786486   0.3790362
  17.3388215   0.3447540   0.3385644   0.3375224   0.3384220   0.3401740   0.3423696   0.3448055   0.3473087   0.3497408   0.3520176
  17.6326998   0.3292768   0.3284096   0.3284852   0.3294290   0.3309175   0.3325068   0.3340385   0.3355264   0.3370160   0.3385296
  17.9265782   0.3443271   0.3452840   0.3439627   0.3416291   0.3393809   0.3376154   0.3363734   0.3355858   0.3351777   0.3350892
  18.2204565   0.3185054   0.3208946   0.3259013   0.3295573   0.3315216   0.3324706   0.3328785   0.3330054   0.3330041   0.3329688
  18.5143348   0.3311630   0.3306828   0.3306438   0.3301774   0.3297612   0.3297106   0.3299307   0.3302486   0.3305485   0.3307767
  18.8082132   0.3218816   0.3267930   0.3288601   0.3295359   0.3298406   0.3299493   0.3299191   0.3298076   0.3296561   0.3294848
  19.1020915   0.3325408   0.3315942   0.3311713   0.3306091   0.3300307   0.3294065   0.3287519   0.3281108   0.3275186   0.3269924
  19.3959698   0.3331212   0.3279560   0.3251675   0.3236929   0.3228084   0.3222821   0.3219837   0.3218058   0.3216707   0.3215354
  19.6898481   0.3033866   0.3058644   0.3074629   0.3095791   0.3115124   0.3129337   0.3138765   0.3144748   0.3148471   0.3150786
  19.9837265   0.3225116   0.3217005   0.3184057   0.3150785   0.3127099   0.3111848   0.3102655   0.3097643   0.3095545   0.3095599
  20.2776048   0.2947042   0.2951227   0.2975630   0.2997762   0.3013699   0.3024403   0.3031928   0.3038284   0.3044976   0.3052912
  20.5714831   0.2997376   0.2983802   0.2985894   0.2988479   0.2993509   0.3002528   0.3015971   0.3033046   0.3052591   0.3073635
  20.8653615   0.3113630   0.3081181   0.3071468   0.3083648   0.3106449   0.3132950   0.3159984   0.3186580   0.3212556   0.3237833
  21.1592398   0.3600880   0.3545276   0.3531003   0.3527988   0.3528567   0.3532127   0.3537983   0.3545239   0.3553229   0.3561552
  21.4531181   0.3901929   0.3967350   0.4002566   0.4013443   0.4009421   0.3997745   0.3983241   0.3968308   0.3953910   0.3940383
  21.7469965   0.4403935   0.4380620   0.4363818   0.4345035   0.4328433   0.4312995   0.4296538   0.4278239   0.4258380   0.4237638
  22.0408748   0.4495044   0.4497162   0.4495046   0.4483461   0.4470449   0.4456770   0.4442620   0.4428140   0.4413199   0.4397594
  22.3347531   0.4435037   0.4424734   0.4435805   0.4445724   0.4453277   0.4457940   0.4459638   0.4458654   0.4455407   0.4450338
  22.6286314   0.4463607   0.4495518   0.4485582   0.4475878   0.4468444   0.4463729   0.4461067   0.4459828   0.4459542   0.4459760
  22.9225098   0.4328017   0.4404588   0.4429575   0.4441267   0.4446381   0.4450284   0.4454890   0.4460176   0.4465727   0.4471232
  23.2163881   0.4382809   0.4387060   0.4420536   0.4450579   0.4471985   0.4486650   0.4497009   0.4504863   0.4511344   0.4517129
  23.5102664   0.4761374   0.4750885   0.4700059   0.4656266   0.4628180   0.4612041   0.4603277   0.4599066   0.4597840   0.4598647
  23.8041448   0.4539042   0.4585737   0.4618762   0.4644029   0.4662345   0.4674597   0.4682568   0.4687993   0.4692014   0.4695194
  24.0980231   0.4745513   0.4781428   0.4792653   0.4798546   0.4800532   0.4802075   0.4804439   0.4806881   0.4808273   0.4807908
  24.3919014   0.5004406   0.4990853   0.4974352   0.4966403   0.4962222   0.4956394   0.4947102   0.4934704   0.4920191   0.4904339
  24.6857798   0.5229672   0.5171988   0.5113854   0.5071477   0.5035488   0.5002614   0.4972431   0.4944241   0.4917179   0.4890719
  24.9796581   0.4820016   0.4751241   0.4730987   0.4743068   0.4755387   0.4758486   0.4752659   0.4740558   0.4724820   0.4707441
  25.2735364   0.4694295   0.4608035   0.4529641   0.4476909   0.4443050   0.4422460   0.4411423   0.4406852   0.4406316   0.4408049
  25.5674148   0.3786376   0.3827343   0.3875714   0.3926263   0.3971922   0.4010795   0.4044549   0.4074785   0.4102319   0.4127449
  25.8612931   0.3916817   0.3890883   0.3885136   0.3889041   0.3900788   0.3917746   0.3937140   0.3957033   0.3976395   0.3994830
  26.1551714   0.4098220   0.4115395   0.4096963   0.4070449   0.4045752   0.4024014   0.4005855   0.3991771   0.3981822   0.3975684
  26.4490497   0.3989215   0.3942111   0.3950259   0.3961286   0.3966301   0.3965650   0.3961093   0.3954354   0.3946826   0.3939569
  26.7429281   0.3893723   0.3867087   0.3857578   0.3850371   0.3847433   0.3848639   0.3852191   0.3856324   0.3860038   0.3863017
  27.0368064   0.3683669   0.3708059   0.3732200   0.3751638   0.3764499   0.3773169   0.3780107   0.3786781   0.3793851   0.3801494
  27.3306847   0.3849683   0.3787151   0.3771785   0.3765001   0.3762222   0.3763167   0.3767382   0.3774175   0.3783064   0.3793802
  27.6245631   0.3783759   0.3782262   0.3776127   0.3783021   0.3794904   0.3807793   0.3821129   0.3835400   0.3851040   0.3868145
  27.9184414   0.4038012   0.3989453   0.3971622   0.3969176   0.3975638   0.3987948   0.4004293   0.4023134   0.4043167   0.4063424
  28.2123197   0.4208749   0.4263493   0.4287846   0.4307985   0.4327986   0.4345359   0.4359712   0.4371396   0.4380805   0.4388310
  28.5061981   0.5008346   0.4955977   0.4910339   0.4880272   0.4856042   0.4833572   0.4811805   0.4790711   0.4770498   0.4751365
  28.8000764   0.5270900   0.5229736   0.5190102   0.5161815   0.5134853   0.5107147   0.5079031   0.5051129   0.5023949   0.4997770
  29.0939547   0.5039479   0.5048674   0.5066890   0.5084441   0.5094880   0.5099662   0.5100293   0.5097193   0.5090546   0.5080706
  29.3878330   0.5036649   0.5060431   0.5069758   0.5074537   0.5078856   0.5082216   0.5084232   0.5084721   0.5083513   0.5080409
  29.6817114   0.5212261   0.5172379   0.5139155   0.5112024   0.5092568   0.5078731   0.5068303   0.5059834   0.5052432   0.5045452
  29.9755897   0.4908973   0.4927076   0.4946096   0.4965918   0.4977973   0.4982358   0.4981622   0.4977725   0.4971677   0.4963992
  30.2694680   0.4927660   0.4935121   0.4905692   0.4884355   0.4870796   0.4861537   0.4853300   0.4844363   0.4834260   0.4823104
  30.5633464   0.4615951   0.4676415   0.4690958   0.4686284   0.4673383   0.4658146   0.4643001   0.4628803   0.4615788   0.4603917
  30.8572247   0.4163580   0.4204190   0.4257008   0.4285713   0.4299845   0.4306558   0.4309946   0.4311955   0.4313250   0.4313989
  31.1511030   0.4024022   0.4013218   0.3988448   0.3972609   0.3971330   0.3979911   0.3992097   0.4004368   0.4015495   0.4025349
  31.4449814   0.3661415   0.3723432   0.3757517   0.3774223   0.3779868   0.3780781   0.3781057   0.3782906   0.3787181   0.3793986
  31.7388597   0.3461117   0.3538036   0.3571760   0.3582403   0.3585144   0.3587385   0.3591978   0.3599568   0.3610111   0.3623378
  32.0327380   0.3459688   0.3404855   0.3396977   0.3408131   0.3427883   0.3452181   0.3478289   0.3504705   0.3530804   0.3556451
  32.3266164   0.3577776   0.3545610   0.3540677   0.3549727   0.3564618   0.3581237   0.3598424   0.3616259   0.3635025   0.3654867
  32.6204947   0.3927636   0.3932967   0.3924425   0.3908697   0.3894156   0.3883744   0.3878493   0.3878374   0.3882648   0.3890105
  32.9143730   0.4064656   0.4064187   0.4092959   0.4118444   0.4139244   0.4156611   0.4170992   0.4181411   0.4186825   0.4186961
  33.2082513   0.4629319   0.4570844   0.4553097   0.4556914   0.4562730   0.4559263   0.4543968   0.4518822   0.4486883   0.4450871
  33.5021297   0.5367550   0.5269609   0.5125823   0.4986466   0.4864789   0.4760273   0.4670370   0.4592618   0.4524810   0.4465042
  33.7960080   0.3738056   0.3841311   0.3944867   0.4030468   0.4088225   0.4122029   0.4138747   0.4143928   0.4141461   0.4133999
  34.0898863   0.3557831   0.3540106   0.3535555   0.3541556   0.3559946   0.3589762   0.3626288   0.3664274   0.3699988   0.3731478
  34.3837647   0.3438925   0.3442094   0.3430775   0.3428129   0.3432432   0.3439871   0.3449853   0.3463167   0.3480272   0.3500874
  34.6776430   0.3449534   0.3433869   0.3415966   0.3408469   0.3404355   0.3401545   0.3401062   0.3404201   0.3411758   0.3423926
  34.9715213   0.3402032   0.3366511   0.3345947   0.3345994   0.3355482   0.3371040   0.3390773   0.3412721   0.3434988   0.3456175
  35.2653997   0.3407890   0.3402412   0.3436986   0.3477537   0.3516851   0.3551692   0.3579044   0.3597861   0.3609086   0.3614566
  35.5592780   0.4083596   0.4101387   0.4111523   0.4083738   0.4029952   0.3968923   0.3910941   0.3859968   0.3817049   0.3782036
  35.8531563   0.3712718   0.3852046   0.3878654   0.3870956   0.3852992   0.3832279   0.3812221   0.3794907   0.3781324   0.3771472
  36.1470347   0.3311775   0.3342579   0.3353300   0.3383457   0.3437605   0.3503233   0.3569023   0.3628485   0.3678550   0.3718339
  36.4409130   0.3678854   0.3708073   0.3738042   0.3767172   0.3793717   0.3815070   0.3831196   0.3843082   0.3851378   0.3856364
  36.7347913   0.4618278   0.4579294   0.4521584   0.4441779   0.4353553   0.4267338   0.4188143   0.4117826   0.4056872   0.4005095
  37.0286696   0.3835514   0.3922634   0.3955618   0.3972207   0.3974479   0.3964950   0.3947108   0.3924321   0.3899577   0.3875421
  37.3225480   0.3438511   0.3393809   0.3382451   0.3393644   0.3420564   0.3455694   0.3493795   0.3532123   0.3569545   0.3605715
  37.6164263   0.3365500   0.3279994   0.3263299   0.3273306   0.3296638   0.3331999   0.3378837   0.3435109   0.3497787   0.3563702
  37.9103046   0.3407541   0.3449187   0.3511258   0.3583842   0.3654885   0.3722024   0.3785300   0.3845057   0.3901979   0.3956542
  38.2041830   0.4833064   0.4836795   0.4803077   0.4773231   0.4747966   0.4726917   0.4711970   0.4702376   0.4695561   0.4689112
  38.4980613   0.6115111   0.5853430   0.5725271   0.5668845   0.5640785   0.5610357   0.5566373   0.5509232   0.5443062   0.5372151
  38.7919396   0.6526752   0.6502556   0.6364800   0.6229367   0.6106406   0.5991395   0.5882115   0.5777577   0.5677434   0.5581689
  39.0858180   0.5074672   0.5124316   0.5220125   0.5288515   0.5310874   0.5304235   0.5284211   0.5258295   0.5228990   0.5196816
  39.3796963   0.4215558   0.4212014   0.4225662   0.4261294   0.4316034   0.4380992   0.4445219   0.4501481   0.4547074   0.4581969
  39.6735746   0.4185920   0.4133253   0.4111495   0.4095066   0.4083065   0.4076942   0.4078480   0.4088311   0.4105312   0.4127360
  39.9674529   0.3798285   0.3815942   0.3826370   0.3829268   0.3827465   0.3823800   0.3821051   0.3821439   0.3826531   0.3837151
  40.2613313   0.3491533   0.3486393   0.3497003   0.3510048   0.3528702   0.3551830   0.3577158   0.3603192   0.3629276   0.3655276
  40.5552096   0.3376306   0.3436487   0.3465038   0.3489788   0.3513150   0.3538131   0.3564726   0.3591837   0.3618419   0.3643694
  40.8490879   0.3691451   0.3732206   0.3767677   0.3788412   0.3794803   0.3794776   0.3792736   0.3790249   0.3787641   0.3784834
  41.1429663   0.4035656   0.4114715   0.4108519   0.4082255   0.4054916   0.4027242   0.3998247   0.3967824   0.3936548   0.3905251
  41.4368446   0.4138126   0.4094138   0.4054003   0.4022927   0.3994186   0.3963765   0.3930712   0.3895975   0.3860877   0.3826515
  41.7307229   0.3582999   0.3596041   0.3588847   0.3579083   0.3569366   0.3560189   0.3552188   0.3545420   0.3539399   0.3533527
  42.0246013   0.2907250   0.2944993   0.2979378   0.3012075   0.3047023   0.3082666   0.3116848   0.3148132   0.3175912   0.3200103
  42.3184796   0.2911971   0.2890952   0.2901646   0.2914110   0.2924814   0.2936317   0.2949830   0.2965402   0.2982580   0.3000779
  42.6123579   0.2949484   0.2974034   0.2969063   0.2957817   0.2945243   0.2934157   0.2926014   0.2921487   0.2920781   0.2923749
  42.9062363   0.2817822   0.2832790   0.2840590   0.2848499   0.2856938   0.2865075   0.2872202   0.2878301   0.2883768   0.2889144
  43.2001146   0.2784932   0.2828374   0.2842779   0.2849011   0.2855076   0.2862158   0.2869810   0.2877594   0.2885225   0.2892596
  43.4939929   0.2876491   0.2922687   0.2940052   0.2941113   0.2938889   0.2937051   0.2936367   0.2937106   0.2939284   0.2942732
  43.7878712   0.2929420   0.2979255   0.2999497   0.3005944   0.3008450   0.3010793   0.3013434   0.3016270   0.3019286   0.3022594
  44.0817496   0.3010436   0.3061303   0.3087263   0.3099724   0.3106917   0.3111989   0.3116026   0.3119655   0.3123285   0.3127115
  44.3756279   0.3279885   0.3274478   0.3268263   0.3260236   0.3253719   0.3250408   0.3250131   0.3251981   0.3254978   0.3258325
  44.6695062   0.3327323   0.3339704   0.3354013   0.3370248   0.3385698   0.3397629   0.3405441   0.3409662   0.3410989   0.3409997
  44.9633846   0.3781805   0.3709177   0.3674007   0.3646751   0.3624356   0.3605706   0.3589135   0.3573354   0.3557720   0.3542038
  45.2572629   0.3671981   0.3659403   0.3674297   0.3678909   0.3670585   0.3654318   0.3634295   0.3613028   0.3591863   0.3571440
  45.5511412   0.3450510   0.3492945   0.3502909   0.3501408   0.3497211   0.3493234   0.3489497   0.3485289   0.3480228   0.3474326
  45.8450196   0.3286582   0.3255135   0.3259492   0.3270555   0.3282745   0.3294518   0.3305557   0.3315876   0.3325424   0.3334042
  46.1388979   0.3256892   0.3218465   0.3200440   0.3194897   0.3196831   0.3202765   0.3211113   0.3220957   0.3231585   0.3242447
  46.4327762   0.3237414   0.3203929   0.3192960   0.3193297   0.3197653   0.3202593   0.3207153   0.3211457   0.3215886   0.3220734
  46.7266545   0.3210124   0.3264237   0.3264540   0.3259126   0.3252376   0.3245967   0.3240917   0.3237439   0.3235395   0.3234594
  47.0205329   0.3185128   0.3217593   0.3228450   0.3236284   0.3242004   0.3245736   0.3248075   0.3249486   0.3250317   0.3250827
  47.3144112   0.3369591   0.3293001   0.3270237   0.3263919   0.3262897   0.3263898   0.3265594   0.3267278   0.3268604   0.3269471
  47.6082895   0.3334602   0.3324316   0.3309940   0.3304929   0.3302631   0.3300221   0.3297513   0.3294908   0.3292655   0.3290793
  47.9021679   0.3324838   0.3328647   0.3323091   0.3316189   0.3311789   0.3308997   0.3306990   0.3305313   0.3303740   0.3302189
  48.1960462   0.3262537   0.3271536   0.3282275   0.3290925   0.3296399   0.3299987   0.3302195   0.3303339   0.3303707   0.3303527
  48.4899245   0.3264824   0.3300316   0.3313252   0.3314628   0.3311409   0.3307727   0.3304946   0.3303109   0.3301876   0.3300915
  48.7838029   0.3203632   0.3263819   0.3278991   0.3285279   0.3289520   0.3292360   0.3293754   0.3293963   0.3293386   0.3292340
  49.0776812   0.3320133   0.3317205   0.3305735   0.3296870   0.3289800   0.3284912   0.3281574   0.3279086   0.3276970   0.3274954
  49.3715595   0.3179687   0.3212244   0.3230965   0.3242280   0.3247586   0.3249289   0.3249096   0.3247883   0.3246157   0.3244283
  49.6654379   0.3238345   0.3220174   0.3213416   0.3210752   0.3208375   0.3205841   0.3203689   0.3202292   0.3201765   0.3202092
  49.9593162   0.3199615   0.3185820   0.3158123   0.3144451   0.3141361   0.3143553   0.3148146   0.3153975   0.3160525   0.3167509
  50.2531945   0.3043716   0.3084830   0.3096136   0.3106866   0.3120520   0.3134142   0.3146868   0.3158693   0.3169785   0.3180339
  50.5470728   0.3326009   0.3270002   0.3253122   0.3249977   0.3248518   0.3247534   0.3247996   0.3250283   0.3254261   0.3259646
  50.8409512   0.3496636   0.3416236   0.3383600   0.3374398   0.3372709   0.3373138   0.3374346   0.3376152   0.3378688   0.3382096
  51.1348295   0.3536057   0.3522895   0.3507390   0.3505122   0.3508396   0.3513205   0.3518327   0.3523402   0.3528395   0.3533418
  51.4287078   0.3618638   0.3689313   0.3694919   0.3699552   0.3702520   0.3704579   0.3706950   0.3710142   0.3714148   0.3718879
  51.7225862   0.3908918   0.3914216   0.3915783   0.3917398   0.3919372   0.3922589   0.3926233   0.3929955   0.3934478   0.3940890
  52.0164645   0.4060848   0.4130881   0.4165172   0.4177372   0.4178559   0.4176968   0.4178702   0.4187259   0.4202682   0.4222435
  52.3103428   0.4362249   0.4381706   0.4390685   0.4400371   0.4426469   0.4472386   0.4527388   0.4578238   0.4616876   0.4640699
  52.6042212   0.4856121   0.4881219   0.5035280   0.5203712   0.5301897   0.5327717   0.5304634   0.5253376   0.5187549   0.5115243
  52.8980995   0.8396766   0.7533181   0.6887666   0.6418648   0.6065619   0.5789671   0.5568098   0.5386245   0.5233818   0.5103444
  53.1919778   0.3795343   0.3781040   0.3829180   0.3965159   0.4119970   0.4240866   0.4316716   0.4354644   0.4365210   0.4357402
  53.4858561   0.3252963   0.3221406   0.3215566   0.3218694   0.3231982   0.3261714   0.3308568   0.3365473   0.3423612   0.3476582
  53.7797345   0.2726613   0.2774185   0.2796221   0.2804670   0.2809581   0.2815046   0.2823364   0.2836763   0.2856733   0.2883025
  54.0736128   0.2428577   0.2416585   0.2437080   0.2452920   0.2461784   0.2467502   0.2472474   0.2477920   0.2484752   0.2493916
  54.3674911   0.2207996   0.2195604   0.2181272   0.2172476   0.2169041   0.2169286   0.2171845   0.2175810   0.2180708   0.2186414
  54.6613695   0.1928921   0.1902399   0.1890441   0.1892022   0.1898173   0.1904314   0.1909458   0.1913939   0.1918294   0.1922931
  54.9552478   0.1754887   0.1724447   0.1706675   0.1696296   0.1689978   0.1686470   0.1685467   0.1686592   0.1689420   0.1693598
  55.2491261   0.1452567   0.1431553   0.1438094   0.1449278   0.1459767   0.1468747   0.1476765   0.1484339   0.1491781   0.1499194
  55.5430045   0.1347447   0.1331702   0.1320718   0.1319930   0.1322969   0.1328047   0.1334340   0.1341025   0.1347332   0.1352695
  55.8368828   0.1247864   0.1259580   0.1256358   0.1254342   0.1254336   0.1253828   0.1251445   0.1246894   0.1240440   0.1232548
  56.1307611   0.1222326   0.1213078   0.1203982   0.1189434   0.1169478   0.1146517   0.1122448   0.1098519   0.1075562   0.1054138
  56.4246395   0.0815945   0.0838233   0.0836224   0.0826097   0.0812218   0.0797224   0.0782811   0.0769794   0.0758440   0.0748758
  56.7185178   0.0246221   0.0242544   0.0248567   0.0263835   0.0285244   0.0308863   0.0332103   0.0353757   0.0373434   0.0391140
  57.0123961   0.0000000   0.0000129   0.0003567   0.0013673   0.0028883   0.0047404   0.0068221   0.0090538   0.0113577   0.0136651
  57.3062744   0.0000000   0.0000000   0.0000000   0.0000025   0.0000384   0.0001882   0.0005316   0.0011098   0.0019284   0.0029679
  57.6001528   0.0000000   0.0000000   0.0000000   0.0000000   0.0000000   0.0000015   0.0000130   0.0000575   0.0001681   0.0003779
  57.8940311   0.0000000   0.0000000   0.0000000   0.0000000   0.0000000   0.0000000   0.0000001   0.0000012   0.0000071   0.0000270
  58.1879094   0.0000000   0.0000000   0.0000000   0.0000000   0.0000000   0.0000000   0.0000000   0.0000000   0.0000001   0.0000010
  58.4817878   0.0000000   0.0000000   0.0000000   0.0000000   0.0000000   0.0000000   0.0000000   0.0000000   0.0000000   0.0000000
  58.7756661   0.0000000   0.0000000   0.0000000   0.0000000   0.0000000   0.0000000   0.0000000   0.0000000   0.0000000   0.0000000
  59.0695444   0.0000000   0.0000000   0.0000000   0.0000000   0.0000000   0.0000000   0.0000000   0.0000000   0.0000000   0.0000000
  59.3634228   0.0000000   0.0000000   0.0000000   0.0000000   0.0000000   0.0000000   0.0000000   0.0000000   0.0000000   0.0000000
  59.6573011   0.0000000   0.0000000   0.0000000   0.0000000   0.0000000   0.0000000   0.0000000   0.0000000   0.0000000   0.0000000
  59.9511794   0.0000000   0.0000000   0.0000000   0.0000000   0.0000000   0.0000000   0.0000000   0.0000000   0.0000000   0.0000000
  60.2450578   0.0000000   0.0000000   0.0000000   0.0000000   0.0000000   0.0000000   0.0000000   0.0000000   0.0000000   0.0000000
  60.5389361   0.0000000   0.0000000   0.0000000   0.0000000   0.0000000   0.0000000   0.0000000   0.0000000   0.0000000   0.0000000
  60.8328144   0.0000000   0.0000000   0.0000000   0.0000000   0.0000000   0.0000000   0.0000000   0.0000000   0.0000000   0.0000000
  61.1266927   0.0000000   0.0000000   0.0000000   0.0000000   0.0000000   0.0000000   0.0000000   0.0000000   0.0000000   0.0000000
  61.4205711   0.0000000   0.0000000   0.0000000   0.0000000   0.0000000   0.0000000   0.0000000   0.0000000   0.0000000   0.0000000
  61.7144494   0.0000000   0.0000000   0.0000000   0.0000000   0.0000000   0.0000000   0.0000000   0.0000000   0.0000000   0.0000000
  62.0083277   0.0000000   0.0000000   0.0000000   0.0000000   0.0000000   0.0000000   0.0000000   0.0000000   0.0000000   0.0000000
  62.3022061   0.0000000   0.0000000   0.0000000   0.0000000   0.0000000   0.0000000   0.0000000   0.0000000   0.0000000   0.0000000
  62.5960844   0.0000000   0.0000000   0.0000000   0.0000000   0.0000000   0.0000000   0.0000000   0.0000000   0.0000000   0.0000000
  62.8899627   0.0000000   0.0000000   0.0000000   0.0000000   0.0000000   0.0000000   0.0000000   0.0000000   0.0000000   0.0000000
  63.1838411   0.0000000   0.0000000   0.0000000   0.0000000   0.0000000   0.0000000   0.0000000   0.0000000   0.0000000   0.0000000
  63.4777194   0.0000000   0.0000000   0.0000000   0.0000000   0.0000000   0.0000000   0.0000000   0.0000000   0.0000000   0.0000000
  63.7715977   0.0000000   0.0000000   0.0000000   0.0000000   0.0000000   0.0000000   0.0000000   0.0000000   0.0000000   0.0000000
  64.0654760   0.0000000   0.0000000   0.0000000   0.0000000   0.0000000   0.0000000   0.0000000   0.0000000   0.0000000   0.0000000
  64.3593544   0.0000000   0.0000000   0.0000000   0.0000000   0.0000000   0.0000000   0.0000000   0.0000000   0.0000000   0.0000000
  64.6532327   0.0000000   0.0000000   0.0000000   0.0000000   0.0000000   0.0000000   0.0000000   0.0000000   0.0000000   0.0000000
  64.9471110   0.0000000   0.0000000   0.0000000   0.0000000   0.0000000   0.0000000   0.0000000   0.0000000   0.0000000   0.0000000
  65.2409894   0.0000000   0.0000000   0.0000000   0.0000000   0.0000000   0.0000000   0.0000000   0.0000000   0.0000000   0.0000000
  65.5348677   0.0000000   0.0000000   0.0000000   0.0000000   0.0000000   0.0000000   0.0000000   0.0000000   0.0000000   0.0000000
  65.8287460   0.0000000   0.0000000   0.0000000   0.0000000   0.0000000   0.0000000   0.0000000   0.0000000   0.0000000   0.0000000
  66.1226244   0.0000000   0.0000000   0.0000000   0.0000000   0.0000000   0.0000000   0.0000000   0.0000000   0.0000000   0.0000000
  66.4165027   0.0000000   0.0000000   0.0000000   0.0000000   0.0000000   0.0000000   0.0000000   0.0000000   0.0000000   0.0000000
  66.7103810   0.0000000   0.0000000   0.0000000   0.0000000   0.0000000   0.0000000   0.0000000   0.0000000   0.0000000   0.0000000
  67.0042594   0.0000000   0.0000000   0.0000000   0.0000000   0.0000000   0.0000000   0.0000000   0.0000000   0.0000000   0.0000000
  67.2981377   0.0000000   0.0000000   0.0000000   0.0000000   0.0000000   0.0000000   0.0000000   0.0000000   0.0000000   0.0000000
  67.5920160   0.0000000   0.0000000   0.0000000   0.0000000   0.0000000   0.0000000   0.0000000   0.0000000   0.0000000   0.0000000
  67.8858943   0.0000000   0.0000000   0.0000000   0.0000000   0.0000000   0.0000000   0.0000000   0.0000000   0.0000000   0.0000000
  68.1797727   0.0000000   0.0000000   0.0000000   0.0000000   0.0000000   0.0000000   0.0000000   0.0000000   0.0000000   0.0000001
  68.4736510   0.0000000   0.0000000   0.0000000   0.0000000   0.0000000   0.0000000   0.0000000   0.0000001   0.0000010   0.0000044
  68.7675293   0.0000000   0.0000000   0.0000000   0.0000000   0.0000000   0.0000001   0.0000015   0.0000083   0.0000280   0.0000694
  69.0614077   0.0000000   0.0000000   0.0000000   0.0000001   0.0000030   0.0000229   0.0000821   0.0001968   0.0003719   0.0006043
  69.3552860   0.0000000   0.0000000   0.0000151   0.0001388   0.0004283   0.0008444   0.0013378   0.0018754   0.0024372   0.0030122
  69.6491643   0.0025838   0.0040939   0.0049300   0.0055858   0.0062170   0.0068400   0.0074491   0.0080461   0.0086392   0.0092371
  69.9430427   0.0190824   0.0191346   0.0192345   0.0191690   0.0189865   0.0188449   0.0188191   0.0189200   0.0191358   0.0194522
  70.2369210   0.0301856   0.0297481   0.0300752   0.0304730   0.0308369   0.0311451   0.0314170   0.0316904   0.0319966   0.0323524
  70.5307993   0.0469823   0.0467415   0.0463034   0.0458746   0.0458243   0.0460691   0.0464745   0.0469544   0.0474585   0.0479566
  70.8246776   0.0598387   0.0617233   0.0633282   0.0643307   0.0650073   0.0655170   0.0659225   0.0662440   0.0664871   0.0666561
  71.1185560   0.0888368   0.0887320   0.0894302   0.0895163   0.0891669   0.0886281   0.0880014   0.0873349   0.0866584   0.0859911
  71.4124343   0.1057321   0.1090314   0.1089479   0.1077437   0.1064404   0.1052277   0.1041041   0.1030499   0.1020519   0.1011024
  71.7063126   0.1071232   0.1082358   0.1092081   0.1100483   0.1106362   0.1109588   0.1110416   0.1109326   0.1106788   0.1103183
  72.0001910   0.1184869   0.1183639   0.1176582   0.1170981   0.1167388   0.1165752   0.1165447   0.1165779   0.1166203   0.1166368
  72.2940693   0.1199334   0.1206207   0.1212499   0.1217861   0.1221117   0.1223181   0.1224549   0.1225577   0.1226536   0.1227556
  72.5879476   0.1248485   0.1276812   0.1289231   0.1292455   0.1292407   0.1291986   0.1292151   0.1292963   0.1294266   0.1295921
  72.8818260   0.1361234   0.1345956   0.1352739   0.1357967   0.1362018   0.1365487   0.1368571   0.1371433   0.1374196   0.1376925
  73.1757043   0.1486018   0.1480803   0.1473738   0.1469252   0.1467858   0.1468422   0.1469880   0.1471700   0.1473680   0.1475796
  73.4695826   0.1577870   0.1581123   0.1586394   0.1587917   0.1588435   0.1588296   0.1587949   0.1587891   0.1588454   0.1589817
  73.7634610   0.1695933   0.1706606   0.1705739   0.1704986   0.1704330   0.1704841   0.1706675   0.1709663   0.1713764   0.1719024
  74.0573393   0.1776285   0.1798447   0.1811605   0.1824900   0.1835540   0.1844955   0.1854808   0.1865808   0.1877909   0.1890714
  74.3512176   0.2041591   0.2064292   0.2060403   0.2062649   0.2072751   0.2087465   0.2103743   0.2119753   0.2134606   0.2147939
  74.6450959   0.2464598   0.2480344   0.2488190   0.2492948   0.2494760   0.2494472   0.2492548   0.2489424   0.2485499   0.2481092
  74.9389743   0.2884695   0.2927928   0.2934873   0.2922798   0.2901190   0.2876118   0.2850842   0.2826766   0.2804329   0.2783578
  75.2328526   0.3024768   0.3029507   0.3027919   0.3021842   0.3015579   0.3008710   0.2999900   0.2988836   0.2975882   0.2961600
  75.5267309   0.2956013   0.3020322   0.3036568   0.3039654   0.3041580   0.3043604   0.3044989   0.3045144   0.3043720   0.3040585
  75.8206093   0.3029037   0.3060293   0.3079593   0.3086763   0.3088466   0.3088247   0.3087734   0.3087457   0.3087424   0.3087441
  76.1144876   0.3155446   0.3139118   0.3130465   0.3128479   0.3128095   0.3128252   0.3128859   0.3129907   0.3131319   0.3132915
  76.4083659   0.3282816   0.3203731   0.3177097   0.3171259   0.3172499   0.3176243   0.3180444   0.3184140   0.3186863   0.3188389
  76.7022443   0.3257119   0.3257538   0.3261856   0.3265126   0.3266442   0.3265629   0.3262820   0.3258247   0.3252213   0.3245029
  76.9961226   0.3337236   0.3351178   0.3360732   0.3352817   0.3337176   0.3318835   0.3300195   0.3282173   0.3264951   0.3248412
  77.2900009   0.3201816   0.3204896   0.3202866   0.3198651   0.3193555   0.3187558   0.3180075   0.3170779   0.3159688   0.3147055
  77.5838792   0.2938340   0.2971358   0.2970112   0.2971139   0.2973529   0.2974354   0.2972607   0.2968427   0.2962315   0.2954769
  77.8777576   0.2856073   0.2812341   0.2782044   0.2762860   0.2746168   0.2732349   0.2721945   0.2714581   0.2709470   0.2705811
  78.1716359   0.2272889   0.2318152   0.2343110   0.2365344   0.2385158   0.2401122   0.2413663   0.2423609   0.2431732   0.2438619
  78.4655142   0.2242147   0.2216788   0.2193546   0.2182462   0.2179601   0.2181871   0.2187244   0.2194347   0.2202274   0.2210477
  78.7593926   0.2033728   0.2034461   0.2026316   0.2024995   0.2025676   0.2026391   0.2027341   0.2029075   0.2031896   0.2035797
  79.0532709   0.1900680   0.1877224   0.1873932   0.1876349   0.1879535   0.1882501   0.1885349   0.1888076   0.1890558   0.1892702
  79.3471492   0.1833553   0.1780868   0.1768898   0.1765846   0.1765878   0.1766727   0.1767097   0.1766327   0.1764275   0.1761088
  79.6410276   0.1673393   0.1673795   0.1673059   0.1669474   0.1661623   0.1650779   0.1638599   0.1626162   0.1614038   0.1602484
  79.9349059   0.1473602   0.1455420   0.1444261   0.1432629   0.1421167   0.1410235   0.1400002   0.1390457   0.1381471   0.1372895
  80.2287842   0.1053690   0.1044297   0.1045566   0.1051917   0.1061259   0.1070751   0.1078653   0.1084315   0.1087751   0.1089300
  80.5226626   0.0798079   0.0797813   0.0800060   0.0801363   0.0801597   0.0801262   0.0801159   0.0801811   0.0803345   0.0805670
  80.8165409   0.0588710   0.0564359   0.0554180   0.0544702   0.0537404   0.0533130   0.0531766   0.0532958   0.0536371   0.0541679
  81.1104192   0.0159414   0.0182265   0.0204409   0.0225851   0.0245413   0.0263157   0.0279473   0.0294735   0.0309269   0.0323351
  81.4042975   0.0137455   0.0139591   0.0138740   0.0139900   0.0143766   0.0150569   0.0159813   0.0170761   0.0182770   0.0195388
  81.6981759   0.0141758   0.0136758   0.0136388   0.0136866   0.0137910   0.0139242   0.0141024   0.0143632   0.0147342   0.0152234
  81.9920542   0.0148277   0.0152955   0.0152055   0.0150371   0.0149057   0.0148262   0.0147888   0.0147845   0.0148146   0.0148898
  82.2859325   0.0152920   0.0146287   0.0149436   0.0152681   0.0154436   0.0155102   0.0155189   0.0155019   0.0154758   0.0154504
  82.5798109   0.0176820   0.0170745   0.0167104   0.0164050   0.0162178   0.0161137   0.0160505   0.0160017   0.0159553   0.0159078
  82.8736892   0.0157646   0.0160369   0.0161165   0.0161671   0.0161963   0.0161959   0.0161711   0.0161336   0.0160920   0.0160502
  83.1675675   0.0149618   0.0158259   0.0159737   0.0159870   0.0159695   0.0159489   0.0159359   0.0159306   0.0159291   0.0159285
  83.4614459   0.0161110   0.0155879   0.0154820   0.0154928   0.0155481   0.0156125   0.0156716   0.0157211   0.0157619   0.0157964
  83.7553242   0.0170107   0.0162513   0.0159481   0.0158712   0.0158454   0.0158280   0.0158190   0.0158215   0.0158359   0.0158606
  84.0492025   0.0175626   0.0165222   0.0160961   0.0159995   0.0159881   0.0159979   0.0160213   0.0160557   0.0160970   0.0161409
  84.3430809   0.0168702   0.0164286   0.0162171   0.0162290   0.0163371   0.0164561   0.0165550   0.0166274   0.0166755   0.0167042
  84.6369592   0.0190879   0.0185183   0.0182979   0.0181103   0.0179414   0.0177903   0.0176574   0.0175417   0.0174417   0.0173554
  84.9308375   0.0171646   0.0176520   0.0179157   0.0179903   0.0179548   0.0178751   0.0177810   0.0176869   0.0176015   0.0175292
  85.2247158   0.0142413   0.0161162   0.0166355   0.0168205   0.0169114   0.0169936   0.0170818   0.0171709   0.0172556   0.0173324
  85.5185942   0.0151458   0.0159460   0.0164143   0.0166674   0.0168485   0.0170124   0.0171691   0.0173174   0.0174536   0.0175740
  85.8124725   0.0178355   0.0186924   0.0187169   0.0186392   0.0185919   0.0185654   0.0185447   0.0185237   0.0185009   0.0184772
  86.1063508   0.0225978   0.0210883   0.0205316   0.0202866   0.0201029   0.0199188   0.0197299   0.0195462   0.0193774   0.0192290
  86.4002292   0.0202906   0.0200252   0.0197386   0.0195772   0.0194691   0.0193822   0.0193123   0.0192562   0.0192092   0.0191678
  86.6941075   0.0170320   0.0172510   0.0174572   0.0177022   0.0179689   0.0182177   0.0184310   0.0186068   0.0187490   0.0188622
  86.9879858   0.0194404   0.0193651   0.0193180   0.0191781   0.0190701   0.0190161   0.0190084   0.0190319   0.0190736   0.0191243
  87.2818642   0.0193981   0.0194906   0.0196667   0.0198452   0.0199172   0.0199081   0.0198639   0.0198133   0.0197706   0.0197411
  87.5757425   0.0228232   0.0212979   0.0206064   0.0203906   0.0203087   0.0202796   0.0202732   0.0202727   0.0202698   0.0202625
  87.8696208   0.0194155   0.0206682   0.0206003   0.0205488   0.0205891   0.0206435   0.0206817   0.0207026   0.0207118   0.0207138
  88.1634991   0.0220909   0.0216653   0.0216329   0.0215259   0.0214038   0.0213033   0.0212330   0.0211885   0.0211615   0.0211451
  88.4573775   0.0202844   0.0203913   0.0208132   0.0211041   0.0212828   0.0213908   0.0214529   0.0214861   0.0215030   0.0215121
  88.7512558   0.0225595   0.0223703   0.0222952   0.0221492   0.0220202   0.0219382   0.0219016   0.0218951   0.0219035   0.0219168
  89.0451341   0.0228939   0.0219280   0.0218593   0.0220087   0.0221727   0.0222915   0.0223585   0.0223901   0.0224033   0.0224091
  89.3390125   0.0238521   0.0242224   0.0239525   0.0235707   0.0232868   0.0231144   0.0230173   0.0229648   0.0229389   0.0229301
  89.6328908   0.0201354   0.0210973   0.0222026   0.0227829   0.0230704   0.0232197   0.0233078   0.0233722   0.0234275   0.0234770
  89.9267691   0.0226092   0.0233911   0.0238593   0.0239441   0.0239744   0.0240411   0.0241276   0.0242072   0.0242668   0.0243052
  90.2206475   0.0251042   0.0256214   0.0259096   0.0259432   0.0258684   0.0257498   0.0256134   0.0254795   0.0253606   0.0252612
  90.5145258   0.0274126   0.0267355   0.0266147   0.0264241   0.0262271   0.0260643   0.0259366   0.0258368   0.0257600   0.0257037
  90.8084041   0.0231554   0.0238346   0.0243303   0.0247043   0.0250013   0.0252409   0.0254440   0.0256212   0.0257752   0.0259067
  91.1022825   0.0294428   0.0267427   0.0262130   0.0261324   0.0261973   0.0263190   0.0264561   0.0265897   0.0267130   0.0268235
  91.3961608   0.0306409   0.0300008   0.0295011   0.0291775   0.0289576   0.0287791   0.0286322   0.0285172   0.0284320   0.0283720
  91.6900391   0.0303937   0.0299714   0.0297948   0.0298531   0.0299050   0.0299091   0.0298757   0.0298172   0.0297445   0.0296668
  91.9839174   0.0305026   0.0308387   0.0307243   0.0306463   0.0306030   0.0305711   0.0305444   0.0305199   0.0304947   0.0304667
  92.2777958   0.0313157   0.0312269   0.0311028   0.0310215   0.0309856   0.0309825   0.0309989   0.0310215   0.0310413   0.0310545
  92.5716741   0.0316103   0.0309758   0.0310721   0.0313224   0.0315098   0.0316128   0.0316589   0.0316736   0.0316755   0.0316773
  92.8655524   0.0363291   0.0344443   0.0335202   0.0330401   0.0327297   0.0325149   0.0323842   0.0323257   0.0323227   0.0323584
  93.1594308   0.0330972   0.0321176   0.0316582   0.0317787   0.0321036   0.0324571   0.0327731   0.0330389   0.0332619   0.0334532
  93.4533091   0.0339743   0.0350266   0.0353172   0.0353311   0.0353230   0.0353351   0.0353811   0.0354551   0.0355440   0.0356375
  93.7471874   0.0382984   0.0386015   0.0388463   0.0389208   0.0389007   0.0388204   0.0387094   0.0385964   0.0385006   0.0384305
  94.0410658   0.0428489   0.0423432   0.0418711   0.0415083   0.0412661   0.0411269   0.0410540   0.0410115   0.0409798   0.0409529
  94.3349441   0.0416785   0.0412453   0.0415776   0.0421741   0.0426299   0.0429091   0.0430769   0.0431869   0.0432693   0.0433397
  94.6288224   0.0526441   0.0490898   0.0474202   0.0466052   0.0462017   0.0460150   0.0459570   0.0459788   0.0460531   0.0461669
  94.9227007   0.0506315   0.0489379   0.0483980   0.0484566   0.0487118   0.0489739   0.0492106   0.0494387   0.0496881   0.0499998
  95.2165791   0.0544821   0.0539862   0.0537564   0.0538505   0.0540008   0.0541962   0.0544812   0.0549192   0.0556118   0.0566736
  95.5104574   0.0614967   0.0609927   0.0611780   0.0615096   0.0619676   0.0627255   0.0640996   0.0663454   0.0695042   0.0734255
  95.8043357   0.0726387   0.0742864   0.0752764   0.0772849   0.0816242   0.0882221   0.0961175   0.1043514   0.1122677   0.1194986
  96.0982141   0.1212772   0.1392051   0.1605342   0.1768096   0.1881701   0.1959904   0.2012079   0.2044628   0.2062384   0.2069135
  96.3920924   0.4082038   0.4097766   0.3997826   0.3822537   0.3635884   0.3460892   0.3303487   0.3163835   0.3040263   0.2930679
  96.6859707   0.3599189   0.3597773   0.3581016   0.3554458   0.3519507   0.3470036   0.3404904   0.3328163   0.3245086   0.3160040
  96.9798491   0.2633902   0.2633070   0.2655984   0.2690360   0.2729183   0.2767211   0.2800177   0.2824512   0.2838054   0.2840390
  97.2737274   0.2328847   0.2326143   0.2326936   0.2336056   0.2348199   0.2364191   0.2385006   0.2409918   0.2437006   0.2463887
  97.5676057   0.2219096   0.2192598   0.2174975   0.2174412   0.2180706   0.2189566   0.2200335   0.2213284   0.2228665   0.2246389
  97.8614841   0.2206714   0.2163761   0.2134102   0.2124996   0.2126054   0.2130721   0.2136503   0.2142812   0.2149789   0.2157793
  98.1553624   0.2190627   0.2152865   0.2141940   0.2138702   0.2135358   0.2132085   0.2129809   0.2128865   0.2129288   0.2131044
  98.4492407   0.1997619   0.2065978   0.2091300   0.2105347   0.2112482   0.2116084   0.2118442   0.2120512   0.2122623   0.2124931
  98.7431190   0.2138821   0.2129536   0.2120956   0.2116815   0.2117620   0.2121028   0.2125119   0.2129054   0.2132699   0.2136193
  99.0369974   0.2227314   0.2197846   0.2182628   0.2174696   0.2170081   0.2167188   0.2165813   0.2166031   0.2167696   0.2170518
  99.3308757   0.2176255   0.2178284   0.2185530   0.2192347   0.2199470   0.2206382   0.2212735   0.2218541   0.2224023   0.2229490
  99.6247540   0.2201998   0.2281845   0.2297828   0.2301878   0.2303877   0.2306303   0.2309694   0.2314098   0.2319554   0.2326123
  99.9186324   0.2402946   0.2424733   0.2434515   0.2439547   0.2441980   0.2444364   0.2448352   0.2454692   0.2463284   0.2473369
 100.2125107   0.2629466   0.2599778   0.2595901   0.2601696   0.2614260   0.2631274   0.2649860   0.2667145   0.2680869   0.2689676
 100.5063890   0.2968829   0.2951239   0.2963846   0.2983956   0.2999339   0.3004665   0.2998580   0.2981963   0.2956892   0.2925722
 100.8002674   0.3718215   0.3638526   0.3552689   0.3465125   0.3368017   0.3268635   0.3173241   0.3084639   0.3003551   0.2929749
 101.0941457   0.2655798   0.2655664   0.2644116   0.2635420   0.2623783   0.2606052   0.2582966   0.2556282   0.2527617   0.2498166
 101.3880240   0.1567064   0.1553675   0.1557524   0.1588057   0.1637307   0.1693439   0.1748339   0.1797690   0.1839695   0.1874037
 101.6819023   0.1239619   0.1268773   0.1277186   0.1285800   0.1296939   0.1312174   0.1333173   0.1359904   0.1390840   0.1423903
 101.9757807   0.1162017   0.1163155   0.1162854   0.1163905   0.1165108   0.1166769   0.1169474   0.1174009   0.1181212   0.1191611
 102.2696590   0.1089094   0.1071234   0.1064749   0.1060705   0.1057098   0.1054013   0.1051580   0.1049948   0.1049285   0.1049812
 102.5635373   0.0890668   0.0903081   0.0913138   0.0915955   0.0918059   0.0920032   0.0921501   0.0922252   0.0922227   0.0921489
 102.8574157   0.0776647   0.0784962   0.0796001   0.0798894   0.0798962   0.0797970   0.0796024   0.0793066   0.0789173   0.0784570
 103.1512940   0.0655737   0.0671120   0.0675765   0.0671064   0.0662497   0.0652255   0.0641603   0.0631470   0.0622409   0.0614652
 103.4451723   0.0423974   0.0427468   0.0418944   0.0409785   0.0403741   0.0400608   0.0399535   0.0399884   0.0401249   0.0403376
 103.7390507   0.0066124   0.0066920   0.0083432   0.0104627   0.0125735   0.0145592   0.0163902   0.0180678   0.0196050   0.0210186
 104.0329290   0.0058390   0.0061019   0.0061166   0.0061241   0.0062676   0.0066467   0.0072789   0.0081206   0.0091101   0.0101910
 104.3268073   0.0065274   0.0062190   0.0060469   0.0060185   0.0060392   0.0060747   0.0061330   0.0062481   0.0064544   0.0067705
 104.6206857   0.0059721   0.0064723   0.0064573   0.0063585   0.0062828   0.0062299   0.0061938   0.0061729   0.0061723   0.0062029
 104.9145640   0.0063976   0.0057382   0.0058506   0.0059861   0.0060532   0.0060880   0.0061106   0.0061266   0.0061382   0.0061484
 105.2084423   0.0052004   0.0056940   0.0059234   0.0060475   0.0061082   0.0061369   0.0061535   0.0061654   0.0061752   0.0061843
 105.5023206   0.0075360   0.0070298   0.0066464   0.0064648   0.0063724   0.0063209   0.0062927   0.0062797   0.0062765   0.0062792
 105.7961990   0.0074279   0.0065716   0.0062506   0.0061919   0.0062401   0.0063032   0.0063520   0.0063838   0.0064025   0.0064118
 106.0900773   0.0069118   0.0071409   0.0069696   0.0068384   0.0067529   0.0066934   0.0066500   0.0066160   0.0065867   0.0065602
 106.3839556   0.0061469   0.0063982   0.0065717   0.0066863   0.0067223   0.0067056   0.0066664   0.0066227   0.0065831   0.0065509
 106.6778340   0.0066771   0.0065656   0.0064040   0.0063158   0.0062772   0.0062749   0.0062953   0.0063248   0.0063554   0.0063837
 106.9717123   0.0061061   0.0058205   0.0057606   0.0058744   0.0060068   0.0061152   0.0061997   0.0062685   0.0063281   0.0063814
 107.2655906   0.0078521   0.0074338   0.0071122   0.0069029   0.0067782   0.0067102   0.0066794   0.0066718   0.0066780   0.0066923
 107.5594690   0.0062415   0.0066769   0.0068520   0.0069905   0.0070805   0.0071258   0.0071429   0.0071446   0.0071381   0.0071278
 107.8533473   0.0083758   0.0079431   0.0077675   0.0077022   0.0076587   0.0076217   0.0075881   0.0075550   0.0075210   0.0074871
 108.1472256   0.0081559   0.0082327   0.0080447   0.0079241   0.0078507   0.0077916   0.0077384   0.0076939   0.0076603   0.0076365
 108.4411040   0.0075700   0.0074469   0.0074198   0.0073916   0.0074088   0.0074583   0.0075217   0.0075846   0.0076388   0.0076814
 108.7349823   0.0066921   0.0069568   0.0072412   0.0074955   0.0076740   0.0077852   0.0078501   0.0078879   0.0079119   0.0079302
 109.0288606   0.0105264   0.0098367   0.0094706   0.0091198   0.0088224   0.0086028   0.0084550   0.0083631   0.0083117   0.0082888
 109.3227389   0.0074638   0.0070952   0.0073660   0.0077218   0.0080116   0.0082254   0.0083806   0.0084928   0.0085731   0.0086299
 109.6166173   0.0100182   0.0095463   0.0093083   0.0092029   0.0091740   0.0091797   0.0091962   0.0092113   0.0092199   0.0092206
 109.9104956   0.0115600   0.0113279   0.0110712   0.0107751   0.0105246   0.0103134   0.0101343   0.0099854   0.0098639   0.0097654
 110.2043739   0.0087110   0.0090376   0.0093367   0.0095533   0.0097047   0.0097934   0.0098331   0.0098390   0.0098231   0.0097946
 110.4982523   0.0101574   0.0099042   0.0097067   0.0095798   0.0095102   0.0094916   0.0095057   0.0095345   0.0095661   0.0095943
 110.7921306   0.0086449   0.0089941   0.0091923   0.0093126   0.0093868   0.0094312   0.0094589   0.0094822   0.0095071   0.0095353
 111.0860089   0.0085312   0.0095345   0.0096911   0.0096485   0.0096105   0.0096038   0.0096146   0.0096326   0.0096540   0.0096786
 111.3798873   0.0081394   0.0093199   0.0097559   0.0098870   0.0099215   0.0099322   0.0099420   0.0099579   0.0099799   0.0100052
 111.6737656   0.0092204   0.0097465   0.0100768   0.0102292   0.0103113   0.0103769   0.0104301   0.0104674   0.0104898   0.0105012
 111.9676439   0.0118447   0.0112502   0.0114077   0.0114413   0.0113782   0.0112894   0.0112037   0.0111303   0.0110710   0.0110248
 112.2615222   0.0109968   0.0112984   0.0114288   0.0114395   0.0114146   0.0113874   0.0113646   0.0113467   0.0113330   0.0113224
 112.5554006   0.0093774   0.0108368   0.0110012   0.0110640   0.0111666   0.0112798   0.0113801   0.0114607   0.0115222   0.0115676
 112.8492789   0.0129489   0.0126380   0.0123659   0.0122389   0.0121551   0.0120945   0.0120544   0.0120319   0.0120221   0.0120199
 113.1431572   0.0130305   0.0126515   0.0125424   0.0125798   0.0126001   0.0125942   0.0125729   0.0125442   0.0125136   0.0124847
 113.4370356   0.0114676   0.0126820   0.0128516   0.0128573   0.0128446   0.0128333   0.0128234   0.0128124   0.0127994   0.0127848
 113.7309139   0.0126105   0.0129171   0.0129609   0.0129838   0.0129806   0.0129738   0.0129717   0.0129740   0.0129784   0.0129834
 114.0247922   0.0125124   0.0128223   0.0128926   0.0129887   0.0130659   0.0131171   0.0131501   0.0131735   0.0131935   0.0132133
 114.3186706   0.0144878   0.0141743   0.0138777   0.0136880   0.0135805   0.0135299   0.0135171   0.0135274   0.0135513   0.0135832
 114.6125489   0.0133683   0.0133904   0.0134951   0.0136697   0.0138287   0.0139438   0.0140262   0.0140905   0.0141457   0.0141963
 114.9064272   0.0162181   0.0158067   0.0154296   0.0152081   0.0151082   0.0150715   0.0150671   0.0150794   0.0150996   0.0151228
 115.2003056   0.0165493   0.0165401   0.0163174   0.0162532   0.0162492   0.0162548   0.0162517   0.0162394   0.0162218   0.0162023
 115.4941839   0.0162145   0.0171327   0.0173789   0.0174376   0.0174116   0.0173599   0.0173053   0.0172527   0.0172022   0.0171536
 115.7880622   0.0168027   0.0172943   0.0177267   0.0179070   0.0179405   0.0179262   0.0178995   0.0178686   0.0178357   0.0178017
 116.0819405   0.0166585   0.0176100   0.0180424   0.0181470   0.0181797   0.0181998   0.0182128   0.0182202   0.0182243   0.0182269
 116.3758189   0.0184637   0.0187960   0.0187562   0.0186630   0.0185992   0.0185738   0.0185777   0.0186003   0.0186306   0.0186604
 116.6696972   0.0180125   0.0185887   0.0186812   0.0188000   0.0189568   0.0190937   0.0191830   0.0192295   0.0192496   0.0192580
 116.9635755   0.0211936   0.0213709   0.0211941   0.0209031   0.0205680   0.0202881   0.0200965   0.0199809   0.0199188   0.0198921
 117.2574539   0.0168035   0.0175963   0.0183548   0.0190672   0.0195996   0.0199489   0.0201710   0.0203195   0.0204291   0.0205185
 117.5513322   0.0255242   0.0242799   0.0228824   0.0219805   0.0215436   0.0213981   0.0214045   0.0214748   0.0215627   0.0216470
 117.8452105   0.0242576   0.0224251   0.0224419   0.0228863   0.0232060   0.0233472   0.0233728   0.0233433   0.0232955   0.0232477
 118.1390889   0.0262080   0.0264472   0.0261334   0.0257965   0.0254697   0.0251920   0.0249774   0.0248140   0.0246863   0.0245843
 118.4329672   0.0243054   0.0247516   0.0248202   0.0248959   0.0250251   0.0251564   0.0252574   0.0253251   0.0253685   0.0253962
 118.7268455   0.0251431   0.0255539   0.0257446   0.0258484   0.0259084   0.0259722   0.0260527   0.0261441   0.0262356   0.0263196
 119.0207238   0.0252175   0.0267453   0.0273689   0.0275536   0.0276283   0.0276624   0.0276767   0.0276857   0.0276982   0.0277179
 119.3146022   0.0307085   0.0301179   0.0299629   0.0297273   0.0295499   0.0294425   0.0293771   0.0293353   0.0293091   0.0292962
 119.6084805   0.0291103   0.0300088   0.0302533   0.0304682   0.0306135   0.0307024   0.0307589   0.0308010   0.0308391   0.0308782
 119.9023588   0.0332690   0.0325994   0.0324366   0.0323995   0.0323993   0.0324295   0.0324878   0.0325651   0.0326514   0.0327406
 120.1962372   0.0353193   0.0347287   0.0346232   0.0346455   0.0347383   0.0348463   0.0349418   0.0350255   0.0351056   0.0351869
 120.4901155   0.0383186   0.0383353   0.0385007   0.0383996   0.0382449   0.0381454   0.0381121   0.0381195   0.0381446   0.0381753
 120.7839938   0.0370858   0.0386039   0.0397738   0.0406434   0.0411339   0.0413574   0.0414316   0.0414341   0.0414075   0.0413736
 121.0778722   0.0485403   0.0483853   0.0470598   0.0459370   0.0452462   0.0448574   0.0446351   0.0445013   0.0444216   0.0443837
 121.3717505   0.0461004   0.0454795   0.0456803   0.0460510   0.0463959   0.0466515   0.0468422   0.0470147   0.0472015   0.0474168
 121.6656288   0.0504575   0.0493624   0.0494525   0.0496369   0.0498556   0.0501621   0.0505676   0.0510435   0.0515549   0.0520770
 121.9595072   0.0562184   0.0559239   0.0563110   0.0568921   0.0575098   0.0581084   0.0586640   0.0591775   0.0596623   0.0601339
 122.2533855   0.0732631   0.0728192   0.0724804   0.0720667   0.0716904   0.0713960   0.0712017   0.0711163   0.0711413   0.0712700
 122.5472638   0.0826859   0.0829158   0.0830960   0.0831669   0.0831719   0.0831938   0.0832807   0.0834358   0.0836421   0.0838810
 122.8411421   0.0943078   0.0929801   0.0933730   0.0942790   0.0952765   0.0961746   0.0969070   0.0974706   0.0978871   0.0981831
 123.1350205   0.1214614   0.1203193   0.1189147   0.1175717   0.1165173   0.1157096   0.1150833   0.1145773   0.1141420   0.1137431
 123.4288988   0.1307676   0.1293748   0.1297162   0.1300566   0.1300214   0.1296498   0.1290506   0.1283297   0.1275672   0.1268139
 123.7227771   0.1368211   0.1392046   0.1388437   0.1381103   0.1374237   0.1368576   0.1363942   0.1359864   0.1355999   0.1352205
 124.0166555   0.1400659   0.1374914   0.1377891   0.1385538   0.1392450   0.1397944   0.1402332   0.1406003   0.1409151   0.1411796
 124.3105338   0.1484458   0.1472365   0.1466703   0.1463488   0.1464068   0.1467226   0.1471618   0.1476318   0.1480824   0.1484921
 124.6044121   0.1578796   0.1572947   0.1578166   0.1581702   0.1583341   0.1583413   0.1582703   0.1581928   0.1581486   0.1581517
 124.8982905   0.1703481   0.1715014   0.1709276   0.1701764   0.1695504   0.1690782   0.1687287   0.1684697   0.1682829   0.1681618
 125.1921688   0.1728878   0.1744079   0.1750952   0.1758137   0.1763598   0.1767806   0.1771107   0.1773779   0.1776086   0.1778252
 125.4860471   0.1816576   0.1857109   0.1867554   0.1870685   0.1872425   0.1874418   0.1877144   0.1880649   0.1884754   0.1889137
 125.7799254   0.2009429   0.2004137   0.2005771   0.2006454   0.2008242   0.2011691   0.2016265   0.2021040   0.2025152   0.2028022
 126.0738038   0.2146372   0.2165842   0.2173609   0.2184507   0.2193354   0.2197814   0.2197368   0.2192699   0.2184925   0.2175121
 126.3676821   0.2508530   0.2499400   0.2471260   0.2433846   0.2395157   0.2359057   0.2326661   0.2297940   0.2272471   0.2249758
 126.6615604   0.2117612   0.2151900   0.2186428   0.2203917   0.2211742   0.2213524   0.2211222   0.2206252   0.2199647   0.2192098
 126.9554388   0.1966021   0.1978797   0.1992642   0.2003781   0.2016125   0.2030618   0.2045723   0.2059773   0.2071806   0.2081515
 127.2493171   0.1945646   0.1976327   0.1986855   0.1991862   0.1994934   0.1997390   0.2000544   0.2005186   0.2011376   0.2018700
 127.5431954   0.2105834   0.2044293   0.2020305   0.2008321   0.2002681   0.2000783   0.2000924   0.2002272   0.2004588   0.2007881
 127.8370738   0.1975928   0.1984840   0.1990369   0.1998599   0.2006353   0.2011982   0.2016001   0.2019274   0.2022345   0.2025495
 128.1309521   0.2083859   0.2089818   0.2075775   0.2065376   0.2059967   0.2058222   0.2058737   0.2060466   0.2062785   0.2065361
 128.4248304   0.2095003   0.2085536   0.2096384   0.2106379   0.2112924   0.2116864   0.2119270   0.2120853   0.2121936   0.2122545
 128.7187088   0.2217314   0.2200672   0.2201561   0.2200255   0.2197403   0.2194671   0.2192123   0.2189105   0.2185040   0.2179665
 129.0125871   0.2260208   0.2249386   0.2256402   0.2257082   0.2253836   0.2246852   0.2236349   0.2223180   0.2208309   0.2192497
 129.3064654   0.2248393   0.2272731   0.2258362   0.2232290   0.2205428   0.2180464   0.2157682   0.2136760   0.2117279   0.2098897
 129.6003437   0.1848020   0.1843546   0.1861147   0.1877890   0.1889282   0.1895794   0.1898362   0.1897964   0.1895386   0.1891203
 129.8942221   0.1581969   0.1617391   0.1618632   0.1616038   0.1617218   0.1621867   0.1628372   0.1635377   0.1641995   0.1647738
 130.1881004   0.1383465   0.1402926   0.1409072   0.1412616   0.1415268   0.1417783   0.1420720   0.1424420   0.1428951   0.1434161
 130.4819787   0.1241057   0.1231207   0.1235008   0.1240055   0.1243255   0.1245665   0.1248090   0.1250818   0.1253948   0.1257536
 130.7758571   0.1103224   0.1099884   0.1097796   0.1096956   0.1097293   0.1098645   0.1100556   0.1102743   0.1105124   0.1107702
 131.0697354   0.0941295   0.0960085   0.0968285   0.0970936   0.0971740   0.0972284   0.0972969   0.0973864   0.0974975   0.0976306
 131.3636137   0.0811344   0.0831895   0.0845242   0.0850857   0.0852927   0.0853611   0.0853889   0.0854155   0.0854574   0.0855227
 131.6574921   0.0790321   0.0748887   0.0741270   0.0738734   0.0737400   0.0737044   0.0737351   0.0738072   0.0739076   0.0740295
 131.9513704   0.0614480   0.0617229   0.0618881   0.0620976   0.0623309   0.0625755   0.0628137   0.0630387   0.0632525   0.0634585
 132.2452487   0.0508061   0.0521350   0.0531346   0.0535493   0.0536949   0.0537688   0.0538483   0.0539497   0.0540682   0.0541956
 132.5391271   0.0431557   0.0449782   0.0456386   0.0457817   0.0458277   0.0458445   0.0458418   0.0458272   0.0458056   0.0457789
 132.8330054   0.0413484   0.0397410   0.0388278   0.0382804   0.0379945   0.0378253   0.0376807   0.0375234   0.0373469   0.0371589
 133.1268837   0.0305052   0.0291211   0.0287880   0.0287116   0.0285865   0.0283593   0.0280744   0.0277859   0.0275273   0.0273145
 133.4207620   0.0158025   0.0169894   0.0167288   0.0162914   0.0160217   0.0159205   0.0159451   0.0160559   0.0162248   0.0164346
 133.7146404   0.0000010   0.0003288   0.0012861   0.0023260   0.0032939   0.0041805   0.0049962   0.0057539   0.0064645   0.0071358
 134.0085187   0.0000000   0.0000000   0.0000003   0.0000148   0.0000991   0.0002988   0.0006130   0.0010171   0.0014836   0.0019903
 134.3023970   0.0000000   0.0000000   0.0000000   0.0000000   0.0000003   0.0000042   0.0000237   0.0000759   0.0001750   0.0003272
 134.5962754   0.0000000   0.0000000   0.0000000   0.0000000   0.0000000   0.0000000   0.0000003   0.0000022   0.0000099   0.0000300
 134.8901537   0.0000000   0.0000000   0.0000000   0.0000000   0.0000000   0.0000000   0.0000000   0.0000000   0.0000003   0.0000015
 135.1840320   0.0000000   0.0000000   0.0000000   0.0000000   0.0000000   0.0000000   0.0000000   0.0000000   0.0000000   0.0000000
 135.4779104   0.0000000   0.0000000   0.0000000   0.0000000   0.0000000   0.0000000   0.0000000   0.0000000   0.0000000   0.0000000
 135.7717887   0.0000000   0.0000000   0.0000000   0.0000000   0.0000000   0.0000000   0.0000000   0.0000000   0.0000000   0.0000000
 136.0656670   0.0000000   0.0000000   0.0000000   0.0000000   0.0000000   0.0000000   0.0000000   0.0000000   0.0000000   0.0000000
 136.3595453   0.0000000   0.0000000   0.0000000   0.0000000   0.0000000   0.0000000   0.0000000   0.0000000   0.0000000   0.0000000
 136.6534237   0.0000000   0.0000000   0.0000000   0.0000000   0.0000000   0.0000000   0.0000000   0.0000000   0.0000000   0.0000000
 136.9473020   0.0000000   0.0000000   0.0000000   0.0000000   0.0000000   0.0000000   0.0000000   0.0000000   0.0000000   0.0000000
 137.2411803   0.0000000   0.0000000   0.0000000   0.0000000   0.0000000   0.0000000   0.0000000   0.0000000   0.0000000   0.0000000
 137.5350587   0.0000000   0.0000000   0.0000000   0.0000000   0.0000000   0.0000000   0.0000000   0.0000000   0.0000000   0.0000000
 137.8289370   0.0000000   0.0000000   0.0000000   0.0000000   0.0000000   0.0000000   0.0000000   0.0000000   0.0000000   0.0000000
 138.1228153   0.0000000   0.0000000   0.0000000   0.0000000   0.0000000   0.0000000   0.0000000   0.0000000   0.0000000   0.0000000
 138.4166937   0.0000000   0.0000000   0.0000000   0.0000000   0.0000000   0.0000000   0.0000000   0.0000000   0.0000000   0.0000000
 138.7105720   0.0000000   0.0000000   0.0000000   0.0000000   0.0000000   0.0000000   0.0000000   0.0000000   0.0000000   0.0000000
 139.0044503   0.0000000   0.0000000   0.0000000   0.0000000   0.0000000   0.0000000   0.0000000   0.0000000   0.0000000   0.0000000
 139.2983287   0.0000000   0.0000000   0.0000000   0.0000000   0.0000000   0.0000000   0.0000000   0.0000000   0.0000000   0.0000000
 139.5922070   0.0000000   0.0000000   0.0000000   0.0000000   0.0000000   0.0000000   0.0000000   0.0000000   0.0000000   0.0000000
 139.8860853   0.0000000   0.0000000   0.0000000   0.0000000   0.0000000   0.0000000   0.0000000   0.0000000   0.0000000   0.0000000
 140.1799636   0.0000000   0.0000000   0.0000000   0.0000000   0.0000000   0.0000000   0.0000000   0.0000000   0.0000000   0.0000000
 140.4738420   0.0000000   0.0000000   0.0000000   0.0000000   0.0000000   0.0000000   0.0000000   0.0000000   0.0000000   0.0000000
 140.7677203   0.0000000   0.0000000   0.0000000   0.0000000   0.0000000   0.0000000   0.0000000   0.0000000   0.0000000   0.0000000
 141.0615986   0.0000000   0.0000000   0.0000000   0.0000000   0.0000000   0.0000000   0.0000000   0.0000000   0.0000000   0.0000000
 141.3554770   0.0000000   0.0000000   0.0000000   0.0000000   0.0000000   0.0000000   0.0000000   0.0000000   0.0000000   0.0000000
 141.6493553   0.0000000   0.0000000   0.0000000   0.0000000   0.0000000   0.0000000   0.0000000   0.0000000   0.0000000   0.0000000
 141.9432336   0.0000000   0.0000000   0.0000000   0.0000000   0.0000000   0.0000000   0.0000000   0.0000000   0.0000000   0.0000000
 142.2371120   0.0000000   0.0000000   0.0000000   0.0000000   0.0000000   0.0000000   0.0000000   0.0000000   0.0000000   0.0000000
 142.5309903   0.0000000   0.0000000   0.0000000   0.0000000   0.0000000   0.0000000   0.0000000   0.0000000   0.0000000   0.0000000
 142.8248686   0.0000000   0.0000000   0.0000000   0.0000000   0.0000000   0.0000000   0.0000000   0.0000000   0.0000000   0.0000000
 143.1187469   0.0000000   0.0000000   0.0000000   0.0000000   0.0000000   0.0000000   0.0000000   0.0000000   0.0000000   0.0000000
 143.4126253   0.0000000   0.0000000   0.0000000   0.0000000   0.0000000   0.0000000   0.0000000   0.0000000   0.0000000   0.0000000
 143.7065036   0.0000000   0.0000000   0.0000000   0.0000000   0.0000000   0.0000000   0.0000000   0.0000000   0.0000000   0.0000000
 144.0003819   0.0000000   0.0000000   0.0000000   0.0000000   0.0000000   0.0000000   0.0000000   0.0000000   0.0000000   0.0000000
 144.2942603   0.0000000   0.0000000   0.0000000   0.0000000   0.0000000   0.0000000   0.0000000   0.0000000   0.0000000   0.0000000
 144.5881386   0.0000000   0.0000000   0.0000000   0.0000000   0.0000000   0.0000000   0.0000000   0.0000000   0.0000000   0.0000000
 144.8820169   0.0000000   0.0000000   0.0000000   0.0000000   0.0000000   0.0000000   0.0000000   0.0000000   0.0000000   0.0000000
 145.1758953   0.0000000   0.0000000   0.0000000   0.0000000   0.0000000   0.0000000   0.0000000   0.0000000   0.0000000   0.0000000
 145.4697736   0.0000000   0.0000000   0.0000000   0.0000000   0.0000000   0.0000000   0.0000000   0.0000000   0.0000000   0.0000000
 145.7636519   0.0000000   0.0000000   0.0000000   0.0000000   0.0000000   0.0000000   0.0000000   0.0000000   0.0000000   0.0000000
 146.0575303   0.0000000   0.0000000   0.0000000   0.0000000   0.0000000   0.0000000   0.0000000   0.0000000   0.0000000   0.0000000
 146.3514086   0.0000000   0.0000000   0.0000000   0.0000000   0.0000000   0.0000000   0.0000000   0.0000000   0.0000000   0.0000000
 146.6452869   0.0000000   0.0000000   0.0000000   0.0000000   0.0000000   0.0000000   0.0000000   0.0000000   0.0000000   0.0000000
 146.9391652   0.0000000   0.0000000   0.0000000   0.0000000   0.0000000   0.0000000   0.0000000   0.0000000   0.0000000   0.0000000
