   0.2938783   0.0000000   0.0000000   0.0000747   0.0011438   0.0038642   0.0073540   0.0107814   0.0138098   0.0163782   0.0185259
   0.5877567   0.0047351   0.0397358   0.0490986   0.0494987   0.0485081   0.0474169   0.0464358   0.0455881   0.0448490   0.0441829
   0.8816350   0.0994858   0.0787017   0.0816377   0.0831458   0.0813504   0.0782791   0.0749364   0.0716698   0.0686073   0.0658079
   1.1755133   0.0903896   0.0700471   0.0733873   0.0755265   0.0759435   0.0756379   0.0748896   0.0738147   0.0725323   0.0711431
   1.4693917   0.0483493   0.0614231   0.0653040   0.0644956   0.0637612   0.0638604   0.0645477   0.0654822   0.0663943   0.0671138
   1.7632700   0.0229535   0.0402806   0.0485547   0.0537343   0.0577810   0.0607797   0.0628611   0.0642673   0.0652234   0.0658941
   2.0571483   0.1309155   0.1007215   0.0904359   0.0840563   0.0789285   0.0749669   0.0720390   0.0699723   0.0686043   0.0677823
   2.3510266   0.0449682   0.0535157   0.0578167   0.0607340   0.0626732   0.0640272   0.0650768   0.0659194   0.0666015   0.0671631
   2.6449050   0.0503983   0.0456930   0.0499066   0.0549873   0.0592627   0.0625418   0.0650694   0.0670292   0.0685156   0.0695984
   2.9387833   0.1407293   0.1181346   0.1027229   0.0930136   0.0871972   0.0835285   0.0810123   0.0791825   0.0778155   0.0767848
   3.2326616   0.0796607   0.0833986   0.0823446   0.0826766   0.0832692   0.0831197   0.0823053   0.0811866   0.0800333   0.0789844
   3.5265400   0.0804689   0.0754041   0.0729993   0.0721949   0.0720331   0.0724230   0.0731914   0.0740641   0.0748366   0.0754184
   3.8204183   0.0572822   0.0574908   0.0619005   0.0658368   0.0686044   0.0705004   0.0718427   0.0728420   0.0736226   0.0742458
   4.1142966   0.0800365   0.0883723   0.0876372   0.0848009   0.0821521   0.0800897   0.0785759   0.0774936   0.0767379   0.0762243
   4.4081750   0.0779525   0.0743030   0.0748125   0.0757450   0.0763705   0.0767049   0.0767790   0.0766511   0.0763953   0.0760743
   4.7020533   0.0684534   0.0686338   0.0701419   0.0716260   0.0725067   0.0730234   0.0733703   0.0735925   0.0736912   0.0736750
   4.9959316   0.0795061   0.0781885   0.0755697   0.0740934   0.0730740   0.0722535   0.0716020   0.0711114   0.0707603   0.0705147
   5.2898099   0.0800702   0.0709552   0.0667138   0.0655426   0.0654873   0.0656985   0.0659113   0.0660668   0.0661678   0.0662322
   5.5836883   0.0626278   0.0617811   0.0603190   0.0602459   0.0606408   0.0610625   0.0614273   0.0617374   0.0620031   0.0622333
   5.8775666   0.0632321   0.0614943   0.0612030   0.0607117   0.0602112   0.0598061   0.0595522   0.0594472   0.0594563   0.0595390
   6.1714449   0.0508434   0.0530346   0.0545624   0.0554314   0.0561323   0.0567066   0.0571281   0.0574048   0.0575713   0.0576665
   6.4653233   0.0598637   0.0579932   0.0583145   0.0580457   0.0575742   0.0571367   0.0567855   0.0565147   0.0563038   0.0561338
   6.7592016   0.0542135   0.0537251   0.0544271   0.0546759   0.0546155   0.0544473   0.0542454   0.0540420   0.0538547   0.0536891
   7.0530799   0.0467259   0.0475490   0.0485731   0.0490825   0.0493990   0.0496768   0.0499231   0.0501144   0.0502395   0.0503024
   7.3469583   0.0468761   0.0460771   0.0468205   0.0471209   0.0472008   0.0471826   0.0471272   0.0470677   0.0470159   0.0469716
   7.6408366   0.0432706   0.0462417   0.0456779   0.0449227   0.0444043   0.0440629   0.0438151   0.0436249   0.0434821   0.0433836
   7.9347149   0.0355079   0.0374498   0.0379681   0.0382675   0.0385373   0.0387660   0.0389553   0.0391241   0.0392840   0.0394372
   8.2285933   0.0337084   0.0340515   0.0344628   0.0347142   0.0349367   0.0352242   0.0355531   0.0358806   0.0361791   0.0364380
   8.5224716   0.0267211   0.0322541   0.0341914   0.0348077   0.0350182   0.0350534   0.0350124   0.0349501   0.0348929   0.0348509
   8.8163499   0.0379753   0.0371820   0.0361708   0.0353822   0.0347641   0.0342844   0.0338992   0.0335815   0.0333202   0.0331114
   9.1102282   0.0319968   0.0298742   0.0294707   0.0296007   0.0298221   0.0300059   0.0301362   0.0302286   0.0302991   0.0303570
   9.4041066   0.0262543   0.0262965   0.0263031   0.0263824   0.0265670   0.0268183   0.0271081   0.0274041   0.0276822   0.0279312
   9.6979849   0.0281730   0.0263467   0.0261451   0.0263459   0.0265208   0.0266242   0.0266898   0.0267499   0.0268227   0.0269139
   9.9918632   0.0292743   0.0290008   0.0282594   0.0276836   0.0272737   0.0269950   0.0268133   0.0267002   0.0266356   0.0266065
  10.2857416   0.0241867   0.0241134   0.0246929   0.0252252   0.0256223   0.0259059   0.0260964   0.0262123   0.0262721   0.0262940
  10.5796199   0.0258386   0.0262834   0.0266286   0.0266261   0.0265038   0.0263556   0.0262208   0.0261123   0.0260305   0.0259715
  10.8734982   0.0277069   0.0269373   0.0264349   0.0259993   0.0257257   0.0255603   0.0254604   0.0254062   0.0253871   0.0253942
  11.1673766   0.0245791   0.0229404   0.0228025   0.0231669   0.0235986   0.0239947   0.0243308   0.0246034   0.0248192   0.0249892
  11.4612549   0.0265519   0.0258479   0.0256539   0.0256485   0.0255896   0.0255062   0.0254465   0.0254225   0.0254279   0.0254523
  11.7551332   0.0266315   0.0273956   0.0271005   0.0268695   0.0267108   0.0265743   0.0264466   0.0263300   0.0262288   0.0261452
  12.0490116   0.0270437   0.0268005   0.0264815   0.0263332   0.0263463   0.0264041   0.0264480   0.0264617   0.0264464   0.0264088
  12.3428899   0.0279394   0.0270217   0.0267867   0.0267034   0.0266349   0.0265556   0.0264842   0.0264258   0.0263732   0.0263186
  12.6367682   0.0275125   0.0266178   0.0260083   0.0259715   0.0260318   0.0260567   0.0260354   0.0259798   0.0259057   0.0258270
  12.9306465   0.0285342   0.0274312   0.0262663   0.0256838   0.0253731   0.0251634   0.0250154   0.0249205   0.0248701   0.0248529
  13.2245249   0.0254959   0.0232639   0.0226774   0.0226097   0.0227833   0.0230351   0.0232934   0.0235308   0.0237422   0.0239321
  13.5184032   0.0208987   0.0221652   0.0225085   0.0229120   0.0232216   0.0234315   0.0236040   0.0237752   0.0239563   0.0241462
  13.8122815   0.0291881   0.0277108   0.0264191   0.0258885   0.0256246   0.0254879   0.0254479   0.0254756   0.0255423   0.0256275
  14.1061599   0.0306592   0.0280152   0.0269222   0.0268748   0.0272043   0.0275106   0.0276908   0.0277599   0.0277563   0.0277115
  14.4000382   0.0388794   0.0360084   0.0337883   0.0323817   0.0314403   0.0307682   0.0302794   0.0299102   0.0296112   0.0293534
  14.6939165   0.0238072   0.0269082   0.0279413   0.0288549   0.0294967   0.0298048   0.0298657   0.0297873   0.0296523   0.0295123
  14.9877949   0.0333246   0.0323710   0.0309483   0.0298080   0.0290252   0.0286078   0.0284741   0.0285250   0.0286879   0.0289191
  15.2816732   0.0198803   0.0215025   0.0232102   0.0247598   0.0260582   0.0270898   0.0279460   0.0287171   0.0294441   0.0301316
  15.5755515   0.0348168   0.0352472   0.0341750   0.0334059   0.0332586   0.0335732   0.0340840   0.0346181   0.0350976   0.0355002
  15.8694298   0.0378657   0.0424786   0.0452924   0.0461413   0.0460577   0.0455583   0.0449002   0.0442140   0.0435640   0.0429750
  16.1633082   0.0496025   0.0510867   0.0522481   0.0523244   0.0515986   0.0506259   0.0496503   0.0487291   0.0478650   0.0470562
  16.4571865   0.0446151   0.0457640   0.0452302   0.0453514   0.0457601   0.0461567   0.0464031   0.0464777   0.0464139   0.0462556
  16.7510648   0.0503621   0.0476399   0.0453658   0.0441746   0.0436108   0.0433802   0.0433662   0.0435055   0.0437390   0.0440150
  17.0449432   0.0390532   0.0386713   0.0390203   0.0397128   0.0405134   0.0412599   0.0419229   0.0425225   0.0430828   0.0436127
  17.3388215   0.0450433   0.0447891   0.0450597   0.0452165   0.0452854   0.0454135   0.0456452   0.0459301   0.0462029   0.0464243
  17.6326998   0.0517202   0.0511618   0.0514198   0.0519303   0.0522780   0.0522794   0.0519697   0.0514611   0.0508585   0.0502336
  17.9265782   0.0684733   0.0669453   0.0628109   0.0594368   0.0568778   0.0549155   0.0533628   0.0520892   0.0510138   0.0500899
  18.2204565   0.0374701   0.0365255   0.0386038   0.0408395   0.0424758   0.0435140   0.0441300   0.0444840   0.0446802   0.0447779
  18.5143348   0.0360674   0.0365839   0.0366651   0.0364347   0.0364268   0.0368052   0.0374522   0.0382072   0.0389587   0.0396471
  18.8082132   0.0270987   0.0321791   0.0351071   0.0364079   0.0370218   0.0373691   0.0376190   0.0378551   0.0381127   0.0383958
  19.1020915   0.0392548   0.0393544   0.0407504   0.0408509   0.0405596   0.0402198   0.0398950   0.0395923   0.0393239   0.0391106
  19.3959698   0.0478549   0.0419171   0.0410963   0.0407345   0.0403189   0.0399147   0.0395521   0.0392590   0.0390564   0.0389520
  19.6898481   0.0285311   0.0337433   0.0348803   0.0352698   0.0356949   0.0362203   0.0368249   0.0374733   0.0381329   0.0387855
  19.9837265   0.0347008   0.0342598   0.0353266   0.0364601   0.0376585   0.0388348   0.0399246   0.0409288   0.0418815   0.0428296
  20.2776048   0.0484476   0.0547833   0.0542983   0.0532929   0.0524477   0.0519053   0.0517028   0.0518710   0.0524261   0.0533483
  20.5714831   0.0555866   0.0593059   0.0611219   0.0623036   0.0632868   0.0644594   0.0659910   0.0678611   0.0699404   0.0720786
  20.8653615   0.0706428   0.0776580   0.0813839   0.0852863   0.0896483   0.0939403   0.0976790   0.1006510   0.1028481   0.1043611
  21.1592398   0.1876850   0.1719137   0.1693423   0.1661387   0.1620155   0.1577031   0.1535330   0.1496089   0.1459612   0.1425890
  21.4531181   0.1933373   0.1899766   0.1917714   0.1900406   0.1859602   0.1807817   0.1753472   0.1700797   0.1651424   0.1605695
  21.7469965   0.1462282   0.1465743   0.1452418   0.1458173   0.1476412   0.1496791   0.1512168   0.1519517   0.1518657   0.1510787
  22.0408748   0.1404400   0.1349140   0.1315138   0.1305109   0.1305520   0.1308688   0.1312985   0.1317966   0.1322757   0.1326319
  22.3347531   0.1329717   0.1265398   0.1218313   0.1193719   0.1178886   0.1167730   0.1159313   0.1153825   0.1151235   0.1151115
  22.6286314   0.0907622   0.0939187   0.0930063   0.0933539   0.0943575   0.0954774   0.0965103   0.0973897   0.0981244   0.0987574
  22.9225098   0.0794406   0.0805595   0.0811772   0.0824043   0.0832873   0.0838967   0.0844381   0.0849942   0.0855704   0.0861508
  23.2163881   0.0843178   0.0822028   0.0802521   0.0790309   0.0782324   0.0776929   0.0773624   0.0772029   0.0771834   0.0772778
  23.5102664   0.0746355   0.0703200   0.0683823   0.0682134   0.0685938   0.0690065   0.0693012   0.0694784   0.0695809   0.0696524
  23.8041448   0.0657065   0.0650914   0.0640615   0.0633717   0.0629559   0.0626796   0.0625215   0.0624594   0.0624627   0.0625089
  24.0980231   0.0569396   0.0546404   0.0543537   0.0546704   0.0550140   0.0552570   0.0554233   0.0555633   0.0557138   0.0558898
  24.3919014   0.0502794   0.0501330   0.0496957   0.0492907   0.0491508   0.0492608   0.0495389   0.0498908   0.0502538   0.0505974
  24.6857798   0.0447535   0.0424404   0.0435555   0.0450055   0.0459870   0.0465615   0.0468934   0.0470979   0.0472378   0.0473438
  24.9796581   0.0516274   0.0520907   0.0501036   0.0484452   0.0472542   0.0464113   0.0457970   0.0453269   0.0449528   0.0446501
  25.2735364   0.0374616   0.0399755   0.0403906   0.0406105   0.0408255   0.0409125   0.0408636   0.0407307   0.0405620   0.0403869
  25.5674148   0.0380476   0.0348115   0.0344060   0.0343206   0.0343308   0.0344260   0.0345797   0.0347521   0.0349106   0.0350394
  25.8612931   0.0278152   0.0285507   0.0287992   0.0291289   0.0294265   0.0296528   0.0298353   0.0299985   0.0301534   0.0303012
  26.1551714   0.0300484   0.0283809   0.0273863   0.0269242   0.0266961   0.0265716   0.0265016   0.0264637   0.0264507   0.0264631
  26.4490497   0.0260562   0.0238712   0.0231911   0.0230530   0.0230177   0.0229652   0.0229045   0.0228646   0.0228609   0.0228940
  26.7429281   0.0199327   0.0191599   0.0186687   0.0185263   0.0185872   0.0187784   0.0190341   0.0192995   0.0195440   0.0197578
  27.0368064   0.0136373   0.0144460   0.0155466   0.0164040   0.0169602   0.0172960   0.0174990   0.0176311   0.0177298   0.0178160
  27.3306847   0.0200148   0.0202466   0.0196732   0.0188000   0.0180146   0.0174138   0.0169880   0.0167025   0.0165237   0.0164257
  27.6245631   0.0111636   0.0117522   0.0124069   0.0129931   0.0135340   0.0139725   0.0142919   0.0145192   0.0146897   0.0148311
  27.9184414   0.0131647   0.0134191   0.0133634   0.0132411   0.0131789   0.0132354   0.0133927   0.0136080   0.0138437   0.0140767
  28.2123197   0.0115637   0.0126871   0.0134794   0.0139796   0.0142673   0.0144230   0.0145158   0.0145894   0.0146651   0.0147499
  28.5061981   0.0187290   0.0177807   0.0171498   0.0167679   0.0165258   0.0163737   0.0162679   0.0161821   0.0161043   0.0160318
  28.8000764   0.0177787   0.0177599   0.0176550   0.0175489   0.0174807   0.0174017   0.0172953   0.0171673   0.0170279   0.0168858
  29.0939547   0.0173467   0.0173522   0.0174240   0.0174226   0.0173545   0.0172517   0.0171398   0.0170308   0.0169295   0.0168391
  29.3878330   0.0165021   0.0160238   0.0159419   0.0159354   0.0159459   0.0159796   0.0160335   0.0161046   0.0161926   0.0162965
  29.6817114   0.0134694   0.0142056   0.0145820   0.0148424   0.0150716   0.0153218   0.0156025   0.0159043   0.0162166   0.0165299
  29.9755897   0.0148096   0.0158515   0.0164313   0.0168878   0.0172590   0.0175822   0.0178910   0.0181959   0.0184895   0.0187595
  30.2694680   0.0242002   0.0241289   0.0234898   0.0230916   0.0229409   0.0229044   0.0228707   0.0227955   0.0226769   0.0225278
  30.5633464   0.0271547   0.0290950   0.0293662   0.0290483   0.0284570   0.0277614   0.0270552   0.0263838   0.0257654   0.0252053
  30.8572247   0.0234240   0.0248107   0.0255427   0.0258389   0.0258207   0.0256487   0.0254140   0.0251564   0.0248911   0.0246243
  31.1511030   0.0201133   0.0205476   0.0203723   0.0203703   0.0206330   0.0210369   0.0214529   0.0218140   0.0221014   0.0223188
  31.4449814   0.0183890   0.0199392   0.0202258   0.0203558   0.0204095   0.0204410   0.0205051   0.0206267   0.0208045   0.0210258
  31.7388597   0.0210735   0.0206121   0.0205144   0.0205737   0.0206333   0.0207019   0.0207995   0.0209412   0.0211366   0.0213871
  32.0327380   0.0217047   0.0215788   0.0215169   0.0215830   0.0217786   0.0220911   0.0224788   0.0228981   0.0233193   0.0237270
  32.3266164   0.0232488   0.0247830   0.0257327   0.0265135   0.0271238   0.0275778   0.0279207   0.0281915   0.0284131   0.0285974
  32.6204947   0.0418253   0.0399209   0.0385337   0.0375228   0.0367244   0.0360987   0.0355956   0.0351702   0.0347946   0.0344545
  32.9143730   0.0402519   0.0395568   0.0399457   0.0401915   0.0402196   0.0400265   0.0396773   0.0392420   0.0387679   0.0382822
  33.2082513   0.0432918   0.0419055   0.0412553   0.0406455   0.0402308   0.0399527   0.0397283   0.0395021   0.0392471   0.0389580
  33.5021297   0.0382509   0.0371173   0.0372426   0.0375007   0.0376700   0.0377378   0.0377316   0.0376837   0.0376180   0.0375464
  33.7960080   0.0355927   0.0354057   0.0354082   0.0353754   0.0352761   0.0352088   0.0352265   0.0353226   0.0354707   0.0356459
  34.0898863   0.0315654   0.0314681   0.0314923   0.0320217   0.0326530   0.0332444   0.0337637   0.0342132   0.0346049   0.0349497
  34.3837647   0.0390320   0.0382707   0.0371961   0.0365738   0.0362698   0.0361385   0.0361033   0.0361211   0.0361696   0.0362403
  34.6776430   0.0402264   0.0394745   0.0393882   0.0393258   0.0392114   0.0389875   0.0387132   0.0384580   0.0382609   0.0381341
  34.9715213   0.0450181   0.0412463   0.0398558   0.0392325   0.0390201   0.0390379   0.0391669   0.0393374   0.0395111   0.0396701
  35.2653997   0.0353892   0.0375987   0.0385184   0.0393153   0.0400522   0.0406829   0.0411937   0.0415896   0.0418860   0.0420992
  35.5592780   0.0478212   0.0479601   0.0480132   0.0478863   0.0474364   0.0469052   0.0464286   0.0460360   0.0457127   0.0454327
  35.8531563   0.0472798   0.0486950   0.0491481   0.0491289   0.0489676   0.0487290   0.0484148   0.0480244   0.0475713   0.0470763
  36.1470347   0.0499551   0.0477470   0.0475428   0.0474404   0.0473114   0.0470823   0.0467425   0.0463186   0.0458389   0.0453257
  36.4409130   0.0477589   0.0458619   0.0442983   0.0431063   0.0422485   0.0416113   0.0411186   0.0407232   0.0403927   0.0401043
  36.7347913   0.0291152   0.0287448   0.0294075   0.0303055   0.0311068   0.0317352   0.0322197   0.0326022   0.0329161   0.0331865
  37.0286696   0.0262270   0.0262877   0.0261103   0.0259572   0.0259796   0.0261614   0.0264689   0.0268694   0.0273390   0.0278622
  37.3225480   0.0256676   0.0240189   0.0237344   0.0237218   0.0238664   0.0241240   0.0244884   0.0249685   0.0255651   0.0262650
  37.6164263   0.0230766   0.0233618   0.0239620   0.0246248   0.0253661   0.0261916   0.0270781   0.0279942   0.0289116   0.0298094
  37.9103046   0.0339680   0.0342365   0.0353273   0.0361194   0.0367302   0.0373035   0.0378329   0.0382937   0.0386803   0.0389979
  38.2041830   0.0466279   0.0533390   0.0551714   0.0551447   0.0544074   0.0534459   0.0524683   0.0515393   0.0506626   0.0498254
  38.4980613   0.0633911   0.0620918   0.0617908   0.0613229   0.0607316   0.0599804   0.0590316   0.0579121   0.0566755   0.0553726
  38.7919396   0.0637850   0.0613806   0.0597600   0.0583682   0.0572069   0.0562097   0.0552637   0.0542972   0.0532794   0.0522064
  39.0858180   0.0351189   0.0390036   0.0413742   0.0425600   0.0430193   0.0430425   0.0428347   0.0425126   0.0421303   0.0417095
  39.3796963   0.0287262   0.0277948   0.0275713   0.0272335   0.0270581   0.0271112   0.0273214   0.0276105   0.0279281   0.0282463
  39.6735746   0.0108445   0.0112867   0.0117058   0.0123193   0.0130370   0.0137791   0.0145191   0.0152609   0.0160082   0.0167572
  39.9674529   0.0066604   0.0068555   0.0069294   0.0071206   0.0074204   0.0078162   0.0082982   0.0088523   0.0094644   0.0101226
  40.2613313   0.0069071   0.0069147   0.0068761   0.0068654   0.0069082   0.0070053   0.0071644   0.0073918   0.0076863   0.0080408
  40.5552096   0.0071841   0.0074668   0.0076064   0.0077242   0.0078843   0.0080630   0.0082312   0.0083779   0.0085078   0.0086329
  40.8490879   0.0105896   0.0107234   0.0109381   0.0109839   0.0108806   0.0107140   0.0105358   0.0103689   0.0102217   0.0100974
  41.1429663   0.0115647   0.0121714   0.0121820   0.0120120   0.0118073   0.0116005   0.0114051   0.0112259   0.0110655   0.0109259
  41.4368446   0.0114339   0.0106858   0.0102905   0.0103006   0.0104443   0.0106004   0.0107336   0.0108409   0.0109273   0.0109984
  41.7307229   0.0122178   0.0115821   0.0109836   0.0107458   0.0107283   0.0108107   0.0109453   0.0111090   0.0112850   0.0114589
  42.0246013   0.0128364   0.0122175   0.0120953   0.0122234   0.0123824   0.0125324   0.0126696   0.0127882   0.0128880   0.0129741
  42.3184796   0.0143410   0.0153199   0.0154758   0.0156576   0.0156719   0.0155549   0.0153895   0.0152284   0.0150955   0.0149974
  42.6123579   0.0175836   0.0192119   0.0182573   0.0175329   0.0170937   0.0168525   0.0167287   0.0166665   0.0166335   0.0166132
  42.9062363   0.0149769   0.0149569   0.0154217   0.0161308   0.0167841   0.0172874   0.0176423   0.0178803   0.0180366   0.0181408
  43.2001146   0.0233096   0.0228146   0.0221976   0.0216232   0.0211014   0.0206776   0.0203814   0.0202110   0.0201392   0.0201322
  43.4939929   0.0202330   0.0211562   0.0213097   0.0212588   0.0214236   0.0216881   0.0219356   0.0221245   0.0222522   0.0223275
  43.7878712   0.0213705   0.0234906   0.0241893   0.0246216   0.0248520   0.0249594   0.0249888   0.0249524   0.0248563   0.0247121
  44.0817496   0.0316872   0.0299403   0.0297283   0.0294440   0.0289080   0.0282331   0.0275466   0.0269204   0.0263798   0.0259241
  44.3756279   0.0300377   0.0277852   0.0262071   0.0253095   0.0249250   0.0247985   0.0247639   0.0247451   0.0247156   0.0246700
  44.6695062   0.0182459   0.0183778   0.0188345   0.0196351   0.0204695   0.0212017   0.0218133   0.0223126   0.0227082   0.0230083
  44.9633846   0.0242117   0.0241573   0.0239868   0.0237791   0.0234820   0.0232017   0.0229926   0.0228526   0.0227630   0.0227064
  45.2572629   0.0239551   0.0241078   0.0240721   0.0239672   0.0237515   0.0234486   0.0231037   0.0227582   0.0224420   0.0221705
  45.5511412   0.0217424   0.0209493   0.0205240   0.0202648   0.0201647   0.0201603   0.0201877   0.0202111   0.0202167   0.0202043
  45.8450196   0.0148622   0.0154517   0.0161073   0.0165471   0.0168957   0.0171887   0.0174446   0.0176757   0.0178849   0.0180682
  46.1388979   0.0158143   0.0164197   0.0166959   0.0166974   0.0166470   0.0166427   0.0166902   0.0167653   0.0168439   0.0169100
  46.4327762   0.0149175   0.0158473   0.0163464   0.0166317   0.0167586   0.0167553   0.0166508   0.0164770   0.0162644   0.0160370
  46.7266545   0.0197941   0.0183715   0.0174599   0.0167273   0.0160565   0.0154507   0.0149153   0.0144474   0.0140405   0.0136876
  47.0205329   0.0091638   0.0086452   0.0086369   0.0087844   0.0089597   0.0091060   0.0092127   0.0092863   0.0093358   0.0093685
  47.3144112   0.0021287   0.0023021   0.0025406   0.0028605   0.0032460   0.0036621   0.0040808   0.0044812   0.0048504   0.0051832
  47.6082895   0.0024562   0.0024329   0.0024030   0.0023659   0.0023435   0.0023605   0.0024295   0.0025511   0.0027176   0.0029176
  47.9021679   0.0017276   0.0018268   0.0019068   0.0019463   0.0019662   0.0019793   0.0019928   0.0020142   0.0020510   0.0021089
  48.1960462   0.0013749   0.0015556   0.0016450   0.0016892   0.0017195   0.0017472   0.0017733   0.0017972   0.0018195   0.0018427
  48.4899245   0.0017392   0.0017769   0.0017986   0.0017913   0.0017784   0.0017672   0.0017593   0.0017550   0.0017544   0.0017571
  48.7838029   0.0018195   0.0017535   0.0017464   0.0017387   0.0017306   0.0017236   0.0017180   0.0017140   0.0017117   0.0017110
  49.0776812   0.0016278   0.0015715   0.0015728   0.0015919   0.0016120   0.0016303   0.0016456   0.0016573   0.0016659   0.0016721
  49.3715595   0.0016675   0.0016859   0.0016919   0.0016915   0.0016838   0.0016747   0.0016679   0.0016639   0.0016621   0.0016618
  49.6654379   0.0016846   0.0016524   0.0016563   0.0016596   0.0016625   0.0016635   0.0016624   0.0016600   0.0016572   0.0016546
  49.9593162   0.0018015   0.0017175   0.0016698   0.0016458   0.0016361   0.0016333   0.0016331   0.0016336   0.0016343   0.0016351
  50.2531945   0.0014678   0.0015654   0.0015929   0.0015991   0.0016032   0.0016065   0.0016097   0.0016133   0.0016170   0.0016207
  50.5470728   0.0015692   0.0015643   0.0015792   0.0015944   0.0016052   0.0016129   0.0016186   0.0016230   0.0016262   0.0016282
  50.8409512   0.0018409   0.0017472   0.0017094   0.0016905   0.0016788   0.0016702   0.0016628   0.0016559   0.0016491   0.0016424
  51.1348295   0.0016761   0.0017005   0.0016871   0.0016750   0.0016661   0.0016571   0.0016467   0.0016354   0.0016241   0.0016130
  51.4287078   0.0015002   0.0015493   0.0015528   0.0015485   0.0015415   0.0015347   0.0015293   0.0015249   0.0015203   0.0015145
  51.7225862   0.0013231   0.0012834   0.0013016   0.0013269   0.0013486   0.0013650   0.0013748   0.0013773   0.0013733   0.0013642
  52.0164645   0.0014137   0.0013786   0.0013582   0.0013347   0.0013011   0.0012622   0.0012234   0.0011877   0.0011559   0.0011283
  52.3103428   0.0009629   0.0009222   0.0008667   0.0008279   0.0008011   0.0007808   0.0007651   0.0007529   0.0007439   0.0007376
  52.6042212   0.0000000   0.0000008   0.0000148   0.0000527   0.0001048   0.0001588   0.0002084   0.0002518   0.0002891   0.0003210
  52.8980995   0.0000000   0.0000000   0.0000000   0.0000001   0.0000015   0.0000071   0.0000188   0.0000364   0.0000584   0.0000829
  53.1919778   0.0000000   0.0000000   0.0000000   0.0000000   0.0000000   0.0000001   0.0000005   0.0000021   0.0000057   0.0000119
  53.4858561   0.0000000   0.0000000   0.0000000   0.0000000   0.0000000   0.0000000   0.0000000   0.0000000   0.0000003   0.0000009
  53.7797345   0.0000000   0.0000000   0.0000000   0.0000000   0.0000000   0.0000000   0.0000000   0.0000000   0.0000001   0.0000006
  54.0736128   0.0000000   0.0000000   0.0000000   0.0000000   0.0000000   0.0000000   0.0000002   0.0000011   0.0000039   0.0000102
  54.3674911   0.0000000   0.0000000   0.0000000   0.0000000   0.0000004   0.0000029   0.0000110   0.0000279   0.0000558   0.0000951
  54.6613695   0.0000000   0.0000000   0.0000022   0.0000170   0.0000550   0.0001169   0.0001982   0.0002944   0.0004005   0.0005112
  54.9552478   0.0002954   0.0004461   0.0006325   0.0007987   0.0009569   0.0011166   0.0012730   0.0014173   0.0015440   0.0016511
  55.2491261   0.0033955   0.0034401   0.0035742   0.0036577   0.0036752   0.0036447   0.0035866   0.0035147   0.0034372   0.0033582
  55.5430045   0.0074314   0.0070075   0.0065483   0.0061508   0.0058087   0.0055076   0.0052368   0.0049898   0.0047628   0.0045528
  55.8368828   0.0045102   0.0045537   0.0046102   0.0046902   0.0047572   0.0047822   0.0047594   0.0046949   0.0045981   0.0044784
  56.1307611   0.0037326   0.0036968   0.0036949   0.0036831   0.0036578   0.0036309   0.0036067   0.0035822   0.0035529   0.0035155
  56.4246395   0.0021406   0.0023202   0.0023310   0.0023041   0.0022736   0.0022488   0.0022329   0.0022273   0.0022311   0.0022421
  56.7185178   0.0004137   0.0004468   0.0005042   0.0005767   0.0006618   0.0007507   0.0008370   0.0009184   0.0009948   0.0010671
  57.0123961   0.0000000   0.0000001   0.0000047   0.0000216   0.0000523   0.0000950   0.0001477   0.0002079   0.0002732   0.0003411
  57.3062744   0.0000000   0.0000000   0.0000000   0.0000000   0.0000006   0.0000032   0.0000099   0.0000225   0.0000417   0.0000677
  57.6001528   0.0000000   0.0000000   0.0000000   0.0000000   0.0000000   0.0000000   0.0000002   0.0000010   0.0000033   0.0000079
  57.8940311   0.0000000   0.0000000   0.0000000   0.0000000   0.0000000   0.0000000   0.0000000   0.0000000   0.0000001   0.0000005
  58.1879094   0.0000000   0.0000000   0.0000000   0.0000000   0.0000000   0.0000000   0.0000000   0.0000000   0.0000000   0.0000000
  58.4817878   0.0000000   0.0000000   0.0000000   0.0000000   0.0000000   0.0000000   0.0000000   0.0000000   0.0000000   0.0000000
  58.7756661   0.0000000   0.0000000   0.0000000   0.0000000   0.0000000   0.0000000   0.0000000   0.0000000   0.0000000   0.0000000
  59.0695444   0.0000000   0.0000000   0.0000000   0.0000000   0.0000000   0.0000000   0.0000000   0.0000000   0.0000000   0.0000000
  59.3634228   0.0000000   0.0000000   0.0000000   0.0000000   0.0000000   0.0000000   0.0000000   0.0000000   0.0000000   0.0000000
  59.6573011   0.0000000   0.0000000   0.0000000   0.0000000   0.0000000   0.0000000   0.0000000   0.0000000   0.0000000   0.0000000
  59.9511794   0.0000000   0.0000000   0.0000000   0.0000000   0.0000000   0.0000000   0.0000000   0.0000000   0.0000000   0.0000000
  60.2450578   0.0000000   0.0000000   0.0000000   0.0000000   0.0000000   0.0000000   0.0000000   0.0000000   0.0000000   0.0000000
  60.5389361   0.0000000   0.0000000   0.0000000   0.0000000   0.0000000   0.0000000   0.0000000   0.0000000   0.0000000   0.0000000
  60.8328144   0.0000000   0.0000000   0.0000000   0.0000000   0.0000000   0.0000000   0.0000000   0.0000000   0.0000000   0.0000000
  61.1266927   0.0000000   0.0000000   0.0000000   0.0000000   0.0000000   0.0000000   0.0000000   0.0000000   0.0000000   0.0000000
  61.4205711   0.0000000   0.0000000   0.0000000   0.0000000   0.0000000   0.0000000   0.0000000   0.0000000   0.0000000   0.0000000
  61.7144494   0.0000000   0.0000000   0.0000000   0.0000000   0.0000000   0.0000000   0.0000000   0.0000000   0.0000000   0.0000000
  62.0083277   0.0000000   0.0000000   0.0000000   0.0000000   0.0000000   0.0000000   0.0000000   0.0000000   0.0000000   0.0000000
  62.3022061   0.0000000   0.0000000   0.0000000   0.0000000   0.0000000   0.0000000   0.0000000   0.0000000   0.0000000   0.0000000
  62.5960844   0.0000000   0.0000000   0.0000000   0.0000000   0.0000000   0.0000000   0.0000000   0.0000000   0.0000000   0.0000000
  62.8899627   0.0000000   0.0000000   0.0000000   0.0000000   0.0000000   0.0000000   0.0000000   0.0000000   0.0000000   0.0000000
  63.1838411   0.0000000   0.0000000   0.0000000   0.0000000   0.0000000   0.0000000   0.0000000   0.0000000   0.0000000   0.0000000
  63.4777194   0.0000000   0.0000000   0.0000000   0.0000000   0.0000000   0.0000000   0.0000000   0.0000000   0.0000000   0.0000000
  63.7715977   0.0000000   0.0000000   0.0000000   0.0000000   0.0000000   0.0000000   0.0000000   0.0000000   0.0000000   0.0000000
  64.0654760   0.0000000   0.0000000   0.0000000   0.0000000   0.0000000   0.0000000   0.0000000   0.0000000   0.0000000   0.0000000
  64.3593544   0.0000000   0.0000000   0.0000000   0.0000000   0.0000000   0.0000000   0.0000000   0.0000000   0.0000000   0.0000000
  64.6532327   0.0000000   0.0000000   0.0000000   0.0000000   0.0000000   0.0000000   0.0000000   0.0000000   0.0000000   0.0000000
  64.9471110   0.0000000   0.0000000   0.0000000   0.0000000   0.0000000   0.0000000   0.0000000   0.0000000   0.0000000   0.0000000
  65.2409894   0.0000000   0.0000000   0.0000000   0.0000000   0.0000000   0.0000000   0.0000000   0.0000000   0.0000000   0.0000000
  65.5348677   0.0000000   0.0000000   0.0000000   0.0000000   0.0000000   0.0000000   0.0000000   0.0000000   0.0000000   0.0000000
  65.8287460   0.0000000   0.0000000   0.0000000   0.0000000   0.0000000   0.0000000   0.0000000   0.0000000   0.0000000   0.0000000
  66.1226244   0.0000000   0.0000000   0.0000000   0.0000000   0.0000000   0.0000000   0.0000000   0.0000000   0.0000000   0.0000000
  66.4165027   0.0000000   0.0000000   0.0000000   0.0000000   0.0000000   0.0000000   0.0000000   0.0000000   0.0000000   0.0000000
  66.7103810   0.0000000   0.0000000   0.0000000   0.0000000   0.0000000   0.0000000   0.0000000   0.0000000   0.0000000   0.0000000
  67.0042594   0.0000000   0.0000000   0.0000000   0.0000000   0.0000000   0.0000000   0.0000000   0.0000000   0.0000000   0.0000000
  67.2981377   0.0000000   0.0000000   0.0000000   0.0000000   0.0000000   0.0000000   0.0000000   0.0000000   0.0000000   0.0000000
  67.5920160   0.0000000   0.0000000   0.0000000   0.0000000   0.0000000   0.0000000   0.0000000   0.0000000   0.0000000   0.0000000
  67.8858943   0.0000000   0.0000000   0.0000000   0.0000000   0.0000000   0.0000000   0.0000000   0.0000000   0.0000000   0.0000000
  68.1797727   0.0000000   0.0000000   0.0000000   0.0000000   0.0000000   0.0000000   0.0000000   0.0000000   0.0000000   0.0000000
  68.4736510   0.0000000   0.0000000   0.0000000   0.0000000   0.0000000   0.0000000   0.0000000   0.0000000   0.0000000   0.0000000
  68.7675293   0.0000000   0.0000000   0.0000000   0.0000000   0.0000000   0.0000000   0.0000000   0.0000000   0.0000000   0.0000000
  69.0614077   0.0000000   0.0000000   0.0000000   0.0000000   0.0000000   0.0000000   0.0000000   0.0000000   0.0000000   0.0000003
  69.3552860   0.0000000   0.0000000   0.0000000   0.0000000   0.0000000   0.0000000   0.0000000   0.0000004   0.0000018   0.0000058
  69.6491643   0.0000000   0.0000000   0.0000000   0.0000000   0.0000000   0.0000006   0.0000039   0.0000140   0.0000346   0.0000683
  69.9430427   0.0000000   0.0000000   0.0000000   0.0000017   0.0000148   0.0000522   0.0001185   0.0002102   0.0003217   0.0004490
  70.2369210   0.0000000   0.0000295   0.0001771   0.0004047   0.0006521   0.0008866   0.0011075   0.0013223   0.0015366   0.0017534
  70.5307993   0.0049196   0.0045614   0.0041270   0.0038933   0.0038326   0.0038798   0.0039888   0.0041358   0.0043092   0.0045021
  70.8246776   0.0076020   0.0075106   0.0077498   0.0079401   0.0080653   0.0081621   0.0082590   0.0083659   0.0084839   0.0086118
  71.1185560   0.0124680   0.0126821   0.0129264   0.0131782   0.0133428   0.0134438   0.0135072   0.0135504   0.0135850   0.0136195
  71.4124343   0.0190841   0.0204392   0.0202023   0.0197711   0.0194472   0.0192375   0.0190962   0.0189978   0.0189339   0.0189007
  71.7063126   0.0222381   0.0222892   0.0231562   0.0235860   0.0237528   0.0238414   0.0239160   0.0239926   0.0240737   0.0241599
  72.0001910   0.0233532   0.0261419   0.0277390   0.0284584   0.0288811   0.0291831   0.0294254   0.0296380   0.0298368   0.0300273
  72.2940693   0.0384719   0.0385663   0.0378853   0.0372933   0.0369140   0.0367586   0.0367584   0.0368439   0.0369601   0.0370661
  72.5879476   0.0426954   0.0421633   0.0429896   0.0438499   0.0444683   0.0448515   0.0450226   0.0450063   0.0448331   0.0445366
  72.8818260   0.0555192   0.0564947   0.0564969   0.0558279   0.0548723   0.0537880   0.0526629   0.0515462   0.0504627   0.0494242
  73.1757043   0.0571468   0.0561849   0.0549458   0.0536888   0.0525118   0.0514488   0.0504686   0.0495487   0.0486841   0.0478794
  73.4695826   0.0327716   0.0342920   0.0361871   0.0376344   0.0387604   0.0396236   0.0402766   0.0407787   0.0411876   0.0415518
  73.7634610   0.0336013   0.0334940   0.0333961   0.0332145   0.0332037   0.0335212   0.0341796   0.0351184   0.0362629   0.0375461
  74.0573393   0.0284100   0.0296645   0.0305660   0.0320187   0.0336737   0.0353626   0.0370823   0.0388559   0.0406745   0.0425035
  74.3512176   0.0548580   0.0542153   0.0529199   0.0527109   0.0533912   0.0545525   0.0558501   0.0570973   0.0582202   0.0592050
  74.6450959   0.0808384   0.0864385   0.0886474   0.0887839   0.0879893   0.0867810   0.0854127   0.0840262   0.0826978   0.0814630
  74.9389743   0.1034340   0.1081396   0.1099590   0.1091533   0.1072535   0.1050194   0.1027448   0.1005306   0.0984071   0.0963841
  75.2328526   0.1006365   0.0993614   0.0997206   0.1000844   0.1004365   0.1006933   0.1006806   0.1003376   0.0996966   0.0988245
  75.5267309   0.0933717   0.0944991   0.0953225   0.0953519   0.0951070   0.0948566   0.0946823   0.0945813   0.0945108   0.0944199
  75.8206093   0.0808905   0.0844965   0.0863084   0.0870241   0.0873717   0.0876582   0.0879656   0.0883001   0.0886530   0.0890132
  76.1144876   0.0790151   0.0802287   0.0813192   0.0821830   0.0829622   0.0836579   0.0842780   0.0848472   0.0853875   0.0859124
  76.4083659   0.0953026   0.0903440   0.0879101   0.0865707   0.0858616   0.0855617   0.0855186   0.0856412   0.0858743   0.0861836
  76.7022443   0.0855000   0.0848655   0.0858217   0.0867463   0.0874436   0.0879153   0.0882257   0.0884499   0.0886499   0.0888643
  76.9961226   0.0919114   0.0926031   0.0933812   0.0933475   0.0930529   0.0928190   0.0927507   0.0928261   0.0929817   0.0931542
  77.2900009   0.0938309   0.0948409   0.0954473   0.0962404   0.0970746   0.0977827   0.0982838   0.0985477   0.0985666   0.0983479
  77.5838792   0.1089415   0.1123252   0.1104021   0.1089440   0.1078690   0.1067784   0.1055015   0.1040155   0.1023570   0.1005810
  77.8777576   0.1196391   0.1145451   0.1112920   0.1083177   0.1052543   0.1021116   0.0990095   0.0960511   0.0932939   0.0907588
  78.1716359   0.0628251   0.0656599   0.0662220   0.0666665   0.0668940   0.0669084   0.0667794   0.0665520   0.0662547   0.0659097
  78.4655142   0.0240181   0.0230350   0.0236659   0.0253804   0.0275521   0.0299160   0.0323022   0.0345868   0.0366955   0.0385942
  78.7593926   0.0160619   0.0148050   0.0145511   0.0149276   0.0156187   0.0165427   0.0176926   0.0190463   0.0205576   0.0221680
  79.0532709   0.0183858   0.0170322   0.0162753   0.0159219   0.0157054   0.0155873   0.0155907   0.0157439   0.0160680   0.0165706
  79.3471492   0.0143139   0.0148703   0.0149566   0.0150791   0.0151794   0.0152383   0.0152707   0.0153002   0.0153547   0.0154622
  79.6410276   0.0143496   0.0148584   0.0149951   0.0150486   0.0150794   0.0151367   0.0152265   0.0153379   0.0154617   0.0155950
  79.9349059   0.0144297   0.0147462   0.0152977   0.0156533   0.0158765   0.0160530   0.0162156   0.0163750   0.0165329   0.0166874
  80.2287842   0.0167854   0.0178833   0.0184565   0.0185204   0.0185286   0.0185638   0.0186135   0.0186635   0.0187087   0.0187496
  80.5226626   0.0215781   0.0214824   0.0218183   0.0218419   0.0217381   0.0215959   0.0214454   0.0213020   0.0211737   0.0210643
  80.8165409   0.0241379   0.0234040   0.0233457   0.0232976   0.0232197   0.0231283   0.0230363   0.0229496   0.0228717   0.0228060
  81.1104192   0.0250064   0.0239646   0.0235409   0.0235411   0.0236373   0.0237557   0.0238769   0.0239947   0.0241096   0.0242236
  81.4042975   0.0239922   0.0251396   0.0252354   0.0253437   0.0254515   0.0255829   0.0257495   0.0259472   0.0261647   0.0263909
  81.6981759   0.0272785   0.0277659   0.0284471   0.0287358   0.0289854   0.0292263   0.0294483   0.0296543   0.0298507   0.0300405
  81.9920542   0.0349121   0.0357135   0.0355939   0.0353431   0.0351306   0.0349992   0.0349347   0.0349071   0.0348925   0.0348764
  82.2859325   0.0433732   0.0397414   0.0396612   0.0400854   0.0403284   0.0403588   0.0402494   0.0400577   0.0398170   0.0395451
  82.5798109   0.0507748   0.0478836   0.0464265   0.0454142   0.0447099   0.0441648   0.0436872   0.0432267   0.0427622   0.0422896
  82.8736892   0.0450988   0.0438107   0.0436994   0.0436654   0.0435751   0.0433668   0.0430606   0.0426977   0.0423076   0.0419062
  83.1675675   0.0378588   0.0397852   0.0396860   0.0394453   0.0392839   0.0391777   0.0391029   0.0390375   0.0389635   0.0388700
  83.4614459   0.0361505   0.0338749   0.0336327   0.0338013   0.0340681   0.0343347   0.0345724   0.0347710   0.0349293   0.0350504
  83.7553242   0.0335800   0.0322917   0.0318021   0.0317232   0.0317273   0.0317099   0.0316909   0.0316949   0.0317287   0.0317884
  84.0492025   0.0357638   0.0319742   0.0301589   0.0293870   0.0290722   0.0289520   0.0289213   0.0289375   0.0289818   0.0290445
  84.3430809   0.0261173   0.0252060   0.0251378   0.0254732   0.0258435   0.0261555   0.0263958   0.0265730   0.0267017   0.0267975
  84.6369592   0.0225566   0.0249451   0.0256540   0.0257987   0.0256607   0.0254558   0.0252802   0.0251559   0.0250778   0.0250359
  84.9308375   0.0191369   0.0221209   0.0229926   0.0231892   0.0232155   0.0232150   0.0232048   0.0231919   0.0231868   0.0231972
  85.2247158   0.0167717   0.0194541   0.0203877   0.0205927   0.0206911   0.0208365   0.0210163   0.0212044   0.0213860   0.0215549
  85.5185942   0.0162295   0.0177723   0.0191856   0.0198331   0.0201451   0.0203394   0.0204965   0.0206430   0.0207843   0.0209186
  85.8124725   0.0215198   0.0216857   0.0216323   0.0215303   0.0214218   0.0213310   0.0212580   0.0211953   0.0211402   0.0210942
  86.1063508   0.0268753   0.0237472   0.0223925   0.0219932   0.0218167   0.0216539   0.0214852   0.0213223   0.0211747   0.0210475
  86.4002292   0.0247400   0.0226275   0.0209137   0.0203912   0.0202923   0.0202873   0.0202964   0.0203066   0.0203162   0.0203250
  86.6941075   0.0215583   0.0199772   0.0191175   0.0188411   0.0188798   0.0190250   0.0191972   0.0193656   0.0195202   0.0196597
  86.9879858   0.0194089   0.0186867   0.0189117   0.0192471   0.0194321   0.0195099   0.0195617   0.0196265   0.0197110   0.0198085
  87.2818642   0.0207165   0.0210041   0.0207195   0.0205538   0.0205022   0.0205153   0.0205547   0.0205911   0.0206138   0.0206229
  87.5757425   0.0244580   0.0226105   0.0219781   0.0220079   0.0220178   0.0219529   0.0218431   0.0217104   0.0215689   0.0214281
  87.8696208   0.0232713   0.0231145   0.0229004   0.0226507   0.0224108   0.0221555   0.0219105   0.0216962   0.0215147   0.0213584
  88.1634991   0.0238646   0.0209447   0.0202801   0.0199191   0.0198833   0.0200156   0.0201742   0.0202947   0.0203635   0.0203889
  88.4573775   0.0169960   0.0176843   0.0185974   0.0191231   0.0193368   0.0193838   0.0193698   0.0193519   0.0193526   0.0193759
  88.7512558   0.0169583   0.0187407   0.0190437   0.0188943   0.0186692   0.0185006   0.0184317   0.0184514   0.0185311   0.0186448
  89.0451341   0.0190620   0.0161689   0.0157991   0.0161253   0.0167403   0.0173689   0.0178841   0.0182715   0.0185566   0.0187682
  89.3390125   0.0212330   0.0236528   0.0230713   0.0220869   0.0213253   0.0207965   0.0204371   0.0201960   0.0200316   0.0199132
  89.6328908   0.0174274   0.0181603   0.0200585   0.0209206   0.0212285   0.0212567   0.0211315   0.0209289   0.0206985   0.0204703
  89.9267691   0.0184556   0.0191989   0.0201281   0.0202818   0.0201398   0.0199853   0.0198793   0.0198027   0.0197321   0.0196568
  90.2206475   0.0177019   0.0168076   0.0169796   0.0173528   0.0176482   0.0178538   0.0180010   0.0181188   0.0182196   0.0183039
  90.5145258   0.0208138   0.0194795   0.0179133   0.0171853   0.0169826   0.0170097   0.0171082   0.0172101   0.0172965   0.0173692
  90.8084041   0.0190351   0.0182617   0.0176345   0.0174994   0.0174151   0.0172610   0.0170901   0.0169573   0.0168815   0.0168580
  91.1022825   0.0189744   0.0168972   0.0160684   0.0157769   0.0157608   0.0158717   0.0160344   0.0162014   0.0163486   0.0164703
  91.3961608   0.0136465   0.0150209   0.0150972   0.0154722   0.0158934   0.0162166   0.0164343   0.0165744   0.0166630   0.0167180
  91.6900391   0.0228065   0.0219260   0.0206010   0.0196436   0.0189026   0.0183277   0.0178942   0.0175742   0.0173408   0.0171722
  91.9839174   0.0122659   0.0150724   0.0155701   0.0160468   0.0164268   0.0166689   0.0167996   0.0168553   0.0168687   0.0168627
  92.2777958   0.0167609   0.0159953   0.0158092   0.0158139   0.0158359   0.0159049   0.0160296   0.0161837   0.0163368   0.0164685
  92.5716741   0.0168732   0.0160330   0.0160753   0.0162740   0.0164559   0.0165915   0.0166742   0.0167147   0.0167284   0.0167265
  92.8655524   0.0164480   0.0189834   0.0189946   0.0186490   0.0182444   0.0178842   0.0175780   0.0173162   0.0170925   0.0169038
  93.1594308   0.0127686   0.0146341   0.0156475   0.0161970   0.0163480   0.0163342   0.0162732   0.0162040   0.0161353   0.0160667
  93.4533091   0.0066205   0.0118521   0.0129718   0.0134340   0.0137838   0.0140937   0.0143521   0.0145488   0.0146857   0.0147714
  93.7471874   0.0163318   0.0159026   0.0153874   0.0148361   0.0144409   0.0141786   0.0140027   0.0138833   0.0138022   0.0137469
  94.0410658   0.0160540   0.0130373   0.0125872   0.0127219   0.0128228   0.0128066   0.0127263   0.0126322   0.0125466   0.0124749
  94.3349441   0.0130166   0.0119944   0.0109392   0.0104662   0.0103874   0.0104817   0.0106134   0.0107218   0.0107905   0.0108233
  94.6288224   0.0071339   0.0090418   0.0095369   0.0095990   0.0095522   0.0094596   0.0093638   0.0092879   0.0092354   0.0092006
  94.9227007   0.0071921   0.0068564   0.0072508   0.0074684   0.0075366   0.0075351   0.0075075   0.0074756   0.0074481   0.0074275
  95.2165791   0.0045868   0.0056308   0.0055419   0.0053062   0.0052332   0.0052818   0.0053702   0.0054541   0.0055201   0.0055693
  95.5104574   0.0017765   0.0029611   0.0035467   0.0038424   0.0039487   0.0039593   0.0039386   0.0039234   0.0039285   0.0039567
  95.8043357   0.0025971   0.0024978   0.0025135   0.0024843   0.0024211   0.0023902   0.0024098   0.0024712   0.0025612   0.0026700
  96.0982141   0.0000035   0.0000785   0.0002685   0.0005521   0.0008918   0.0012276   0.0015242   0.0017764   0.0019918   0.0021801
  96.3920924   0.0032025   0.0034866   0.0033857   0.0031528   0.0029557   0.0028254   0.0027556   0.0027338   0.0027475   0.0027869
  96.6859707   0.0027640   0.0032563   0.0037199   0.0039320   0.0039856   0.0039637   0.0039111   0.0038546   0.0038096   0.0037829
  96.9798491   0.0045369   0.0041005   0.0043324   0.0044283   0.0044610   0.0045080   0.0045742   0.0046422   0.0046979   0.0047363
  97.2737274   0.0044564   0.0046249   0.0051708   0.0054580   0.0056456   0.0057669   0.0058279   0.0058470   0.0058436   0.0058304
  97.5676057   0.0077794   0.0087702   0.0087204   0.0082290   0.0077566   0.0074020   0.0071581   0.0069948   0.0068859   0.0068125
  97.8614841   0.0046888   0.0046969   0.0053639   0.0061356   0.0066798   0.0070232   0.0072321   0.0073587   0.0074348   0.0074778
  98.1553624   0.0102318   0.0098696   0.0092095   0.0087053   0.0083990   0.0082724   0.0082451   0.0082526   0.0082620   0.0082606
  98.4492407   0.0051189   0.0079310   0.0091028   0.0095231   0.0096041   0.0095209   0.0093730   0.0092143   0.0090682   0.0089416
  98.7431190   0.0082548   0.0089129   0.0092097   0.0092445   0.0092070   0.0091553   0.0091008   0.0090438   0.0089854   0.0089284
  99.0369974   0.0112852   0.0093604   0.0085886   0.0082763   0.0082006   0.0082365   0.0083168   0.0084081   0.0084946   0.0085692
  99.3308757   0.0079111   0.0077634   0.0075863   0.0077921   0.0080384   0.0082230   0.0083507   0.0084461   0.0085272   0.0086031
  99.6247540   0.0099735   0.0107244   0.0103096   0.0098452   0.0095077   0.0092868   0.0091634   0.0091103   0.0091007   0.0091144
  99.9186324   0.0083230   0.0080241   0.0083887   0.0088156   0.0092033   0.0094906   0.0096689   0.0097610   0.0097936   0.0097886
 100.2125107   0.0130317   0.0126786   0.0123267   0.0118197   0.0113743   0.0110373   0.0107829   0.0105817   0.0104159   0.0102764
 100.5063890   0.0086087   0.0091504   0.0098843   0.0102966   0.0103898   0.0103338   0.0102347   0.0101396   0.0100621   0.0100005
 100.8002674   0.0060289   0.0070501   0.0076163   0.0079494   0.0082649   0.0085891   0.0088818   0.0091144   0.0092822   0.0093940
 101.0941457   0.0105600   0.0101332   0.0101493   0.0099495   0.0097328   0.0095513   0.0094120   0.0093138   0.0092508   0.0092144
 101.3880240   0.0099296   0.0095626   0.0094970   0.0094948   0.0094226   0.0093060   0.0091808   0.0090694   0.0089833   0.0089271
 101.6819023   0.0076699   0.0075380   0.0074253   0.0074870   0.0076424   0.0078290   0.0080155   0.0081867   0.0083407   0.0084831
 101.9757807   0.0096355   0.0082196   0.0079189   0.0079470   0.0080477   0.0081690   0.0083162   0.0084977   0.0087086   0.0089346
 102.2696590   0.0110825   0.0103618   0.0100559   0.0099204   0.0099570   0.0101140   0.0103211   0.0105287   0.0107129   0.0108650
 102.5635373   0.0101154   0.0120632   0.0133063   0.0139242   0.0141798   0.0142187   0.0141329   0.0139758   0.0137776   0.0135569
 102.8574157   0.0194990   0.0196334   0.0192643   0.0185643   0.0177936   0.0170644   0.0163982   0.0157916   0.0152384   0.0147338
 103.1512940   0.0149681   0.0137436   0.0135509   0.0135489   0.0135648   0.0135361   0.0134450   0.0133021   0.0131248   0.0129277
 103.4451723   0.0079097   0.0081977   0.0082212   0.0083679   0.0085842   0.0088366   0.0091015   0.0093552   0.0095794   0.0097641
 103.7390507   0.0060484   0.0060431   0.0062400   0.0064542   0.0066246   0.0067861   0.0069551   0.0071340   0.0073204   0.0075094
 104.0329290   0.0045218   0.0061641   0.0065774   0.0065822   0.0065268   0.0064651   0.0064197   0.0064036   0.0064199   0.0064662
 104.3268073   0.0077693   0.0065221   0.0060701   0.0058446   0.0057820   0.0057955   0.0058273   0.0058564   0.0058801   0.0059020
 104.6206857   0.0048911   0.0052861   0.0053003   0.0053621   0.0054205   0.0054558   0.0054757   0.0054880   0.0054960   0.0055011
 104.9145640   0.0061366   0.0055112   0.0053582   0.0053567   0.0053235   0.0052693   0.0052176   0.0051763   0.0051459   0.0051247
 105.2084423   0.0044229   0.0047098   0.0046306   0.0045855   0.0045860   0.0046036   0.0046243   0.0046411   0.0046525   0.0046595
 105.5023206   0.0048458   0.0042174   0.0040534   0.0040561   0.0040990   0.0041382   0.0041662   0.0041870   0.0042051   0.0042234
 105.7961990   0.0055850   0.0045438   0.0042348   0.0040803   0.0039750   0.0039084   0.0038772   0.0038738   0.0038894   0.0039173
 106.0900773   0.0025138   0.0026610   0.0029072   0.0031504   0.0033534   0.0035078   0.0036240   0.0037135   0.0037851   0.0038455
 106.3839556   0.0049590   0.0048048   0.0044848   0.0042934   0.0041870   0.0041273   0.0041001   0.0040951   0.0041039   0.0041210
 106.6778340   0.0063797   0.0052045   0.0047141   0.0046016   0.0045956   0.0045941   0.0045826   0.0045670   0.0045524   0.0045414
 106.9717123   0.0059639   0.0057056   0.0051546   0.0049461   0.0049061   0.0049118   0.0049216   0.0049265   0.0049256   0.0049199
 107.2655906   0.0057614   0.0057373   0.0055921   0.0054411   0.0053571   0.0053140   0.0052881   0.0052691   0.0052533   0.0052391
 107.5594690   0.0034336   0.0044400   0.0050709   0.0053849   0.0054848   0.0055023   0.0054991   0.0054911   0.0054804   0.0054666
 107.8533473   0.0047502   0.0048334   0.0052013   0.0054658   0.0055829   0.0056245   0.0056325   0.0056236   0.0056051   0.0055811
 108.1472256   0.0064763   0.0069501   0.0064682   0.0060765   0.0058522   0.0057293   0.0056516   0.0055952   0.0055522   0.0055186
 108.4411040   0.0054194   0.0049876   0.0050575   0.0051078   0.0051461   0.0051827   0.0052166   0.0052454   0.0052673   0.0052818
 108.7349823   0.0027443   0.0034338   0.0042116   0.0046247   0.0048424   0.0049585   0.0050213   0.0050569   0.0050789   0.0050952
 109.0288606   0.0067246   0.0062522   0.0060442   0.0056878   0.0053914   0.0051989   0.0050850   0.0050247   0.0050020   0.0050052
 109.3227389   0.0029017   0.0032525   0.0037473   0.0041172   0.0043821   0.0045819   0.0047407   0.0048691   0.0049725   0.0050554
 109.6166173   0.0057774   0.0050480   0.0050115   0.0051836   0.0053174   0.0054026   0.0054580   0.0054948   0.0055180   0.0055308
 109.9104956   0.0091739   0.0087236   0.0079860   0.0073809   0.0069701   0.0066785   0.0064575   0.0062838   0.0061453   0.0060333
 110.2043739   0.0068134   0.0055684   0.0055442   0.0057251   0.0058900   0.0059915   0.0060318   0.0060274   0.0059939   0.0059436
 110.4982523   0.0043106   0.0053258   0.0055272   0.0055376   0.0055032   0.0054739   0.0054618   0.0054620   0.0054666   0.0054703
 110.7921306   0.0041251   0.0046266   0.0048358   0.0048914   0.0049032   0.0049086   0.0049186   0.0049374   0.0049650   0.0049986
 111.0860089   0.0039464   0.0042163   0.0042384   0.0042891   0.0043752   0.0044748   0.0045677   0.0046462   0.0047105   0.0047640
 111.3798873   0.0052996   0.0051360   0.0050946   0.0050366   0.0049724   0.0049136   0.0048700   0.0048428   0.0048293   0.0048260
 111.6737656   0.0052687   0.0049746   0.0049199   0.0049632   0.0049905   0.0049902   0.0049748   0.0049541   0.0049340   0.0049173
 111.9676439   0.0057076   0.0052639   0.0050305   0.0048979   0.0048642   0.0048714   0.0048898   0.0049080   0.0049221   0.0049315
 112.2615222   0.0055759   0.0052891   0.0050494   0.0049600   0.0049451   0.0049514   0.0049594   0.0049666   0.0049728   0.0049777
 112.5554006   0.0046425   0.0050897   0.0051619   0.0051475   0.0051268   0.0051075   0.0050898   0.0050730   0.0050572   0.0050430
 112.8492789   0.0045610   0.0047560   0.0049650   0.0050792   0.0051036   0.0050918   0.0050730   0.0050558   0.0050416   0.0050300
 113.1431572   0.0047841   0.0047585   0.0047496   0.0048104   0.0048542   0.0048865   0.0049117   0.0049310   0.0049454   0.0049561
 113.4370356   0.0052611   0.0051831   0.0050514   0.0049630   0.0049199   0.0049055   0.0049060   0.0049130   0.0049220   0.0049313
 113.7309139   0.0049472   0.0048225   0.0048653   0.0049158   0.0049563   0.0049730   0.0049735   0.0049687   0.0049651   0.0049653
 114.0247922   0.0059424   0.0055646   0.0052832   0.0051175   0.0050338   0.0050001   0.0049931   0.0049997   0.0050133   0.0050303
 114.3186706   0.0046351   0.0045747   0.0047264   0.0048624   0.0049619   0.0050378   0.0050995   0.0051488   0.0051862   0.0052128
 114.6125489   0.0051262   0.0053216   0.0054955   0.0055985   0.0056418   0.0056378   0.0056098   0.0055745   0.0055400   0.0055093
 114.9064272   0.0082501   0.0073724   0.0067167   0.0062989   0.0060484   0.0058971   0.0057990   0.0057296   0.0056777   0.0056383
 115.2003056   0.0046310   0.0046267   0.0047659   0.0049989   0.0052000   0.0053417   0.0054354   0.0054988   0.0055442   0.0055780
 115.4941839   0.0053150   0.0056344   0.0057142   0.0056414   0.0055749   0.0055522   0.0055671   0.0056020   0.0056424   0.0056796
 115.7880622   0.0049082   0.0053284   0.0056979   0.0058972   0.0059972   0.0060402   0.0060462   0.0060301   0.0060037   0.0059745
 116.0819405   0.0070462   0.0069840   0.0069163   0.0067705   0.0066076   0.0064599   0.0063361   0.0062353   0.0061535   0.0060871
 116.3758189   0.0057957   0.0057570   0.0056488   0.0056521   0.0056984   0.0057503   0.0057922   0.0058218   0.0058410   0.0058526
 116.6696972   0.0045721   0.0052295   0.0052236   0.0052650   0.0053310   0.0054047   0.0054774   0.0055446   0.0056048   0.0056574
 116.9635755   0.0046481   0.0055752   0.0058360   0.0058549   0.0058109   0.0057676   0.0057413   0.0057327   0.0057388   0.0057569
 117.2574539   0.0044012   0.0051506   0.0055920   0.0058076   0.0059031   0.0059487   0.0059738   0.0059932   0.0060138   0.0060376
 117.5513322   0.0055964   0.0063132   0.0064087   0.0063519   0.0063154   0.0063293   0.0063725   0.0064213   0.0064626   0.0064920
 117.8452105   0.0072143   0.0065114   0.0067606   0.0070343   0.0071708   0.0072128   0.0072003   0.0071608   0.0071111   0.0070603
 118.1390889   0.0090247   0.0087291   0.0086065   0.0083234   0.0080350   0.0078011   0.0076252   0.0074944   0.0073953   0.0073184
 118.4329672   0.0052057   0.0057057   0.0061118   0.0064207   0.0066721   0.0068637   0.0069989   0.0070895   0.0071479   0.0071836
 118.7268455   0.0083859   0.0074993   0.0072538   0.0071422   0.0070728   0.0070520   0.0070668   0.0070994   0.0071361   0.0071693
 119.0207238   0.0056286   0.0069568   0.0074046   0.0075206   0.0075359   0.0075052   0.0074554   0.0074035   0.0073583   0.0073229
 119.3146022   0.0076973   0.0075732   0.0075779   0.0075078   0.0074558   0.0074205   0.0073907   0.0073627   0.0073360   0.0073117
 119.6084805   0.0076607   0.0074497   0.0071689   0.0070536   0.0070322   0.0070509   0.0070810   0.0071120   0.0071416   0.0071700
 119.9023588   0.0074879   0.0067712   0.0067678   0.0068737   0.0069492   0.0069980   0.0070434   0.0070941   0.0071494   0.0072061
 120.1962372   0.0074428   0.0073064   0.0072589   0.0072800   0.0073453   0.0074143   0.0074725   0.0075208   0.0075651   0.0076098
 120.4901155   0.0104791   0.0092886   0.0089001   0.0086431   0.0084639   0.0083570   0.0083070   0.0082941   0.0083027   0.0083220
 120.7839938   0.0071634   0.0074722   0.0080386   0.0085010   0.0088152   0.0090048   0.0091112   0.0091658   0.0091884   0.0091917
 121.0778722   0.0115125   0.0118149   0.0113929   0.0109454   0.0106362   0.0104310   0.0102837   0.0101699   0.0100793   0.0100076
 121.3717505   0.0097623   0.0107025   0.0107522   0.0106886   0.0106254   0.0105702   0.0105237   0.0104902   0.0104735   0.0104741
 121.6656288   0.0093704   0.0087614   0.0092347   0.0097064   0.0100364   0.0102881   0.0105068   0.0107070   0.0108887   0.0110491
 121.9595072   0.0118430   0.0120135   0.0120057   0.0119662   0.0119982   0.0120965   0.0122184   0.0123349   0.0124342   0.0125138
 122.2533855   0.0154350   0.0153246   0.0155386   0.0155194   0.0153586   0.0151472   0.0149281   0.0147203   0.0145319   0.0143649
 122.5472638   0.0142696   0.0157672   0.0161851   0.0162719   0.0161899   0.0160289   0.0158399   0.0156447   0.0154522   0.0152669
 122.8411421   0.0165196   0.0154111   0.0150306   0.0149021   0.0149079   0.0149656   0.0150193   0.0150476   0.0150497   0.0150315
 123.1350205   0.0149140   0.0145615   0.0144714   0.0144044   0.0143645   0.0143517   0.0143727   0.0144254   0.0144977   0.0145754
 123.4288988   0.0132288   0.0131472   0.0133888   0.0136444   0.0138900   0.0141008   0.0142712   0.0144048   0.0145085   0.0145883
 123.7227771   0.0165616   0.0163582   0.0159946   0.0157278   0.0155298   0.0153786   0.0152596   0.0151604   0.0150702   0.0149806
 124.0166555   0.0169214   0.0159578   0.0158557   0.0157960   0.0157112   0.0155819   0.0154125   0.0152123   0.0149894   0.0147511
 124.3105338   0.0157902   0.0146543   0.0144068   0.0142737   0.0141280   0.0139425   0.0137172   0.0134605   0.0131846   0.0129011
 124.6044121   0.0122146   0.0111524   0.0107561   0.0104421   0.0101548   0.0098960   0.0096744   0.0094906   0.0093391   0.0092122
 124.8982905   0.0027077   0.0026169   0.0028318   0.0031445   0.0034827   0.0038069   0.0041032   0.0043690   0.0046067   0.0048198
 125.1921688   0.0000004   0.0000050   0.0000410   0.0001451   0.0003171   0.0005423   0.0008046   0.0010881   0.0013799   0.0016710
 125.4860471   0.0000000   0.0000000   0.0000000   0.0000004   0.0000043   0.0000207   0.0000606   0.0001325   0.0002406   0.0003855
 125.7799254   0.0000000   0.0000000   0.0000000   0.0000004   0.0000037   0.0000163   0.0000449   0.0000960   0.0001758   0.0002893
 126.0738038   0.0000001   0.0000055   0.0000391   0.0001177   0.0002333   0.0003774   0.0005474   0.0007419   0.0009571   0.0011879
 126.3676821   0.0019971   0.0018364   0.0019001   0.0020495   0.0022731   0.0025445   0.0028359   0.0031281   0.0034087   0.0036708
 126.6615604   0.0057862   0.0070014   0.0073484   0.0075030   0.0075965   0.0076600   0.0076994   0.0077187   0.0077227   0.0077162
 126.9554388   0.0136093   0.0140194   0.0140620   0.0138305   0.0134687   0.0130718   0.0126831   0.0123180   0.0119805   0.0116707
 127.2493171   0.0152317   0.0149266   0.0149287   0.0149075   0.0148231   0.0146865   0.0145040   0.0142854   0.0140418   0.0137830
 127.5431954   0.0140423   0.0142934   0.0143577   0.0143175   0.0142971   0.0142996   0.0143011   0.0142823   0.0142325   0.0141485
 127.8370738   0.0129738   0.0133290   0.0136442   0.0137980   0.0138655   0.0138796   0.0138631   0.0138308   0.0137875   0.0137328
 128.1309521   0.0145184   0.0140401   0.0137422   0.0134985   0.0133258   0.0132031   0.0131056   0.0130193   0.0129392   0.0128640
 128.4248304   0.0121429   0.0115428   0.0115244   0.0115946   0.0116265   0.0116246   0.0116054   0.0115808   0.0115565   0.0115345
 128.7187088   0.0092954   0.0093781   0.0095786   0.0096793   0.0097438   0.0098090   0.0098807   0.0099523   0.0100179   0.0100746
 129.0125871   0.0078513   0.0081698   0.0084318   0.0085702   0.0086592   0.0087276   0.0087833   0.0088320   0.0088780   0.0089232
 129.3064654   0.0077475   0.0084919   0.0085039   0.0083706   0.0082465   0.0081591   0.0081038   0.0080735   0.0080621   0.0080651
 129.6003437   0.0064369   0.0065529   0.0068069   0.0069743   0.0070837   0.0071619   0.0072165   0.0072539   0.0072807   0.0073025
 129.8942221   0.0054398   0.0062964   0.0065930   0.0066418   0.0066309   0.0066196   0.0066202   0.0066319   0.0066510   0.0066745
 130.1881004   0.0057969   0.0059335   0.0060689   0.0061088   0.0061237   0.0061383   0.0061544   0.0061726   0.0061938   0.0062183
 130.4819787   0.0060516   0.0056773   0.0057266   0.0057652   0.0057931   0.0058241   0.0058560   0.0058867   0.0059155   0.0059431
 130.7758571   0.0048632   0.0055358   0.0057763   0.0058275   0.0058307   0.0058262   0.0058241   0.0058268   0.0058341   0.0058455
 131.0697354   0.0054152   0.0056087   0.0057569   0.0058068   0.0058211   0.0058263   0.0058290   0.0058324   0.0058387   0.0058498
 131.3636137   0.0061248   0.0058751   0.0058605   0.0058506   0.0058435   0.0058498   0.0058676   0.0058938   0.0059275   0.0059684
 131.6574921   0.0057861   0.0057156   0.0058383   0.0059520   0.0060280   0.0060916   0.0061593   0.0062351   0.0063164   0.0063979
 131.9513704   0.0062221   0.0066365   0.0067470   0.0068345   0.0069336   0.0070423   0.0071450   0.0072294   0.0072907   0.0073288
 132.2452487   0.0089735   0.0090820   0.0091751   0.0091645   0.0090814   0.0089611   0.0088212   0.0086711   0.0085159   0.0083587
 132.5391271   0.0099015   0.0101665   0.0101393   0.0099483   0.0096970   0.0094239   0.0091466   0.0088744   0.0086117   0.0083602
 132.8330054   0.0074028   0.0072756   0.0072139   0.0071707   0.0071503   0.0071266   0.0070811   0.0070092   0.0069142   0.0068024
 133.1268837   0.0043002   0.0041470   0.0041418   0.0041771   0.0042194   0.0042626   0.0043077   0.0043539   0.0043982   0.0044369
 133.4207620   0.0015222   0.0016817   0.0017108   0.0017373   0.0017868   0.0018577   0.0019455   0.0020457   0.0021543   0.0022675
 133.7146404   0.0000000   0.0000164   0.0000883   0.0001834   0.0002856   0.0003917   0.0005006   0.0006123   0.0007270   0.0008446
 134.0085187   0.0000000   0.0000000   0.0000000   0.0000009   0.0000071   0.0000237   0.0000528   0.0000941   0.0001461   0.0002077
 134.3023970   0.0000000   0.0000000   0.0000000   0.0000000   0.0000000   0.0000003   0.0000018   0.0000063   0.0000155   0.0000309
 134.5962754   0.0000000   0.0000000   0.0000000   0.0000000   0.0000000   0.0000000   0.0000000   0.0000002   0.0000008   0.0000026
 134.8901537   0.0000000   0.0000000   0.0000000   0.0000000   0.0000000   0.0000000   0.0000000   0.0000000   0.0000000   0.0000001
 135.1840320   0.0000000   0.0000000   0.0000000   0.0000000   0.0000000   0.0000000   0.0000000   0.0000000   0.0000000   0.0000000
 135.4779104   0.0000000   0.0000000   0.0000000   0.0000000   0.0000000   0.0000000   0.0000000   0.0000000   0.0000000   0.0000000
 135.7717887   0.0000000   0.0000000   0.0000000   0.0000000   0.0000000   0.0000000   0.0000000   0.0000000   0.0000000   0.0000000
 136.0656670   0.0000000   0.0000000   0.0000000   0.0000000   0.0000000   0.0000000   0.0000000   0.0000000   0.0000000   0.0000000
 136.3595453   0.0000000   0.0000000   0.0000000   0.0000000   0.0000000   0.0000000   0.0000000   0.0000000   0.0000000   0.0000000
 136.6534237   0.0000000   0.0000000   0.0000000   0.0000000   0.0000000   0.0000000   0.0000000   0.0000000   0.0000000   0.0000000
 136.9473020   0.0000000   0.0000000   0.0000000   0.0000000   0.0000000   0.0000000   0.0000000   0.0000000   0.0000000   0.0000000
 137.2411803   0.0000000   0.0000000   0.0000000   0.0000000   0.0000000   0.0000000   0.0000000   0.0000000   0.0000000   0.0000000
 137.5350587   0.0000000   0.0000000   0.0000000   0.0000000   0.0000000   0.0000000   0.0000000   0.0000000   0.0000000   0.0000000
 137.8289370   0.0000000   0.0000000   0.0000000   0.0000000   0.0000000   0.0000000   0.0000000   0.0000000   0.0000000   0.0000000
 138.1228153   0.0000000   0.0000000   0.0000000   0.0000000   0.0000000   0.0000000   0.0000000   0.0000000   0.0000000   0.0000000
 138.4166937   0.0000000   0.0000000   0.0000000   0.0000000   0.0000000   0.0000000   0.0000000   0.0000000   0.0000000   0.0000000
 138.7105720   0.0000000   0.0000000   0.0000000   0.0000000   0.0000000   0.0000000   0.0000000   0.0000000   0.0000000   0.0000000
 139.0044503   0.0000000   0.0000000   0.0000000   0.0000000   0.0000000   0.0000000   0.0000000   0.0000000   0.0000000   0.0000000
 139.2983287   0.0000000   0.0000000   0.0000000   0.0000000   0.0000000   0.0000000   0.0000000   0.0000000   0.0000000   0.0000000
 139.5922070   0.0000000   0.0000000   0.0000000   0.0000000   0.0000000   0.0000000   0.0000000   0.0000000   0.0000000   0.0000000
 139.8860853   0.0000000   0.0000000   0.0000000   0.0000000   0.0000000   0.0000000   0.0000000   0.0000000   0.0000000   0.0000000
 140.1799636   0.0000000   0.0000000   0.0000000   0.0000000   0.0000000   0.0000000   0.0000000   0.0000000   0.0000000   0.0000000
 140.4738420   0.0000000   0.0000000   0.0000000   0.0000000   0.0000000   0.0000000   0.0000000   0.0000000   0.0000000   0.0000000
 140.7677203   0.0000000   0.0000000   0.0000000   0.0000000   0.0000000   0.0000000   0.0000000   0.0000000   0.0000000   0.0000000
 141.0615986   0.0000000   0.0000000   0.0000000   0.0000000   0.0000000   0.0000000   0.0000000   0.0000000   0.0000000   0.0000000
 141.3554770   0.0000000   0.0000000   0.0000000   0.0000000   0.0000000   0.0000000   0.0000000   0.0000000   0.0000000   0.0000000
 141.6493553   0.0000000   0.0000000   0.0000000   0.0000000   0.0000000   0.0000000   0.0000000   0.0000000   0.0000000   0.0000000
 141.9432336   0.0000000   0.0000000   0.0000000   0.0000000   0.0000000   0.0000000   0.0000000   0.0000000   0.0000000   0.0000000
 142.2371120   0.0000000   0.0000000   0.0000000   0.0000000   0.0000000   0.0000000   0.0000000   0.0000000   0.0000000   0.0000000
 142.5309903   0.0000000   0.0000000   0.0000000   0.0000000   0.0000000   0.0000000   0.0000000   0.0000000   0.0000000   0.0000000
 142.8248686   0.0000000   0.0000000   0.0000000   0.0000000   0.0000000   0.0000000   0.0000000   0.0000000   0.0000000   0.0000000
 143.1187469   0.0000000   0.0000000   0.0000000   0.0000000   0.0000000   0.0000000   0.0000000   0.0000000   0.0000000   0.0000000
 143.4126253   0.0000000   0.0000000   0.0000000   0.0000000   0.0000000   0.0000000   0.0000000   0.0000000   0.0000000   0.0000000
 143.7065036   0.0000000   0.0000000   0.0000000   0.0000000   0.0000000   0.0000000   0.0000000   0.0000000   0.0000000   0.0000000
 144.0003819   0.0000000   0.0000000   0.0000000   0.0000000   0.0000000   0.0000000   0.0000000   0.0000000   0.0000000   0.0000000
 144.2942603   0.0000000   0.0000000   0.0000000   0.0000000   0.0000000   0.0000000   0.0000000   0.0000000   0.0000000   0.0000000
 144.5881386   0.0000000   0.0000000   0.0000000   0.0000000   0.0000000   0.0000000   0.0000000   0.0000000   0.0000000   0.0000000
 144.8820169   0.0000000   0.0000000   0.0000000   0.0000000   0.0000000   0.0000000   0.0000000   0.0000000   0.0000000   0.0000000
 145.1758953   0.0000000   0.0000000   0.0000000   0.0000000   0.0000000   0.0000000   0.0000000   0.0000000   0.0000000   0.0000000
 145.4697736   0.0000000   0.0000000   0.0000000   0.0000000   0.0000000   0.0000000   0.0000000   0.0000000   0.0000000   0.0000000
 145.7636519   0.0000000   0.0000000   0.0000000   0.0000000   0.0000000   0.0000000   0.0000000   0.0000000   0.0000000   0.0000000
 146.0575303   0.0000000   0.0000000   0.0000000   0.0000000   0.0000000   0.0000000   0.0000000   0.0000000   0.0000000   0.0000000
 146.3514086   0.0000000   0.0000000   0.0000000   0.0000000   0.0000000   0.0000000   0.0000000   0.0000000   0.0000000   0.0000000
 146.6452869   0.0000000   0.0000000   0.0000000   0.0000000   0.0000000   0.0000000   0.0000000   0.0000000   0.0000000   0.0000000
 146.9391652   0.0000000   0.0000000   0.0000000   0.0000000   0.0000000   0.0000000   0.0000000   0.0000000   0.0000000   0.0000000