   0.2911523   0.0000000   0.0000000   0.0000000   0.0000000   0.0000002   0.0000008   0.0000019   0.0000033   0.0000052   0.0000075
   0.5823047   0.0000000   0.0000002   0.0000027   0.0000065   0.0000099   0.0000135   0.0000175   0.0000219   0.0000264   0.0000308
   0.8734570   0.0000628   0.0000507   0.0000478   0.0000557   0.0000631   0.0000682   0.0000720   0.0000754   0.0000788   0.0000822
   1.1646094   0.0004018   0.0002523   0.0001938   0.0001712   0.0001617   0.0001574   0.0001556   0.0001550   0.0001552   0.0001559
   1.4557617   0.0003794   0.0002619   0.0002304   0.0002286   0.0002329   0.0002358   0.0002369   0.0002371   0.0002367   0.0002363
   1.7469141   0.0005797   0.0004108   0.0003483   0.0003268   0.0003220   0.0003199   0.0003177   0.0003159   0.0003149   0.0003149
   2.0380664   0.0007196   0.0005594   0.0004509   0.0004041   0.0003871   0.0003829   0.0003844   0.0003883   0.0003934   0.0003989
   2.3292187   0.0003316   0.0003537   0.0003863   0.0004247   0.0004550   0.0004756   0.0004900   0.0005013   0.0005111   0.0005201
   2.6203711   0.0007922   0.0007506   0.0007410   0.0007200   0.0007015   0.0006915   0.0006884   0.0006890   0.0006915   0.0006952
   2.9115234   0.0007234   0.0007372   0.0008197   0.0008690   0.0008909   0.0008984   0.0008995   0.0008987   0.0008986   0.0009002
   3.2026758   0.0008127   0.0011073   0.0011396   0.0011211   0.0011054   0.0011000   0.0011022   0.0011089   0.0011183   0.0011293
   3.4938281   0.0011475   0.0011833   0.0012489   0.0012896   0.0013193   0.0013470   0.0013729   0.0013962   0.0014171   0.0014362
   3.7849805   0.0013359   0.0016055   0.0017644   0.0018196   0.0018340   0.0018379   0.0018398   0.0018430   0.0018487   0.0018575
   4.0761328   0.0018606   0.0022437   0.0023890   0.0023905   0.0023668   0.0023480   0.0023391   0.0023387   0.0023451   0.0023568
   4.3672851   0.0026703   0.0025862   0.0026155   0.0026872   0.0027536   0.0028095   0.0028554   0.0028939   0.0029280   0.0029600
   4.6584375   0.0038524   0.0039078   0.0037965   0.0037282   0.0036940   0.0036840   0.0036912   0.0037092   0.0037343   0.0037662
   4.9495898   0.0048711   0.0045254   0.0045432   0.0046025   0.0046539   0.0046865   0.0047072   0.0047293   0.0047700   0.0048466
   5.2407422   0.0061552   0.0061469   0.0060444   0.0059260   0.0058664   0.0058627   0.0059307   0.0060983   0.0063760   0.0067537
   5.5318945   0.0066766   0.0067805   0.0068842   0.0070458   0.0074068   0.0080476   0.0088844   0.0098043   0.0107317   0.0116263
   5.8230469   0.0089267   0.0100207   0.0131584   0.0158724   0.0177376   0.0190216   0.0199760   0.0207368   0.0213658   0.0218924
   6.1141992   0.0477909   0.0465725   0.0439958   0.0415459   0.0397193   0.0383584   0.0372834   0.0363906   0.0356267   0.0349615
   6.4053515   0.0519825   0.0510462   0.0501323   0.0493832   0.0487610   0.0480583   0.0472133   0.0462675   0.0452805   0.0442974
   6.6965039   0.0460601   0.0470338   0.0482052   0.0488287   0.0490007   0.0489141   0.0487009   0.0483994   0.0480070   0.0475207
   6.9876562   0.0506682   0.0477590   0.0473365   0.0472211   0.0472288   0.0473006   0.0473504   0.0473293   0.0472234   0.0470318
   7.2788086   0.0467553   0.0468760   0.0469745   0.0467158   0.0463393   0.0459613   0.0456146   0.0453021   0.0450165   0.0447459
   7.5699609   0.0384579   0.0396577   0.0406908   0.0412348   0.0413993   0.0413647   0.0412425   0.0410851   0.0409161   0.0407466
   7.8611133   0.0347144   0.0358329   0.0355787   0.0353452   0.0352891   0.0353443   0.0354397   0.0355373   0.0356214   0.0356884
   8.1522656   0.0321551   0.0308028   0.0303347   0.0301776   0.0302136   0.0303302   0.0304707   0.0306222   0.0307836   0.0309528
   8.4434179   0.0240579   0.0257547   0.0263489   0.0265690   0.0266690   0.0267462   0.0268465   0.0269812   0.0271463   0.0273342
   8.7345703   0.0215833   0.0230376   0.0234745   0.0238032   0.0240594   0.0242818   0.0244840   0.0246724   0.0248534   0.0250329
   9.0257226   0.0234073   0.0242828   0.0241153   0.0239084   0.0237835   0.0237323   0.0237317   0.0237659   0.0238252   0.0239030
   9.3168750   0.0227277   0.0228467   0.0231730   0.0232684   0.0233202   0.0233471   0.0233553   0.0233567   0.0233613   0.0233748
   9.6080273   0.0238736   0.0231063   0.0230632   0.0230335   0.0230015   0.0229863   0.0229847   0.0229905   0.0230000   0.0230118
   9.8991797   0.0214309   0.0222900   0.0224720   0.0225693   0.0226216   0.0226526   0.0226788   0.0227030   0.0227233   0.0227378
  10.1903320   0.0239284   0.0226843   0.0224449   0.0224732   0.0225329   0.0225705   0.0225788   0.0225665   0.0225435   0.0225161
  10.4814843   0.0232016   0.0237886   0.0233894   0.0229610   0.0226587   0.0224609   0.0223296   0.0222371   0.0221669   0.0221099
  10.7726367   0.0195832   0.0196159   0.0202714   0.0208001   0.0211075   0.0212716   0.0213543   0.0213905   0.0213991   0.0213910
  11.0637890   0.0203058   0.0208139   0.0209430   0.0208491   0.0207267   0.0206449   0.0205989   0.0205738   0.0205603   0.0205534
  11.3549414   0.0185475   0.0193828   0.0197142   0.0197551   0.0197163   0.0196822   0.0196666   0.0196668   0.0196783   0.0196971
  11.6460937   0.0160931   0.0170220   0.0176836   0.0181468   0.0184466   0.0186408   0.0187721   0.0188657   0.0189351   0.0189888
  11.9372461   0.0203594   0.0202432   0.0195926   0.0191197   0.0188416   0.0186916   0.0186126   0.0185729   0.0185567   0.0185559
  12.2283984   0.0179355   0.0180421   0.0180319   0.0180858   0.0181472   0.0181790   0.0181871   0.0181862   0.0181857   0.0181893
  12.5195507   0.0171355   0.0174686   0.0174501   0.0175272   0.0176064   0.0176772   0.0177425   0.0177991   0.0178436   0.0178762
  12.8107031   0.0185405   0.0181978   0.0179375   0.0178643   0.0178254   0.0177929   0.0177644   0.0177402   0.0177206   0.0177050
  13.1018554   0.0169266   0.0178821   0.0178749   0.0177792   0.0177064   0.0176444   0.0175874   0.0175355   0.0174907   0.0174546
  13.3930078   0.0165534   0.0168872   0.0168775   0.0169018   0.0169314   0.0169537   0.0169729   0.0169927   0.0170137   0.0170357
  13.6841601   0.0166937   0.0165182   0.0163368   0.0163121   0.0163673   0.0164487   0.0165338   0.0166157   0.0166926   0.0167631
  13.9753125   0.0167513   0.0169748   0.0168827   0.0168004   0.0167677   0.0167733   0.0167983   0.0168302   0.0168631   0.0168953
  14.2664648   0.0160945   0.0167077   0.0171135   0.0173354   0.0174051   0.0173938   0.0173503   0.0173010   0.0172596   0.0172321
  14.5576171   0.0173384   0.0178423   0.0178690   0.0177343   0.0176032   0.0175177   0.0174749   0.0174637   0.0174744   0.0175001
  14.8487695   0.0156606   0.0164254   0.0167034   0.0169253   0.0171549   0.0173752   0.0175715   0.0177407   0.0178833   0.0179996
  15.1399218   0.0199309   0.0191446   0.0190315   0.0190280   0.0190333   0.0190507   0.0190735   0.0190898   0.0190903   0.0190711
  15.4310742   0.0215375   0.0213038   0.0214033   0.0213364   0.0211761   0.0209519   0.0206913   0.0204168   0.0201446   0.0198851
  15.7222265   0.0224362   0.0216382   0.0211954   0.0208424   0.0205057   0.0201918   0.0198994   0.0196285   0.0193805   0.0191563
  16.0133789   0.0143821   0.0155899   0.0160419   0.0162865   0.0164746   0.0166458   0.0168026   0.0169406   0.0170565   0.0171496
  16.3045312   0.0110076   0.0127368   0.0135282   0.0139464   0.0142753   0.0145738   0.0148561   0.0151228   0.0153694   0.0155913
  16.5956835   0.0177250   0.0161985   0.0157022   0.0154364   0.0152890   0.0152165   0.0151907   0.0151966   0.0152258   0.0152728
  16.8868359   0.0171674   0.0163756   0.0160243   0.0159261   0.0158546   0.0157594   0.0156470   0.0155323   0.0154287   0.0153459
  17.1779882   0.0153529   0.0154621   0.0153137   0.0152441   0.0152012   0.0151541   0.0151107   0.0150795   0.0150654   0.0150718
  17.4691406   0.0150407   0.0144311   0.0140234   0.0139377   0.0140114   0.0141569   0.0143385   0.0145439   0.0147644   0.0149898
  17.7602929   0.0126761   0.0140720   0.0142935   0.0144682   0.0147301   0.0150575   0.0154088   0.0157491   0.0160573   0.0163243
  18.0514453   0.0166631   0.0179600   0.0186914   0.0191662   0.0193819   0.0194312   0.0193911   0.0193051   0.0191971   0.0190806
  18.3425976   0.0275253   0.0262758   0.0254261   0.0246024   0.0238368   0.0231490   0.0225360   0.0219911   0.0215086   0.0210833
  18.6337499   0.0207663   0.0210688   0.0210157   0.0210516   0.0211159   0.0211404   0.0211020   0.0210065   0.0208694   0.0207062
  18.9249023   0.0173779   0.0175645   0.0177863   0.0180392   0.0182741   0.0184948   0.0187034   0.0188931   0.0190566   0.0191913
  19.2160546   0.0172158   0.0178040   0.0179003   0.0178600   0.0178292   0.0178409   0.0179024   0.0180136   0.0181680   0.0183536
  19.5072070   0.0175326   0.0175653   0.0175937   0.0176923   0.0178265   0.0179969   0.0181932   0.0184022   0.0186155   0.0188291
  19.7983593   0.0188759   0.0189623   0.0193005   0.0196410   0.0199353   0.0201590   0.0203267   0.0204587   0.0205690   0.0206652
  20.0895117   0.0296639   0.0263449   0.0252339   0.0245844   0.0241165   0.0237793   0.0235349   0.0233465   0.0231890   0.0230489
  20.3806640   0.0238807   0.0245172   0.0246382   0.0250024   0.0252502   0.0253054   0.0252172   0.0250455   0.0248348   0.0246143
  20.6718163   0.0284016   0.0284457   0.0272965   0.0264499   0.0258815   0.0254998   0.0252378   0.0250527   0.0249184   0.0248180
  20.9629687   0.0203403   0.0217322   0.0223711   0.0228028   0.0231814   0.0235128   0.0238124   0.0240834   0.0243225   0.0245277
  21.2541210   0.0242644   0.0228857   0.0229366   0.0234326   0.0239454   0.0243555   0.0246736   0.0249296   0.0251445   0.0253302
  21.5452734   0.0366747   0.0335608   0.0311032   0.0295481   0.0285970   0.0280043   0.0276302   0.0273951   0.0272515   0.0271693
  21.8364257   0.0269485   0.0265657   0.0269709   0.0277308   0.0283391   0.0286881   0.0288390   0.0288675   0.0288305   0.0287655
  22.1275781   0.0324301   0.0321552   0.0313778   0.0308295   0.0304522   0.0301953   0.0300442   0.0299661   0.0299283   0.0299095
  22.4187304   0.0346355   0.0316211   0.0304844   0.0303310   0.0304541   0.0306024   0.0307232   0.0308212   0.0309091   0.0309944
  22.7098827   0.0343138   0.0330663   0.0321357   0.0319106   0.0319542   0.0320716   0.0322093   0.0323504   0.0324894   0.0326258
  23.0010351   0.0359453   0.0354263   0.0350786   0.0350178   0.0349705   0.0349303   0.0349240   0.0349590   0.0350290   0.0351227
  23.2921874   0.0360325   0.0365301   0.0371013   0.0374608   0.0377048   0.0378931   0.0380474   0.0381658   0.0382492   0.0383045
  23.5833398   0.0439197   0.0424398   0.0423098   0.0423275   0.0423181   0.0422353   0.0421087   0.0419701   0.0418343   0.0417053
  23.8744921   0.0541685   0.0494457   0.0473646   0.0462207   0.0456041   0.0452280   0.0449530   0.0447226   0.0445159   0.0443246
  24.1656445   0.0462752   0.0451970   0.0449921   0.0452863   0.0455901   0.0457835   0.0458753   0.0458939   0.0458617   0.0457951
  24.4567968   0.0475270   0.0468414   0.0470517   0.0470896   0.0469924   0.0468806   0.0467972   0.0467424   0.0467091   0.0466924
  24.7479491   0.0441802   0.0463900   0.0470600   0.0472821   0.0473012   0.0472913   0.0473077   0.0473619   0.0474529   0.0475748
  25.0391015   0.0422000   0.0453624   0.0466126   0.0471790   0.0476049   0.0480059   0.0483889   0.0487472   0.0490819   0.0494027
  25.3302538   0.0495437   0.0518691   0.0522015   0.0522336   0.0522959   0.0523916   0.0525231   0.0527082   0.0529593   0.0532827
  25.6214062   0.0635419   0.0602660   0.0590071   0.0584632   0.0582352   0.0582406   0.0584176   0.0587307   0.0591763   0.0597661
  25.9125585   0.0613321   0.0617664   0.0630678   0.0644060   0.0654975   0.0664257   0.0673603   0.0684293   0.0696739   0.0710577
  26.2037109   0.0780246   0.0823937   0.0821539   0.0820166   0.0826651   0.0840926   0.0860324   0.0881171   0.0900560   0.0916874
  26.4948632   0.1076250   0.1097647   0.1122942   0.1165702   0.1201619   0.1222378   0.1229352   0.1226317   0.1216700   0.1202999
  26.7860155   0.2445457   0.2126047   0.1944436   0.1813360   0.1709059   0.1622725   0.1549882   0.1487377   0.1432814   0.1384419
  27.0771679   0.1292507   0.1277813   0.1297399   0.1328087   0.1349987   0.1356471   0.1349856   0.1334202   0.1312926   0.1288479
  27.3683202   0.0974407   0.0958738   0.0956734   0.0958830   0.0966829   0.0979457   0.0993953   0.1007417   0.1018011   0.1025048
  27.6594726   0.0722164   0.0743712   0.0748061   0.0747589   0.0746311   0.0746744   0.0750612   0.0758441   0.0769608   0.0782811
  27.9506249   0.0514437   0.0500494   0.0513741   0.0530393   0.0549085   0.0567897   0.0585501   0.0601501   0.0616120   0.0629800
  28.2417773   0.0595956   0.0570868   0.0563423   0.0559282   0.0556604   0.0555498   0.0555600   0.0556580   0.0558286   0.0560695
  28.5329296   0.0540872   0.0569269   0.0575933   0.0571329   0.0560829   0.0548247   0.0536223   0.0526020   0.0518014   0.0512140
  28.8240819   0.0422818   0.0413585   0.0413111   0.0416863   0.0422571   0.0428455   0.0433227   0.0436412   0.0438156   0.0438889
  29.1152343   0.0363146   0.0347747   0.0342448   0.0342615   0.0345536   0.0349482   0.0353817   0.0358268   0.0362581   0.0366529
  29.4063866   0.0326103   0.0330064   0.0323776   0.0318997   0.0315943   0.0314085   0.0313290   0.0313482   0.0314531   0.0316257
  29.6975390   0.0278167   0.0262346   0.0264352   0.0269096   0.0272607   0.0275074   0.0276845   0.0278146   0.0279235   0.0280393
  29.9886913   0.0239562   0.0245936   0.0250688   0.0251832   0.0251645   0.0251035   0.0250704   0.0251046   0.0252155   0.0253917
  30.2798436   0.0253444   0.0239142   0.0230135   0.0225091   0.0223978   0.0225837   0.0229459   0.0233778   0.0238075   0.0241977
  30.5709960   0.0181694   0.0191763   0.0204055   0.0218794   0.0231989   0.0241237   0.0246820   0.0249805   0.0251144   0.0251511
  30.8621483   0.0440416   0.0416977   0.0373480   0.0340924   0.0316670   0.0298351   0.0284518   0.0274027   0.0265987   0.0259746
  31.1533007   0.0221449   0.0203177   0.0206523   0.0218961   0.0229404   0.0235639   0.0238434   0.0239001   0.0238345   0.0237146
  31.4444530   0.0173576   0.0186216   0.0185631   0.0185131   0.0185944   0.0188572   0.0192630   0.0197273   0.0201803   0.0205864
  31.7356054   0.0170483   0.0171605   0.0176756   0.0180638   0.0183400   0.0185748   0.0188024   0.0190525   0.0193461   0.0196875
  32.0267577   0.0181987   0.0197825   0.0204846   0.0206108   0.0205724   0.0205476   0.0205993   0.0207404   0.0209622   0.0212495
  32.3179100   0.0204151   0.0216093   0.0221835   0.0225342   0.0229307   0.0233880   0.0238497   0.0242781   0.0246601   0.0249956
  32.6090624   0.0278733   0.0293294   0.0300196   0.0303804   0.0305818   0.0306865   0.0307266   0.0307216   0.0306836   0.0306211
  32.9002147   0.0415931   0.0411565   0.0404462   0.0396925   0.0389125   0.0381599   0.0374598   0.0368215   0.0362452   0.0357268
  33.1913671   0.0393820   0.0392371   0.0392729   0.0392093   0.0391326   0.0390006   0.0387935   0.0385198   0.0382009   0.0378580
  33.4825194   0.0389036   0.0371876   0.0371283   0.0372879   0.0374062   0.0374999   0.0375893   0.0376676   0.0377191   0.0377319
  33.7736718   0.0368898   0.0365063   0.0364009   0.0365084   0.0366860   0.0368652   0.0370289   0.0371722   0.0372937   0.0373927
  34.0648241   0.0394514   0.0390907   0.0384525   0.0380845   0.0378898   0.0377606   0.0376628   0.0375918   0.0375477   0.0375273
  34.3559764   0.0389312   0.0386150   0.0382086   0.0380017   0.0378858   0.0378033   0.0377461   0.0377082   0.0376789   0.0376488
  34.6471288   0.0374817   0.0364938   0.0365103   0.0368068   0.0371271   0.0373837   0.0375417   0.0376051   0.0375972   0.0375422
  34.9382811   0.0399345   0.0397191   0.0396612   0.0392262   0.0386387   0.0380938   0.0376638   0.0373397   0.0370879   0.0368805
  35.2294335   0.0303957   0.0323609   0.0334413   0.0341961   0.0347536   0.0350790   0.0352070   0.0352101   0.0351529   0.0350797
  35.5205858   0.0376972   0.0370593   0.0353087   0.0338689   0.0330303   0.0326398   0.0325217   0.0325605   0.0326893   0.0328698
  35.8117382   0.0264788   0.0254823   0.0267441   0.0281097   0.0291351   0.0298892   0.0304956   0.0310348   0.0315413   0.0320238
  36.1028905   0.0316627   0.0318008   0.0320492   0.0321959   0.0323841   0.0326808   0.0330441   0.0334187   0.0337768   0.0341102
  36.3940428   0.0390345   0.0397015   0.0400420   0.0399116   0.0395743   0.0391918   0.0388458   0.0385642   0.0383421   0.0381607
  36.6851952   0.0425000   0.0423645   0.0423899   0.0425063   0.0425791   0.0425415   0.0423672   0.0420654   0.0416638   0.0411949
  36.9763475   0.0475984   0.0466355   0.0458397   0.0450420   0.0443041   0.0436193   0.0429545   0.0422903   0.0416214   0.0409518
  37.2674999   0.0362964   0.0377484   0.0386988   0.0388299   0.0385970   0.0382048   0.0377493   0.0372879   0.0368559   0.0364719
  37.5586522   0.0253127   0.0263346   0.0272261   0.0276434   0.0278952   0.0281850   0.0285492   0.0289692   0.0294242   0.0299035
  37.8498046   0.0158851   0.0176338   0.0188094   0.0198673   0.0209368   0.0220239   0.0231258   0.0242473   0.0253907   0.0265520
  38.1409569   0.0273585   0.0267597   0.0261329   0.0259782   0.0262018   0.0267414   0.0275219   0.0284793   0.0295617   0.0307254
  38.4321092   0.0349199   0.0365208   0.0375991   0.0384663   0.0392497   0.0399685   0.0406541   0.0413313   0.0420076   0.0426821
  38.7232616   0.0589098   0.0604492   0.0604685   0.0602051   0.0600039   0.0598492   0.0596762   0.0594597   0.0592076   0.0589405
  39.0144139   0.0800814   0.0810103   0.0809093   0.0801373   0.0790575   0.0778747   0.0766963   0.0755707   0.0745101   0.0735128
  39.3055663   0.0823553   0.0840673   0.0845956   0.0847736   0.0847163   0.0844804   0.0840705   0.0835090   0.0828343   0.0820844
  39.5967186   0.0849374   0.0862999   0.0870050   0.0868693   0.0865989   0.0863767   0.0861993   0.0860227   0.0858075   0.0855263
  39.8878710   0.0849593   0.0842961   0.0851498   0.0859631   0.0864132   0.0866443   0.0867567   0.0867895   0.0867421   0.0865991
  40.1790233   0.0839004   0.0887754   0.0886891   0.0881447   0.0878438   0.0876535   0.0874162   0.0870646   0.0865892   0.0860008
  40.4701756   0.0904103   0.0893305   0.0890691   0.0883045   0.0871814   0.0859537   0.0846991   0.0834427   0.0821917   0.0809490
  40.7613280   0.0620685   0.0688793   0.0719937   0.0727219   0.0725248   0.0719016   0.0710485   0.0700706   0.0690393   0.0680052
  41.0524803   0.0469182   0.0494919   0.0498369   0.0494810   0.0490508   0.0487733   0.0486363   0.0485895   0.0485941   0.0486244
  41.3436327   0.0191428   0.0200350   0.0210995   0.0223196   0.0235428   0.0247772   0.0260057   0.0272124   0.0283838   0.0295080
  41.6347850   0.0094477   0.0093784   0.0101831   0.0109838   0.0118350   0.0127820   0.0138174   0.0149176   0.0160601   0.0172265
  41.9259374   0.0108089   0.0117592   0.0117503   0.0115189   0.0113309   0.0112669   0.0113532   0.0115941   0.0119804   0.0124960
  42.2170897   0.0111793   0.0104867   0.0105768   0.0108121   0.0110399   0.0112270   0.0113730   0.0115023   0.0116455   0.0118286
  42.5082420   0.0112306   0.0127075   0.0128095   0.0126466   0.0125243   0.0124811   0.0124998   0.0125567   0.0126348   0.0127262
  42.7993944   0.0110112   0.0125662   0.0134097   0.0137855   0.0139972   0.0141257   0.0142012   0.0142466   0.0142779   0.0143063
  43.0905467   0.0159001   0.0168278   0.0168886   0.0166798   0.0164848   0.0163424   0.0162384   0.0161635   0.0161178   0.0161045
  43.3816991   0.0180764   0.0177205   0.0176374   0.0176847   0.0176762   0.0176663   0.0176926   0.0177680   0.0178913   0.0180540
  43.6728514   0.0162493   0.0171610   0.0178473   0.0184076   0.0189213   0.0194321   0.0199330   0.0204056   0.0208455   0.0212609
  43.9640038   0.0245074   0.0249089   0.0253913   0.0256643   0.0258716   0.0260353   0.0262052   0.0264240   0.0267062   0.0270464
  44.2551561   0.0386910   0.0375220   0.0359200   0.0349638   0.0345182   0.0344273   0.0345321   0.0347433   0.0350167   0.0353229
  44.5463084   0.0367143   0.0388979   0.0413465   0.0428615   0.0437806   0.0444233   0.0449164   0.0452800   0.0455150   0.0456323
  44.8374608   0.0548428   0.0563256   0.0582528   0.0590667   0.0591206   0.0587378   0.0581413   0.0574539   0.0567382   0.0560247
  45.1286131   0.0847372   0.0782762   0.0737480   0.0705743   0.0683226   0.0666189   0.0652243   0.0640170   0.0629344   0.0619391
  45.4197655   0.0600586   0.0590140   0.0589694   0.0599001   0.0609865   0.0617742   0.0621949   0.0623089   0.0621868   0.0618864
  45.7109178   0.0642098   0.0623383   0.0611573   0.0604636   0.0599680   0.0596432   0.0594474   0.0593091   0.0591696   0.0589955
  46.0020702   0.0540439   0.0553563   0.0562194   0.0565028   0.0563568   0.0559953   0.0555820   0.0552039   0.0548941   0.0546543
  46.2932225   0.0481163   0.0476005   0.0477024   0.0477984   0.0480126   0.0482910   0.0485614   0.0487941   0.0489903   0.0491603
  46.5843748   0.0448442   0.0433057   0.0429356   0.0428062   0.0428819   0.0431178   0.0434611   0.0438608   0.0442641   0.0446261
  46.8755272   0.0386970   0.0390120   0.0398621   0.0406198   0.0412212   0.0416637   0.0419427   0.0420658   0.0420553   0.0419414
  47.1666795   0.0453495   0.0453187   0.0452484   0.0445202   0.0434566   0.0422865   0.0411139   0.0399929   0.0389544   0.0380146
  47.4578319   0.0324331   0.0339639   0.0340364   0.0333158   0.0324083   0.0315107   0.0306851   0.0299512   0.0293117   0.0287619
  47.7489842   0.0075023   0.0079156   0.0090126   0.0103542   0.0117077   0.0129780   0.0141038   0.0150647   0.0158685   0.0165363
  48.0401366   0.0042350   0.0041101   0.0040246   0.0041091   0.0043805   0.0048432   0.0054703   0.0062129   0.0070169   0.0078361
  48.3312889   0.0032986   0.0033314   0.0033245   0.0033556   0.0033982   0.0034556   0.0035516   0.0037123   0.0039539   0.0042783
  48.6224412   0.0034862   0.0032821   0.0032397   0.0032251   0.0032184   0.0032142   0.0032142   0.0032233   0.0032503   0.0033067
  48.9135936   0.0032662   0.0031496   0.0030742   0.0030317   0.0030092   0.0029944   0.0029829   0.0029740   0.0029686   0.0029690
  49.2047459   0.0027641   0.0026778   0.0026456   0.0026490   0.0026609   0.0026719   0.0026806   0.0026877   0.0026937   0.0026990
  49.4958983   0.0025472   0.0024420   0.0024171   0.0024148   0.0024193   0.0024269   0.0024363   0.0024463   0.0024561   0.0024656
  49.7870506   0.0022809   0.0022360   0.0022590   0.0022743   0.0022790   0.0022790   0.0022790   0.0022810   0.0022855   0.0022922
  50.0782030   0.0021596   0.0021316   0.0021267   0.0021256   0.0021291   0.0021364   0.0021454   0.0021548   0.0021641   0.0021730
  50.3693553   0.0020359   0.0020451   0.0020597   0.0020690   0.0020773   0.0020859   0.0020939   0.0021005   0.0021055   0.0021089
  50.6605076   0.0020164   0.0020742   0.0021126   0.0021243   0.0021204   0.0021094   0.0020961   0.0020827   0.0020700   0.0020584
  50.9516600   0.0020471   0.0020713   0.0020620   0.0020384   0.0020166   0.0019982   0.0019820   0.0019672   0.0019535   0.0019412
  51.2428123   0.0017443   0.0017065   0.0017027   0.0017135   0.0017253   0.0017346   0.0017415   0.0017470   0.0017511   0.0017535
  51.5339647   0.0016167   0.0015556   0.0015220   0.0015135   0.0015195   0.0015317   0.0015452   0.0015566   0.0015641   0.0015670
  51.8251170   0.0015912   0.0014957   0.0014735   0.0014715   0.0014699   0.0014597   0.0014413   0.0014181   0.0013934   0.0013690
  52.1162694   0.0016564   0.0015260   0.0014172   0.0013242   0.0012448   0.0011793   0.0011266   0.0010847   0.0010514   0.0010250
  52.4074217   0.0000320   0.0001208   0.0002184   0.0003065   0.0003768   0.0004306   0.0004719   0.0005039   0.0005294   0.0005501
  52.6985740   0.0000000   0.0000000   0.0000003   0.0000043   0.0000180   0.0000428   0.0000756   0.0001121   0.0001493   0.0001852
  52.9897264   0.0000000   0.0000000   0.0000000   0.0000000   0.0000001   0.0000009   0.0000039   0.0000105   0.0000214   0.0000362
  53.2808787   0.0000000   0.0000000   0.0000000   0.0000000   0.0000000   0.0000000   0.0000001   0.0000004   0.0000015   0.0000039
  53.5720311   0.0000000   0.0000000   0.0000000   0.0000000   0.0000000   0.0000000   0.0000000   0.0000000   0.0000000   0.0000002
  53.8631834   0.0000000   0.0000000   0.0000000   0.0000000   0.0000000   0.0000000   0.0000000   0.0000000   0.0000001   0.0000003
  54.1543358   0.0000000   0.0000000   0.0000000   0.0000000   0.0000000   0.0000000   0.0000001   0.0000004   0.0000017   0.0000049
  54.4454881   0.0000000   0.0000000   0.0000000   0.0000000   0.0000001   0.0000009   0.0000042   0.0000124   0.0000277   0.0000513
  54.7366404   0.0000000   0.0000000   0.0000003   0.0000041   0.0000185   0.0000482   0.0000940   0.0001545   0.0002277   0.0003110
  55.0277928   0.0000308   0.0001070   0.0002193   0.0003453   0.0004745   0.0006077   0.0007462   0.0008868   0.0010235   0.0011511
  55.3189451   0.0024634   0.0023473   0.0023204   0.0023674   0.0024543   0.0025469   0.0026238   0.0026782   0.0027112   0.0027262
  55.6100975   0.0059901   0.0059943   0.0058667   0.0056523   0.0054055   0.0051558   0.0049170   0.0046944   0.0044893   0.0043006
  55.9012498   0.0053412   0.0055373   0.0056829   0.0056947   0.0056137   0.0054793   0.0053160   0.0051373   0.0049510   0.0047623
  56.1924022   0.0039937   0.0040436   0.0040472   0.0040555   0.0040834   0.0041139   0.0041282   0.0041172   0.0040799   0.0040197
  56.4835545   0.0030325   0.0029956   0.0029317   0.0028777   0.0028334   0.0027989   0.0027766   0.0027663   0.0027646   0.0027662
  56.7747068   0.0011865   0.0011641   0.0011847   0.0012249   0.0012703   0.0013173   0.0013651   0.0014138   0.0014640   0.0015157
  57.0658592   0.0000091   0.0000541   0.0001106   0.0001724   0.0002380   0.0003077   0.0003806   0.0004551   0.0005297   0.0006036
  57.3570115   0.0000000   0.0000000   0.0000001   0.0000020   0.0000092   0.0000241   0.0000472   0.0000782   0.0001159   0.0001595
  57.6481639   0.0000000   0.0000000   0.0000000   0.0000000   0.0000000   0.0000004   0.0000021   0.0000062   0.0000139   0.0000260
  57.9393162   0.0000000   0.0000000   0.0000000   0.0000000   0.0000000   0.0000000   0.0000000   0.0000002   0.0000009   0.0000025
  58.2304686   0.0000000   0.0000000   0.0000000   0.0000000   0.0000000   0.0000000   0.0000000   0.0000000   0.0000000   0.0000001
  58.5216209   0.0000000   0.0000000   0.0000000   0.0000000   0.0000000   0.0000000   0.0000000   0.0000000   0.0000000   0.0000000
  58.8127732   0.0000000   0.0000000   0.0000000   0.0000000   0.0000000   0.0000000   0.0000000   0.0000000   0.0000000   0.0000000
  59.1039256   0.0000000   0.0000000   0.0000000   0.0000000   0.0000000   0.0000000   0.0000000   0.0000000   0.0000000   0.0000000
  59.3950779   0.0000000   0.0000000   0.0000000   0.0000000   0.0000000   0.0000000   0.0000000   0.0000000   0.0000000   0.0000000
  59.6862303   0.0000000   0.0000000   0.0000000   0.0000000   0.0000000   0.0000000   0.0000000   0.0000000   0.0000000   0.0000000
  59.9773826   0.0000000   0.0000000   0.0000000   0.0000000   0.0000000   0.0000000   0.0000000   0.0000000   0.0000000   0.0000000
  60.2685350   0.0000000   0.0000000   0.0000000   0.0000000   0.0000000   0.0000000   0.0000000   0.0000000   0.0000000   0.0000000
  60.5596873   0.0000000   0.0000000   0.0000000   0.0000000   0.0000000   0.0000000   0.0000000   0.0000000   0.0000000   0.0000000
  60.8508396   0.0000000   0.0000000   0.0000000   0.0000000   0.0000000   0.0000000   0.0000000   0.0000000   0.0000000   0.0000000
  61.1419920   0.0000000   0.0000000   0.0000000   0.0000000   0.0000000   0.0000000   0.0000000   0.0000000   0.0000000   0.0000000
  61.4331443   0.0000000   0.0000000   0.0000000   0.0000000   0.0000000   0.0000000   0.0000000   0.0000000   0.0000000   0.0000000
  61.7242967   0.0000000   0.0000000   0.0000000   0.0000000   0.0000000   0.0000000   0.0000000   0.0000000   0.0000000   0.0000000
  62.0154490   0.0000000   0.0000000   0.0000000   0.0000000   0.0000000   0.0000000   0.0000000   0.0000000   0.0000000   0.0000000
  62.3066014   0.0000000   0.0000000   0.0000000   0.0000000   0.0000000   0.0000000   0.0000000   0.0000000   0.0000000   0.0000000
  62.5977537   0.0000000   0.0000000   0.0000000   0.0000000   0.0000000   0.0000000   0.0000000   0.0000000   0.0000000   0.0000000
  62.8889060   0.0000000   0.0000000   0.0000000   0.0000000   0.0000000   0.0000000   0.0000000   0.0000000   0.0000000   0.0000000
  63.1800584   0.0000000   0.0000000   0.0000000   0.0000000   0.0000000   0.0000000   0.0000000   0.0000000   0.0000000   0.0000000
  63.4712107   0.0000000   0.0000000   0.0000000   0.0000000   0.0000000   0.0000000   0.0000000   0.0000000   0.0000000   0.0000000
  63.7623631   0.0000000   0.0000000   0.0000000   0.0000000   0.0000000   0.0000000   0.0000000   0.0000000   0.0000000   0.0000000
  64.0535154   0.0000000   0.0000000   0.0000000   0.0000000   0.0000000   0.0000000   0.0000000   0.0000000   0.0000000   0.0000000
  64.3446678   0.0000000   0.0000000   0.0000000   0.0000000   0.0000000   0.0000000   0.0000000   0.0000000   0.0000000   0.0000000
  64.6358201   0.0000000   0.0000000   0.0000000   0.0000000   0.0000000   0.0000000   0.0000000   0.0000000   0.0000000   0.0000000
  64.9269724   0.0000000   0.0000000   0.0000000   0.0000000   0.0000000   0.0000000   0.0000000   0.0000000   0.0000000   0.0000000
  65.2181248   0.0000000   0.0000000   0.0000000   0.0000000   0.0000000   0.0000000   0.0000000   0.0000000   0.0000000   0.0000000
  65.5092771   0.0000000   0.0000000   0.0000000   0.0000000   0.0000000   0.0000000   0.0000000   0.0000000   0.0000000   0.0000000
  65.8004295   0.0000000   0.0000000   0.0000000   0.0000000   0.0000000   0.0000000   0.0000000   0.0000000   0.0000000   0.0000000
  66.0915818   0.0000000   0.0000000   0.0000000   0.0000000   0.0000000   0.0000000   0.0000000   0.0000000   0.0000000   0.0000000
  66.3827342   0.0000000   0.0000000   0.0000000   0.0000000   0.0000000   0.0000000   0.0000000   0.0000000   0.0000000   0.0000000
  66.6738865   0.0000000   0.0000000   0.0000000   0.0000000   0.0000000   0.0000000   0.0000000   0.0000000   0.0000000   0.0000000
  66.9650388   0.0000000   0.0000000   0.0000000   0.0000000   0.0000000   0.0000000   0.0000000   0.0000000   0.0000000   0.0000000
  67.2561912   0.0000000   0.0000000   0.0000000   0.0000000   0.0000000   0.0000000   0.0000000   0.0000000   0.0000000   0.0000000
  67.5473435   0.0000000   0.0000000   0.0000000   0.0000000   0.0000000   0.0000000   0.0000000   0.0000000   0.0000000   0.0000000
  67.8384959   0.0000000   0.0000000   0.0000000   0.0000000   0.0000000   0.0000000   0.0000000   0.0000000   0.0000000   0.0000000
  68.1296482   0.0000000   0.0000000   0.0000000   0.0000000   0.0000000   0.0000000   0.0000000   0.0000000   0.0000000   0.0000000
  68.4208006   0.0000000   0.0000000   0.0000000   0.0000000   0.0000000   0.0000000   0.0000000   0.0000000   0.0000000   0.0000000
  68.7119529   0.0000000   0.0000000   0.0000000   0.0000000   0.0000000   0.0000000   0.0000000   0.0000000   0.0000000   0.0000000
  69.0031052   0.0000000   0.0000000   0.0000000   0.0000000   0.0000000   0.0000000   0.0000000   0.0000000   0.0000000   0.0000000
  69.2942576   0.0000000   0.0000000   0.0000000   0.0000000   0.0000000   0.0000000   0.0000000   0.0000000   0.0000000   0.0000000
  69.5854099   0.0000000   0.0000000   0.0000000   0.0000000   0.0000000   0.0000000   0.0000000   0.0000000   0.0000000   0.0000000
  69.8765623   0.0000000   0.0000000   0.0000000   0.0000000   0.0000000   0.0000000   0.0000000   0.0000000   0.0000000   0.0000000
  70.1677146   0.0000000   0.0000000   0.0000000   0.0000000   0.0000000   0.0000000   0.0000000   0.0000000   0.0000000   0.0000000
  70.4588670   0.0000000   0.0000000   0.0000000   0.0000000   0.0000000   0.0000000   0.0000000   0.0000000   0.0000000   0.0000000
  70.7500193   0.0000000   0.0000000   0.0000000   0.0000000   0.0000000   0.0000000   0.0000000   0.0000000   0.0000000   0.0000000
  71.0411716   0.0000000   0.0000000   0.0000000   0.0000000   0.0000000   0.0000000   0.0000000   0.0000000   0.0000000   0.0000000
  71.3323240   0.0000000   0.0000000   0.0000000   0.0000000   0.0000000   0.0000000   0.0000000   0.0000000   0.0000000   0.0000000
  71.6234763   0.0000000   0.0000000   0.0000000   0.0000000   0.0000000   0.0000000   0.0000000   0.0000000   0.0000000   0.0000000
  71.9146287   0.0000000   0.0000000   0.0000000   0.0000000   0.0000000   0.0000000   0.0000000   0.0000000   0.0000000   0.0000000
  72.2057810   0.0000000   0.0000000   0.0000000   0.0000000   0.0000000   0.0000000   0.0000000   0.0000000   0.0000000   0.0000000
  72.4969334   0.0000000   0.0000000   0.0000000   0.0000000   0.0000000   0.0000000   0.0000000   0.0000000   0.0000003   0.0000013
  72.7880857   0.0000000   0.0000000   0.0000000   0.0000000   0.0000000   0.0000000   0.0000003   0.0000022   0.0000081   0.0000224
  73.0792380   0.0000000   0.0000000   0.0000000   0.0000000   0.0000006   0.0000052   0.0000212   0.0000578   0.0001233   0.0002235
  73.3703904   0.0000000   0.0000000   0.0000027   0.0000274   0.0000988   0.0002283   0.0004194   0.0006702   0.0009741   0.0013239
  73.6615427   0.0003413   0.0007558   0.0011265   0.0015460   0.0020363   0.0025771   0.0031475   0.0037323   0.0043292   0.0049460
  73.9526951   0.0116587   0.0097187   0.0096014   0.0099196   0.0102640   0.0106069   0.0109950   0.0114676   0.0120480   0.0127457
  74.2438474   0.0237576   0.0238180   0.0229541   0.0225019   0.0224645   0.0227092   0.0231952   0.0239001   0.0247862   0.0258033
  74.5349998   0.0387123   0.0370709   0.0368604   0.0376725   0.0389964   0.0405233   0.0420653   0.0435105   0.0448085   0.0459504
  74.8261521   0.0773378   0.0713126   0.0716224   0.0725718   0.0731111   0.0732778   0.0732097   0.0730111   0.0727460   0.0724512
  75.1173044   0.1137153   0.1141319   0.1127509   0.1100159   0.1071985   0.1046349   0.1023657   0.1003591   0.0985804   0.0970053
  75.4084568   0.1068200   0.1097742   0.1122873   0.1138133   0.1146249   0.1148743   0.1146747   0.1141676   0.1134815   0.1127003
  75.6996091   0.1230437   0.1223447   0.1222619   0.1219136   0.1215618   0.1215678   0.1219119   0.1223892   0.1227986   0.1230126
  75.9907615   0.1215138   0.1227830   0.1259925   0.1289386   0.1312410   0.1327205   0.1334599   0.1336474   0.1334526   0.1329955
  76.2819138   0.1719794   0.1688588   0.1627318   0.1568649   0.1521601   0.1484432   0.1454087   0.1428532   0.1406639   0.1387702
  76.5730662   0.1320836   0.1315689   0.1340233   0.1359797   0.1367587   0.1366842   0.1361809   0.1355091   0.1347757   0.1340098
  76.8642185   0.1070955   0.1116306   0.1129897   0.1146199   0.1166940   0.1188737   0.1208296   0.1223761   0.1234631   0.1241246
  77.1553708   0.1249121   0.1261030   0.1243639   0.1221702   0.1203242   0.1188995   0.1178151   0.1170145   0.1164469   0.1160509
  77.4465232   0.1038695   0.1069394   0.1099335   0.1108140   0.1104452   0.1095342   0.1085076   0.1075678   0.1067879   0.1061814
  77.7376755   0.0881065   0.0853271   0.0861658   0.0874211   0.0887745   0.0901354   0.0913393   0.0922957   0.0930034   0.0935082
  78.0288279   0.0808203   0.0834498   0.0827344   0.0820640   0.0817256   0.0816695   0.0818355   0.0821677   0.0826021   0.0830787
  78.3199802   0.0744114   0.0747407   0.0752181   0.0755129   0.0756314   0.0756408   0.0755979   0.0755658   0.0755968   0.0757198
  78.6111326   0.0673255   0.0675764   0.0689492   0.0691949   0.0691206   0.0690866   0.0691568   0.0693151   0.0695396   0.0698193
  78.9022849   0.0523523   0.0577306   0.0606684   0.0620319   0.0629085   0.0636379   0.0642948   0.0649089   0.0654991   0.0660772
  79.1934372   0.0582979   0.0633088   0.0642908   0.0642959   0.0642668   0.0644062   0.0646918   0.0650762   0.0655239   0.0660101
  79.4845896   0.0680968   0.0671755   0.0675318   0.0679893   0.0682769   0.0684785   0.0686501   0.0688225   0.0690094   0.0692151
  79.7757419   0.0713752   0.0739238   0.0742964   0.0742644   0.0742218   0.0741844   0.0741298   0.0740522   0.0739613   0.0738705
  80.0668943   0.0799622   0.0810564   0.0806572   0.0801542   0.0796873   0.0792562   0.0788775   0.0785559   0.0782735   0.0780006
  80.3580466   0.0841731   0.0813278   0.0803810   0.0803760   0.0806234   0.0808530   0.0809659   0.0809119   0.0806718   0.0802561
  80.6491990   0.0884215   0.0857242   0.0844436   0.0839544   0.0835655   0.0829759   0.0821336   0.0811069   0.0799861   0.0788448
  80.9403513   0.0830477   0.0851153   0.0835584   0.0808646   0.0781922   0.0758734   0.0739673   0.0724405   0.0712371   0.0703000
  81.2315036   0.0347501   0.0388390   0.0433157   0.0469144   0.0496145   0.0517118   0.0534191   0.0548615   0.0561081   0.0571974
  81.5226560   0.0389457   0.0400643   0.0400704   0.0404591   0.0414628   0.0430103   0.0448438   0.0467285   0.0485270   0.0501807
  81.8138083   0.0535481   0.0525212   0.0529395   0.0532943   0.0532672   0.0529758   0.0526504   0.0524601   0.0524784   0.0527086
  82.1049607   0.0693805   0.0665579   0.0640084   0.0622210   0.0609410   0.0599853   0.0592451   0.0586695   0.0582386   0.0579473
  82.3961130   0.0545370   0.0568069   0.0576868   0.0585627   0.0595485   0.0604735   0.0612113   0.0617318   0.0620621   0.0622471
  82.6872654   0.0608124   0.0644129   0.0666912   0.0674625   0.0675015   0.0673194   0.0671644   0.0670908   0.0670652   0.0670372
  82.9784177   0.0781249   0.0744073   0.0737678   0.0734674   0.0732156   0.0729749   0.0726831   0.0723124   0.0718696   0.0713741
  83.2695700   0.0735368   0.0777553   0.0773988   0.0766326   0.0760664   0.0754731   0.0747666   0.0739726   0.0731357   0.0722912
  83.5607224   0.0759087   0.0761063   0.0742740   0.0727730   0.0715684   0.0705771   0.0697511   0.0690518   0.0684416   0.0678891
  83.8518747   0.0536331   0.0529704   0.0543326   0.0558796   0.0571752   0.0581774   0.0589344   0.0594954   0.0599013   0.0601852
  84.1430271   0.0521899   0.0529333   0.0526614   0.0523593   0.0522354   0.0523096   0.0525463   0.0528816   0.0532594   0.0536416
  84.4341794   0.0543864   0.0503007   0.0494159   0.0493458   0.0493494   0.0493172   0.0492744   0.0492646   0.0493152   0.0494324
  84.7253318   0.0519014   0.0470106   0.0462061   0.0459486   0.0458951   0.0459412   0.0460327   0.0461414   0.0462564   0.0463769
  85.0164841   0.0398532   0.0419651   0.0427395   0.0431005   0.0433640   0.0435790   0.0437641   0.0439218   0.0440515   0.0441547
  85.3076364   0.0425556   0.0429553   0.0428905   0.0430297   0.0430224   0.0429242   0.0427990   0.0426717   0.0425507   0.0424412
  85.5987888   0.0427028   0.0428632   0.0421411   0.0416439   0.0412929   0.0409999   0.0407304   0.0404887   0.0402874   0.0401310
  85.8899411   0.0337406   0.0363931   0.0366826   0.0365490   0.0364684   0.0365097   0.0366377   0.0368008   0.0369610   0.0370989
  86.1810935   0.0275445   0.0282962   0.0301984   0.0317702   0.0328258   0.0335327   0.0340146   0.0343481   0.0345860   0.0347640
  86.4722458   0.0371632   0.0384960   0.0376052   0.0364177   0.0353532   0.0345364   0.0339738   0.0336194   0.0334161   0.0333164
  86.7633982   0.0289861   0.0293927   0.0294782   0.0299007   0.0304878   0.0309925   0.0313255   0.0315175   0.0316308   0.0317150
  87.0545505   0.0280896   0.0312420   0.0310857   0.0305451   0.0301731   0.0300110   0.0300395   0.0301984   0.0304165   0.0306421
  87.3457028   0.0303978   0.0272673   0.0276976   0.0285912   0.0293986   0.0300070   0.0304075   0.0306509   0.0307961   0.0308869
  87.6368552   0.0359620   0.0365512   0.0361937   0.0350543   0.0339779   0.0331522   0.0325490   0.0321038   0.0317709   0.0315234
  87.9280075   0.0294334   0.0273429   0.0290212   0.0303733   0.0309777   0.0311564   0.0311616   0.0311183   0.0310728   0.0310368
  88.2191599   0.0271936   0.0281557   0.0280449   0.0280090   0.0283199   0.0288224   0.0293417   0.0297852   0.0301299   0.0303862
  88.5103122   0.0336176   0.0333808   0.0329023   0.0322984   0.0317965   0.0314149   0.0311459   0.0309860   0.0309175   0.0309120
  88.8014645   0.0300969   0.0298074   0.0308656   0.0314679   0.0317339   0.0318228   0.0318277   0.0317869   0.0317208   0.0316460
  89.0926169   0.0320320   0.0318924   0.0316696   0.0318150   0.0319561   0.0320364   0.0320594   0.0320379   0.0319887   0.0319249
  89.3837692   0.0364498   0.0359179   0.0343223   0.0333256   0.0326817   0.0322586   0.0320052   0.0318676   0.0317949   0.0317516
  89.6749216   0.0300426   0.0284727   0.0282670   0.0290094   0.0299206   0.0305937   0.0309990   0.0312153   0.0313195   0.0313644
  89.9660739   0.0490063   0.0407223   0.0365390   0.0341462   0.0327545   0.0319357   0.0314708   0.0312267   0.0311125   0.0310680
  90.2572263   0.0281846   0.0264972   0.0270913   0.0282083   0.0291945   0.0298693   0.0302829   0.0305202   0.0306495   0.0307168
  90.5483786   0.0373624   0.0325405   0.0318381   0.0315400   0.0312248   0.0309593   0.0307827   0.0306768   0.0306094   0.0305584
  90.8395309   0.0277134   0.0310285   0.0314449   0.0311119   0.0308580   0.0306784   0.0305127   0.0303560   0.0302222   0.0301166
  91.1306833   0.0256852   0.0270838   0.0281041   0.0285273   0.0286595   0.0287778   0.0289111   0.0290310   0.0291163   0.0291606
  91.4218356   0.0175055   0.0221145   0.0257358   0.0273243   0.0279588   0.0282036   0.0282948   0.0283137   0.0282871   0.0282272
  91.7129880   0.0310421   0.0302092   0.0298536   0.0292209   0.0286254   0.0281266   0.0276980   0.0273248   0.0270071   0.0267471
  92.0041403   0.0333233   0.0275867   0.0254318   0.0246202   0.0242567   0.0240804   0.0239851   0.0239418   0.0239434   0.0239813
  92.2952927   0.0112985   0.0151339   0.0167733   0.0177726   0.0185987   0.0193341   0.0200171   0.0206381   0.0211790   0.0216343
  92.5864450   0.0223149   0.0194558   0.0197285   0.0203317   0.0207950   0.0210910   0.0212837   0.0214273   0.0215501   0.0216612
  92.8775973   0.0330521   0.0321679   0.0290324   0.0268600   0.0254267   0.0244383   0.0237137   0.0231501   0.0226958   0.0223267
  93.1687497   0.0199855   0.0189603   0.0192848   0.0203326   0.0211266   0.0215039   0.0215778   0.0214823   0.0213101   0.0211170
  93.4599020   0.0207096   0.0216255   0.0204653   0.0193162   0.0186327   0.0183295   0.0182796   0.0183789   0.0185470   0.0187294
  93.7510544   0.0086601   0.0118291   0.0131641   0.0139376   0.0147234   0.0154903   0.0161458   0.0166703   0.0170809   0.0173988
  94.0422067   0.0110993   0.0157514   0.0181513   0.0188729   0.0188199   0.0185432   0.0182534   0.0179987   0.0177785   0.0175854
  94.3333591   0.0190825   0.0190932   0.0198129   0.0198888   0.0194635   0.0188632   0.0182423   0.0176599   0.0171372   0.0166775
  94.6245114   0.0161118   0.0143805   0.0133578   0.0130092   0.0130153   0.0131576   0.0132862   0.0133388   0.0133097   0.0132171
  94.9156637   0.0079254   0.0083314   0.0081471   0.0082372   0.0083775   0.0084820   0.0085704   0.0086664   0.0087736   0.0088854
  95.2068161   0.0068000   0.0057788   0.0051463   0.0048310   0.0046954   0.0046683   0.0047236   0.0048474   0.0050298   0.0052609
  95.4979684   0.0002013   0.0003420   0.0005575   0.0009017   0.0012922   0.0016995   0.0021172   0.0025386   0.0029580   0.0033716
  95.7891208   0.0013646   0.0015031   0.0017727   0.0021495   0.0025200   0.0028608   0.0031844   0.0034969   0.0037977   0.0040862
  96.0802731   0.0109695   0.0093436   0.0083487   0.0077664   0.0074065   0.0071490   0.0069461   0.0067841   0.0066605   0.0065749
  96.3714255   0.0119199   0.0107594   0.0103121   0.0100422   0.0098391   0.0096247   0.0093942   0.0091651   0.0089523   0.0087661
  96.6625778   0.0098318   0.0095753   0.0096093   0.0096562   0.0097259   0.0098008   0.0098644   0.0099143   0.0099542   0.0099871
  96.9537301   0.0081334   0.0094594   0.0100858   0.0102970   0.0104013   0.0105407   0.0107366   0.0109610   0.0111828   0.0113817
  97.2448825   0.0107553   0.0105250   0.0115954   0.0124808   0.0130515   0.0134011   0.0136069   0.0137257   0.0137936   0.0138312
  97.5360348   0.0189997   0.0216392   0.0206446   0.0194135   0.0184782   0.0178168   0.0173315   0.0169528   0.0166446   0.0163888
  97.8271872   0.0170193   0.0163362   0.0169143   0.0175762   0.0179247   0.0180251   0.0179834   0.0178737   0.0177362   0.0175885
  98.1183395   0.0160324   0.0169316   0.0171973   0.0172423   0.0172992   0.0174112   0.0175571   0.0176904   0.0177785   0.0178122
  98.4094919   0.0210000   0.0187934   0.0182761   0.0182160   0.0182776   0.0182895   0.0182225   0.0181165   0.0180101   0.0179212
  98.7006442   0.0220696   0.0224127   0.0210108   0.0196939   0.0187971   0.0182368   0.0179064   0.0177236   0.0176317   0.0175931
  98.9917965   0.0103876   0.0100566   0.0117940   0.0135562   0.0148251   0.0157032   0.0163139   0.0167366   0.0170258   0.0172208
  99.2829489   0.0185616   0.0195046   0.0195244   0.0191332   0.0186484   0.0182505   0.0179826   0.0178165   0.0177154   0.0176543
  99.5741012   0.0220695   0.0203009   0.0195059   0.0191344   0.0189024   0.0186735   0.0184282   0.0181966   0.0180069   0.0178688
  99.8652536   0.0168704   0.0170873   0.0165539   0.0163525   0.0164335   0.0166565   0.0169208   0.0171686   0.0173711   0.0175216
 100.1564059   0.0124175   0.0144002   0.0157765   0.0164683   0.0169427   0.0172725   0.0174933   0.0176436   0.0177504   0.0178273
 100.4475583   0.0221823   0.0221913   0.0218086   0.0210707   0.0203078   0.0196876   0.0192270   0.0188924   0.0186478   0.0184672
 100.7387106   0.0143689   0.0155989   0.0164090   0.0172535   0.0178474   0.0181847   0.0183320   0.0183599   0.0183251   0.0182675
 101.0298629   0.0209922   0.0199444   0.0189391   0.0181746   0.0177078   0.0174890   0.0174332   0.0174747   0.0175775   0.0177233
 101.3210153   0.0151317   0.0147061   0.0153695   0.0159816   0.0164206   0.0167608   0.0170979   0.0174762   0.0178941   0.0183298
 101.6121676   0.0187197   0.0176393   0.0175784   0.0179925   0.0186843   0.0194567   0.0201795   0.0207966   0.0212991   0.0216983
 101.9033200   0.0293291   0.0314757   0.0309929   0.0302233   0.0295165   0.0288931   0.0283441   0.0278616   0.0274310   0.0270344
 102.1944723   0.0342515   0.0337438   0.0343620   0.0343245   0.0338824   0.0332324   0.0324676   0.0316423   0.0307958   0.0299572
 102.4856247   0.0276360   0.0291621   0.0301587   0.0302757   0.0300616   0.0297150   0.0292885   0.0287970   0.0282549   0.0276804
 102.7767770   0.0243031   0.0223727   0.0220198   0.0219013   0.0218009   0.0217241   0.0216750   0.0216493   0.0216346   0.0216163
 103.0679293   0.0132952   0.0127578   0.0123307   0.0124634   0.0128598   0.0133647   0.0138907   0.0144004   0.0148824   0.0153326
 103.3590817   0.0069698   0.0085372   0.0091941   0.0095759   0.0098632   0.0101529   0.0104869   0.0108670   0.0112781   0.0117030
 103.6502340   0.0087895   0.0091617   0.0098323   0.0101839   0.0103365   0.0104264   0.0105026   0.0105834   0.0106811   0.0108041
 103.9413864   0.0105454   0.0117787   0.0120531   0.0118905   0.0116551   0.0114334   0.0112440   0.0110909   0.0109734   0.0108901
 104.2325387   0.0096311   0.0107109   0.0106974   0.0106580   0.0106823   0.0107254   0.0107447   0.0107351   0.0107069   0.0106726
 104.5236911   0.0075215   0.0096529   0.0101435   0.0101443   0.0100967   0.0100774   0.0100923   0.0101345   0.0101931   0.0102579
 104.8148434   0.0078102   0.0083529   0.0089127   0.0092898   0.0095254   0.0097076   0.0098687   0.0100136   0.0101408   0.0102493
 105.1059957   0.0097259   0.0105490   0.0106733   0.0107492   0.0108168   0.0108555   0.0108663   0.0108574   0.0108373   0.0108121
 105.3971481   0.0146909   0.0145109   0.0134746   0.0127859   0.0123381   0.0120086   0.0117451   0.0115288   0.0113520   0.0112094
 105.6883004   0.0126285   0.0107859   0.0103952   0.0105338   0.0106901   0.0107918   0.0108495   0.0108791   0.0108911   0.0108919
 105.9794528   0.0074430   0.0089019   0.0094369   0.0096829   0.0098410   0.0099942   0.0101517   0.0102993   0.0104265   0.0105301
 106.2706051   0.0094422   0.0096564   0.0104845   0.0107318   0.0107676   0.0107391   0.0107017   0.0106779   0.0106721   0.0106807
 106.5617575   0.0109110   0.0115952   0.0115774   0.0113594   0.0112160   0.0111411   0.0110889   0.0110396   0.0109909   0.0109459
 106.8529098   0.0104611   0.0110021   0.0110079   0.0110648   0.0110751   0.0110643   0.0110459   0.0110229   0.0109952   0.0109625
 107.1440621   0.0082058   0.0097408   0.0103287   0.0106276   0.0107457   0.0107864   0.0107928   0.0107824   0.0107643   0.0107441
 107.4352145   0.0098503   0.0102649   0.0107512   0.0107245   0.0105810   0.0104743   0.0104164   0.0103919   0.0103889   0.0104003
 107.7263668   0.0057542   0.0077227   0.0087860   0.0092945   0.0095831   0.0097668   0.0098979   0.0100070   0.0101062   0.0101976
 108.0175192   0.0101347   0.0109348   0.0105932   0.0102905   0.0101747   0.0102046   0.0102924   0.0103842   0.0104615   0.0105225
 108.3086715   0.0106745   0.0106971   0.0112902   0.0116535   0.0117041   0.0116050   0.0114673   0.0113384   0.0112318   0.0111480
 108.5998239   0.0121050   0.0114051   0.0115459   0.0116534   0.0116631   0.0116232   0.0115641   0.0114982   0.0114313   0.0113675
 108.8909762   0.0110507   0.0120568   0.0115347   0.0111363   0.0110009   0.0110148   0.0110753   0.0111362   0.0111836   0.0112162
 109.1821285   0.0066237   0.0096037   0.0105368   0.0108644   0.0110052   0.0110664   0.0110953   0.0111205   0.0111527   0.0111922
 109.4732809   0.0089921   0.0105033   0.0112568   0.0114074   0.0113715   0.0113376   0.0113417   0.0113701   0.0114071   0.0114445
 109.7644332   0.0100128   0.0103734   0.0108660   0.0113193   0.0116195   0.0117932   0.0118814   0.0119172   0.0119247   0.0119194
 110.0555856   0.0171056   0.0155852   0.0143745   0.0136235   0.0131446   0.0128330   0.0126251   0.0124859   0.0123945   0.0123360
 110.3467379   0.0100776   0.0111576   0.0115416   0.0117810   0.0119933   0.0121714   0.0123085   0.0124089   0.0124796   0.0125269
 110.6378903   0.0117320   0.0112685   0.0118910   0.0123458   0.0125666   0.0126908   0.0127787   0.0128413   0.0128783   0.0128904
 110.9290426   0.0113466   0.0141295   0.0145676   0.0144596   0.0142212   0.0139683   0.0137321   0.0135222   0.0133411   0.0131878
 111.2201949   0.0116167   0.0133627   0.0134436   0.0132488   0.0131176   0.0130207   0.0129276   0.0128349   0.0127473   0.0126694
 111.5113473   0.0132810   0.0114266   0.0109174   0.0108707   0.0109902   0.0111542   0.0113187   0.0114732   0.0116130   0.0117354
 111.8024996   0.0105412   0.0109008   0.0107382   0.0106795   0.0107472   0.0108749   0.0110252   0.0111791   0.0113269   0.0114639
 112.0936520   0.0118195   0.0118740   0.0119969   0.0121214   0.0121483   0.0121181   0.0120706   0.0120263   0.0119971   0.0119883
 112.3848043   0.0146517   0.0132948   0.0131564   0.0131469   0.0130228   0.0128710   0.0127510   0.0126717   0.0126231   0.0125939
 112.6759567   0.0114707   0.0117382   0.0118026   0.0120107   0.0123279   0.0126206   0.0128398   0.0129812   0.0130592   0.0130925
 112.9671090   0.0209181   0.0172074   0.0155955   0.0148995   0.0144862   0.0141912   0.0139697   0.0138070   0.0136918   0.0136121
 113.2582613   0.0131896   0.0138940   0.0139462   0.0139058   0.0138806   0.0138503   0.0138224   0.0138032   0.0137930   0.0137900
 113.5494137   0.0103544   0.0113805   0.0120176   0.0125074   0.0129192   0.0132627   0.0135325   0.0137335   0.0138792   0.0139846
 113.8405660   0.0152785   0.0160113   0.0160394   0.0157112   0.0153245   0.0150230   0.0148273   0.0147200   0.0146746   0.0146673
 114.1317184   0.0091901   0.0126525   0.0141788   0.0147397   0.0150651   0.0152771   0.0153916   0.0154384   0.0154503   0.0154513
 114.4228707   0.0164880   0.0165966   0.0169439   0.0167668   0.0164835   0.0162986   0.0162200   0.0162065   0.0162248   0.0162561
 114.7140231   0.0129528   0.0137451   0.0150825   0.0160899   0.0166379   0.0169121   0.0170602   0.0171572   0.0172304   0.0172849
 115.0051754   0.0233162   0.0207353   0.0196675   0.0190046   0.0187210   0.0186565   0.0186580   0.0186483   0.0186051   0.0185317
 115.2963277   0.0241656   0.0215018   0.0213971   0.0211783   0.0208545   0.0204834   0.0201030   0.0197471   0.0194349   0.0191708
 115.5874801   0.0159309   0.0169431   0.0181557   0.0186118   0.0186692   0.0186055   0.0185345   0.0184824   0.0184444   0.0184116
 115.8786324   0.0112975   0.0133119   0.0144564   0.0150257   0.0155643   0.0160963   0.0165639   0.0169401   0.0172268   0.0174382
 116.1697848   0.0194878   0.0195854   0.0190338   0.0185147   0.0181273   0.0178355   0.0176286   0.0175005   0.0174353   0.0174139
 116.4609371   0.0213597   0.0194369   0.0183916   0.0180864   0.0179790   0.0178853   0.0177688   0.0176434   0.0175298   0.0174421
 116.7520895   0.0186766   0.0171300   0.0167308   0.0166172   0.0166288   0.0167045   0.0168108   0.0169237   0.0170295   0.0171224
 117.0432418   0.0137207   0.0147322   0.0155068   0.0160687   0.0164075   0.0166405   0.0168368   0.0170146   0.0171728   0.0173085
 117.3343941   0.0167350   0.0180974   0.0184080   0.0184468   0.0184447   0.0184177   0.0183683   0.0183094   0.0182534   0.0182060
 117.6255465   0.0207256   0.0219719   0.0212633   0.0205592   0.0200104   0.0196358   0.0193753   0.0191751   0.0190077   0.0188627
 117.9166988   0.0129514   0.0147183   0.0164034   0.0176539   0.0183321   0.0186409   0.0187561   0.0187777   0.0187579   0.0187234
 118.2078512   0.0180991   0.0201617   0.0196004   0.0189176   0.0184579   0.0182242   0.0181505   0.0181748   0.0182532   0.0183573
 118.4990035   0.0161912   0.0166886   0.0166904   0.0168551   0.0172148   0.0176088   0.0179584   0.0182545   0.0185044   0.0187142
 118.7901559   0.0172382   0.0197930   0.0201102   0.0201351   0.0201657   0.0201972   0.0202152   0.0202154   0.0202008   0.0201788
 119.0813082   0.0248374   0.0243141   0.0241396   0.0238832   0.0234069   0.0228929   0.0224278   0.0220407   0.0217355   0.0215035
 119.3724605   0.0150142   0.0186177   0.0201698   0.0207810   0.0210862   0.0213030   0.0214783   0.0216100   0.0216974   0.0217481
 119.6636129   0.0184434   0.0189238   0.0198186   0.0204449   0.0209093   0.0212736   0.0215609   0.0217928   0.0219845   0.0221432
 119.9547652   0.0268184   0.0271982   0.0260107   0.0249586   0.0242366   0.0237929   0.0235404   0.0234136   0.0233637   0.0233548
 120.2459176   0.0189724   0.0213632   0.0226223   0.0234443   0.0240650   0.0244753   0.0246870   0.0247484   0.0247151   0.0246322
 120.5370699   0.0262973   0.0279606   0.0281444   0.0277378   0.0270896   0.0264954   0.0260354   0.0256949   0.0254402   0.0252451
 120.8282223   0.0200950   0.0216866   0.0231089   0.0238898   0.0243170   0.0245594   0.0246942   0.0247740   0.0248385   0.0249105
 121.1193746   0.0219439   0.0232730   0.0233727   0.0233259   0.0233887   0.0236111   0.0239480   0.0243439   0.0247527   0.0251431
 121.4105269   0.0261899   0.0243503   0.0248289   0.0253541   0.0258527   0.0263334   0.0267559   0.0271098   0.0274026   0.0276441
 121.7016793   0.0298052   0.0321341   0.0337078   0.0337795   0.0333905   0.0329218   0.0324748   0.0320696   0.0317117   0.0314070
 121.9928316   0.0335023   0.0341981   0.0356740   0.0359694   0.0357289   0.0352756   0.0347746   0.0343100   0.0339165   0.0336031
 122.2839840   0.0363276   0.0340627   0.0326840   0.0322474   0.0323511   0.0327217   0.0331676   0.0335964   0.0339802   0.0343210
 122.5751363   0.0349400   0.0330550   0.0328911   0.0333836   0.0340049   0.0346113   0.0352043   0.0358023   0.0364082   0.0370200
 122.8662887   0.0394549   0.0424736   0.0424472   0.0423271   0.0422646   0.0423104   0.0424722   0.0427459   0.0431518   0.0437337
 123.1574410   0.0478784   0.0500123   0.0510131   0.0515230   0.0518073   0.0520476   0.0523998   0.0530585   0.0541449   0.0556357
 123.4485933   0.0548604   0.0615279   0.0630662   0.0635086   0.0641887   0.0660134   0.0689936   0.0725373   0.0760160   0.0790134
 123.7397457   0.0708344   0.0747347   0.0827112   0.0947877   0.1056705   0.1131543   0.1173160   0.1188821   0.1185942   0.1170542
 124.0308980   0.3507022   0.3062925   0.2623134   0.2308985   0.2074594   0.1888044   0.1733782   0.1603659   0.1492542   0.1396744
 124.3220504   0.1318800   0.1214883   0.1194456   0.1226338   0.1248177   0.1242913   0.1216831   0.1179190   0.1136678   0.1093276
 124.6132027   0.0000362   0.0015764   0.0061623   0.0126345   0.0198850   0.0275046   0.0349861   0.0417421   0.0474180   0.0519331
 124.9043551   0.0000382   0.0001186   0.0002122   0.0004141   0.0010531   0.0024903   0.0048662   0.0081094   0.0119947   0.0162190
 125.1955074   0.0024014   0.0028548   0.0033333   0.0037994   0.0042257   0.0046216   0.0050700   0.0057051   0.0066580   0.0080072
 125.4866597   0.0133927   0.0132342   0.0126078   0.0121324   0.0118004   0.0115630   0.0113847   0.0112520   0.0111787   0.0112056
 125.7778121   0.0173136   0.0175279   0.0174470   0.0173374   0.0171800   0.0169483   0.0166519   0.0163163   0.0159658   0.0156217
 126.0689644   0.0199588   0.0200167   0.0199641   0.0197626   0.0194890   0.0192032   0.0189184   0.0186292   0.0183299   0.0180190
 126.3601168   0.0177286   0.0177465   0.0181859   0.0184889   0.0186220   0.0186639   0.0186493   0.0185900   0.0184913   0.0183565
 126.6512691   0.0157209   0.0173842   0.0177860   0.0178292   0.0178082   0.0177837   0.0177579   0.0177226   0.0176720   0.0176036
 126.9424215   0.0170596   0.0170293   0.0169646   0.0168470   0.0167371   0.0166315   0.0165293   0.0164361   0.0163551   0.0162851
 127.2335738   0.0161194   0.0150536   0.0146514   0.0145229   0.0144933   0.0144988   0.0145170   0.0145375   0.0145542   0.0145645
 127.5247261   0.0127524   0.0122668   0.0121477   0.0122686   0.0124322   0.0125734   0.0126821   0.0127621   0.0128198   0.0128612
 127.8158785   0.0127643   0.0124081   0.0121467   0.0119246   0.0117354   0.0115848   0.0114762   0.0114050   0.0113635   0.0113445
 128.1070308   0.0090182   0.0092317   0.0093908   0.0095300   0.0096321   0.0096975   0.0097387   0.0097673   0.0097923   0.0098191
 128.3981832   0.0086107   0.0081575   0.0080333   0.0080208   0.0080638   0.0081381   0.0082276   0.0083212   0.0084121   0.0084978
 128.6893355   0.0079456   0.0075297   0.0074407   0.0074411   0.0074634   0.0074953   0.0075338   0.0075790   0.0076310   0.0076887
 128.9804879   0.0066931   0.0070500   0.0072122   0.0072596   0.0072628   0.0072559   0.0072513   0.0072529   0.0072615   0.0072774
 129.2716402   0.0063000   0.0066674   0.0068982   0.0069607   0.0069815   0.0069927   0.0069995   0.0070043   0.0070099   0.0070185
 129.5627925   0.0064306   0.0067653   0.0068380   0.0068125   0.0067896   0.0067824   0.0067870   0.0068006   0.0068213   0.0068479
 129.8539449   0.0062908   0.0064556   0.0065045   0.0065525   0.0066043   0.0066586   0.0067133   0.0067683   0.0068253   0.0068868
 130.1450972   0.0066863   0.0069130   0.0069459   0.0069905   0.0070314   0.0070711   0.0071200   0.0071843   0.0072661   0.0073639
 130.4362496   0.0085040   0.0081462   0.0079482   0.0078991   0.0079326   0.0080149   0.0081297   0.0082652   0.0084103   0.0085551
 130.7274019   0.0100767   0.0096580   0.0096442   0.0097968   0.0099976   0.0101950   0.0103626   0.0104898   0.0105759   0.0106250
 131.0185543   0.0145046   0.0144327   0.0144461   0.0143349   0.0141273   0.0138704   0.0135971   0.0133237   0.0130559   0.0127945
 131.3097066   0.0164719   0.0160785   0.0158903   0.0155754   0.0152139   0.0148388   0.0144591   0.0140780   0.0136989   0.0133247
 131.6008589   0.0117993   0.0118200   0.0119190   0.0120165   0.0120724   0.0120683   0.0120018   0.0118783   0.0117077   0.0115019
 131.8920113   0.0093836   0.0089661   0.0087028   0.0085738   0.0084785   0.0083971   0.0083309   0.0082789   0.0082357   0.0081951
 132.1831636   0.0045243   0.0043535   0.0041302   0.0040457   0.0040669   0.0041408   0.0042406   0.0043551   0.0044791   0.0046084
 132.4743160   0.0000000   0.0000372   0.0002034   0.0004424   0.0006942   0.0009401   0.0011791   0.0014119   0.0016388   0.0018595
 132.7654683   0.0000000   0.0000000   0.0000000   0.0000022   0.0000174   0.0000588   0.0001305   0.0002291   0.0003494   0.0004862
 133.0566207   0.0000000   0.0000000   0.0000000   0.0000000   0.0000000   0.0000008   0.0000047   0.0000160   0.0000389   0.0000760
 133.3477730   0.0000000   0.0000000   0.0000000   0.0000000   0.0000000   0.0000000   0.0000000   0.0000004   0.0000021   0.0000067
 133.6389253   0.0000000   0.0000000   0.0000000   0.0000000   0.0000000   0.0000000   0.0000000   0.0000000   0.0000001   0.0000003
 133.9300777   0.0000000   0.0000000   0.0000000   0.0000000   0.0000000   0.0000000   0.0000000   0.0000000   0.0000000   0.0000000
 134.2212300   0.0000000   0.0000000   0.0000000   0.0000000   0.0000000   0.0000000   0.0000000   0.0000000   0.0000000   0.0000000
 134.5123824   0.0000000   0.0000000   0.0000000   0.0000000   0.0000000   0.0000000   0.0000000   0.0000000   0.0000000   0.0000000
 134.8035347   0.0000000   0.0000000   0.0000000   0.0000000   0.0000000   0.0000000   0.0000000   0.0000000   0.0000000   0.0000000
 135.0946871   0.0000000   0.0000000   0.0000000   0.0000000   0.0000000   0.0000000   0.0000000   0.0000000   0.0000000   0.0000000
 135.3858394   0.0000000   0.0000000   0.0000000   0.0000000   0.0000000   0.0000000   0.0000000   0.0000000   0.0000000   0.0000000
 135.6769917   0.0000000   0.0000000   0.0000000   0.0000000   0.0000000   0.0000000   0.0000000   0.0000000   0.0000000   0.0000000
 135.9681441   0.0000000   0.0000000   0.0000000   0.0000000   0.0000000   0.0000000   0.0000000   0.0000000   0.0000000   0.0000000
 136.2592964   0.0000000   0.0000000   0.0000000   0.0000000   0.0000000   0.0000000   0.0000000   0.0000000   0.0000000   0.0000000
 136.5504488   0.0000000   0.0000000   0.0000000   0.0000000   0.0000000   0.0000000   0.0000000   0.0000000   0.0000000   0.0000000
 136.8416011   0.0000000   0.0000000   0.0000000   0.0000000   0.0000000   0.0000000   0.0000000   0.0000000   0.0000000   0.0000000
 137.1327535   0.0000000   0.0000000   0.0000000   0.0000000   0.0000000   0.0000000   0.0000000   0.0000000   0.0000000   0.0000000
 137.4239058   0.0000000   0.0000000   0.0000000   0.0000000   0.0000000   0.0000000   0.0000000   0.0000000   0.0000000   0.0000000
 137.7150581   0.0000000   0.0000000   0.0000000   0.0000000   0.0000000   0.0000000   0.0000000   0.0000000   0.0000000   0.0000000
 138.0062105   0.0000000   0.0000000   0.0000000   0.0000000   0.0000000   0.0000000   0.0000000   0.0000000   0.0000000   0.0000000
 138.2973628   0.0000000   0.0000000   0.0000000   0.0000000   0.0000000   0.0000000   0.0000000   0.0000000   0.0000000   0.0000000
 138.5885152   0.0000000   0.0000000   0.0000000   0.0000000   0.0000000   0.0000000   0.0000000   0.0000000   0.0000000   0.0000000
 138.8796675   0.0000000   0.0000000   0.0000000   0.0000000   0.0000000   0.0000000   0.0000000   0.0000000   0.0000000   0.0000000
 139.1708199   0.0000000   0.0000000   0.0000000   0.0000000   0.0000000   0.0000000   0.0000000   0.0000000   0.0000000   0.0000000
 139.4619722   0.0000000   0.0000000   0.0000000   0.0000000   0.0000000   0.0000000   0.0000000   0.0000000   0.0000000   0.0000000
 139.7531245   0.0000000   0.0000000   0.0000000   0.0000000   0.0000000   0.0000000   0.0000000   0.0000000   0.0000000   0.0000000
 140.0442769   0.0000000   0.0000000   0.0000000   0.0000000   0.0000000   0.0000000   0.0000000   0.0000000   0.0000000   0.0000000
 140.3354292   0.0000000   0.0000000   0.0000000   0.0000000   0.0000000   0.0000000   0.0000000   0.0000000   0.0000000   0.0000000
 140.6265816   0.0000000   0.0000000   0.0000000   0.0000000   0.0000000   0.0000000   0.0000000   0.0000000   0.0000000   0.0000000
 140.9177339   0.0000000   0.0000000   0.0000000   0.0000000   0.0000000   0.0000000   0.0000000   0.0000000   0.0000000   0.0000000
 141.2088863   0.0000000   0.0000000   0.0000000   0.0000000   0.0000000   0.0000000   0.0000000   0.0000000   0.0000000   0.0000000
 141.5000386   0.0000000   0.0000000   0.0000000   0.0000000   0.0000000   0.0000000   0.0000000   0.0000000   0.0000000   0.0000000
 141.7911909   0.0000000   0.0000000   0.0000000   0.0000000   0.0000000   0.0000000   0.0000000   0.0000000   0.0000000   0.0000000
 142.0823433   0.0000000   0.0000000   0.0000000   0.0000000   0.0000000   0.0000000   0.0000000   0.0000000   0.0000000   0.0000000
 142.3734956   0.0000000   0.0000000   0.0000000   0.0000000   0.0000000   0.0000000   0.0000000   0.0000000   0.0000000   0.0000000
 142.6646480   0.0000000   0.0000000   0.0000000   0.0000000   0.0000000   0.0000000   0.0000000   0.0000000   0.0000000   0.0000000
 142.9558003   0.0000000   0.0000000   0.0000000   0.0000000   0.0000000   0.0000000   0.0000000   0.0000000   0.0000000   0.0000000
 143.2469527   0.0000000   0.0000000   0.0000000   0.0000000   0.0000000   0.0000000   0.0000000   0.0000000   0.0000000   0.0000000
 143.5381050   0.0000000   0.0000000   0.0000000   0.0000000   0.0000000   0.0000000   0.0000000   0.0000000   0.0000000   0.0000000
 143.8292573   0.0000000   0.0000000   0.0000000   0.0000000   0.0000000   0.0000000   0.0000000   0.0000000   0.0000000   0.0000000
 144.1204097   0.0000000   0.0000000   0.0000000   0.0000000   0.0000000   0.0000000   0.0000000   0.0000000   0.0000000   0.0000000
 144.4115620   0.0000000   0.0000000   0.0000000   0.0000000   0.0000000   0.0000000   0.0000000   0.0000000   0.0000000   0.0000000
 144.7027144   0.0000000   0.0000000   0.0000000   0.0000000   0.0000000   0.0000000   0.0000000   0.0000000   0.0000000   0.0000000
 144.9938667   0.0000000   0.0000000   0.0000000   0.0000000   0.0000000   0.0000000   0.0000000   0.0000000   0.0000000   0.0000000
 145.2850191   0.0000000   0.0000000   0.0000000   0.0000000   0.0000000   0.0000000   0.0000000   0.0000000   0.0000000   0.0000000
 145.5761714   0.0000000   0.0000000   0.0000000   0.0000000   0.0000000   0.0000000   0.0000000   0.0000000   0.0000000   0.0000000