   0.2911523   0.0000000   0.0000000   0.0000036   0.0000374   0.0001235   0.0002543   0.0004122   0.0005828   0.0007573   0.0009311
   0.5823047   0.0005567   0.0010774   0.0014151   0.0016982   0.0019324   0.0021310   0.0023071   0.0024697   0.0026230   0.0027682
   0.8734570   0.0064376   0.0062464   0.0061236   0.0059419   0.0057794   0.0056646   0.0055894   0.0055395   0.0055058   0.0054846
   1.1646094   0.0080350   0.0081828   0.0084755   0.0086151   0.0086460   0.0085932   0.0084902   0.0083684   0.0082494   0.0081454
   1.4557617   0.0128827   0.0115680   0.0110328   0.0107102   0.0104956   0.0103693   0.0103050   0.0102789   0.0102730   0.0102763
   1.7469141   0.0090676   0.0101684   0.0106787   0.0110594   0.0114123   0.0117195   0.0119706   0.0121696   0.0123273   0.0124542
   2.0380664   0.0164721   0.0155224   0.0155133   0.0155073   0.0154057   0.0153041   0.0152448   0.0152305   0.0152501   0.0152919
   2.3292187   0.0174015   0.0180459   0.0183616   0.0184503   0.0184905   0.0185056   0.0185020   0.0184921   0.0184867   0.0184914
   2.6203711   0.0216923   0.0218947   0.0217876   0.0216459   0.0215933   0.0216142   0.0216672   0.0217218   0.0217652   0.0217976
   2.9115234   0.0236346   0.0244046   0.0247779   0.0250789   0.0252542   0.0253046   0.0252919   0.0252694   0.0252617   0.0252737
   3.2026758   0.0337132   0.0314165   0.0300311   0.0292561   0.0288684   0.0287325   0.0287303   0.0287855   0.0288603   0.0289410
   3.4938281   0.0285468   0.0294506   0.0306054   0.0315097   0.0321242   0.0325074   0.0327453   0.0329059   0.0330319   0.0331461
   3.7849805   0.0400856   0.0396132   0.0393894   0.0389329   0.0384807   0.0381697   0.0380112   0.0379675   0.0379991   0.0380789
   4.0761328   0.0398526   0.0407966   0.0413436   0.0419045   0.0424303   0.0428452   0.0431492   0.0433783   0.0435693   0.0437461
   4.3672851   0.0533961   0.0521765   0.0510936   0.0505223   0.0502147   0.0501038   0.0501279   0.0502311   0.0503752   0.0505399
   4.6584375   0.0547654   0.0560196   0.0568345   0.0574318   0.0578161   0.0580357   0.0581644   0.0582600   0.0583581   0.0584764
   4.9495898   0.0694152   0.0679095   0.0675884   0.0672936   0.0670770   0.0669823   0.0669897   0.0670666   0.0671929   0.0673651
   5.2407422   0.0744103   0.0747182   0.0753105   0.0756848   0.0760397   0.0763540   0.0766336   0.0769273   0.0772782   0.0777049
   5.5318945   0.0880545   0.0887339   0.0885673   0.0882677   0.0881715   0.0883961   0.0889132   0.0896251   0.0904388   0.0912913
   5.8230469   0.0999947   0.0990607   0.1005421   0.1028839   0.1049425   0.1065489   0.1077975   0.1088001   0.1096403   0.1103739
   6.1141992   0.1485646   0.1456448   0.1417460   0.1388632   0.1369749   0.1357226   0.1348767   0.1343042   0.1339246   0.1336858
   6.4053515   0.1618015   0.1586772   0.1581520   0.1581360   0.1581399   0.1579432   0.1575734   0.1571193   0.1566445   0.1561790
   6.6965039   0.1757664   0.1750073   0.1751324   0.1754070   0.1757201   0.1759916   0.1761730   0.1762159   0.1760930   0.1758055
   6.9876562   0.1986855   0.1976523   0.1968637   0.1963848   0.1959089   0.1953681   0.1947620   0.1940945   0.1933717   0.1925997
   7.2788086   0.2176192   0.2129678   0.2114602   0.2105971   0.2096327   0.2085378   0.2073885   0.2062522   0.2051665   0.2041396
   7.5699609   0.2093117   0.2109647   0.2112030   0.2108648   0.2105469   0.2103446   0.2101993   0.2100278   0.2097742   0.2094183
   7.8611133   0.1994076   0.2037602   0.2064603   0.2084050   0.2098378   0.2108050   0.2113873   0.2116862   0.2117826   0.2117300
   8.1522656   0.2280880   0.2249503   0.2219302   0.2192710   0.2171417   0.2156070   0.2145446   0.2138109   0.2132955   0.2129207
   8.4434179   0.1979332   0.2038600   0.2071914   0.2094021   0.2108145   0.2116212   0.2120332   0.2122180   0.2122848   0.2122980
   8.7345703   0.2112735   0.2119269   0.2112120   0.2106120   0.2103651   0.2104268   0.2106737   0.2109953   0.2113239   0.2116288
   9.0257226   0.2144510   0.2134144   0.2125702   0.2122562   0.2121825   0.2121803   0.2122263   0.2123298   0.2124901   0.2126953
   9.3168750   0.2159935   0.2142044   0.2135467   0.2138199   0.2142516   0.2145960   0.2148326   0.2150006   0.2151425   0.2152908
   9.6080273   0.2237054   0.2229799   0.2213587   0.2201481   0.2193811   0.2189492   0.2187646   0.2187496   0.2188470   0.2190185
   9.8991797   0.2147273   0.2177110   0.2189895   0.2203972   0.2215320   0.2223412   0.2229366   0.2234134   0.2238227   0.2241885
  10.1903320   0.2368744   0.2344469   0.2324606   0.2313936   0.2309821   0.2309207   0.2310225   0.2311810   0.2313417   0.2314822
  10.4814843   0.2449602   0.2425389   0.2417864   0.2414552   0.2412106   0.2409181   0.2405658   0.2401921   0.2398322   0.2395041
  10.7726367   0.2446889   0.2474333   0.2480198   0.2480210   0.2476985   0.2472671   0.2468358   0.2464269   0.2460379   0.2456678
  11.0637890   0.2473241   0.2478330   0.2482492   0.2488246   0.2492259   0.2494694   0.2496025   0.2496551   0.2496495   0.2496006
  11.3549414   0.2543188   0.2547833   0.2535590   0.2529337   0.2526604   0.2525927   0.2526455   0.2527571   0.2528803   0.2529836
  11.6460937   0.2524296   0.2557923   0.2558008   0.2559739   0.2563160   0.2566027   0.2567650   0.2568249   0.2568214   0.2567856
  11.9372461   0.2617124   0.2642322   0.2640463   0.2632062   0.2623750   0.2617003   0.2611789   0.2607806   0.2604830   0.2602714
  12.2283984   0.2610332   0.2583245   0.2600172   0.2613903   0.2619856   0.2622450   0.2624099   0.2625618   0.2627251   0.2629068
  12.5195507   0.2514725   0.2594742   0.2615911   0.2626665   0.2634982   0.2642515   0.2649670   0.2656396   0.2662642   0.2668452
  12.8107031   0.2807788   0.2770502   0.2746693   0.2735546   0.2731728   0.2731323   0.2732635   0.2735158   0.2738616   0.2742698
  13.1018554   0.2881819   0.2864308   0.2845722   0.2838338   0.2837340   0.2838553   0.2840393   0.2842261   0.2843916   0.2845294
  13.3930078   0.2953785   0.2951839   0.2950328   0.2957566   0.2963061   0.2964892   0.2964163   0.2961890   0.2958691   0.2954956
  13.6841601   0.3217047   0.3164443   0.3126861   0.3105034   0.3088956   0.3075912   0.3064922   0.3055308   0.3046673   0.3038823
  13.9753125   0.3087056   0.3077324   0.3076777   0.3081241   0.3084882   0.3085955   0.3084957   0.3082743   0.3079964   0.3077035
  14.2664648   0.3042490   0.3082753   0.3079627   0.3076309   0.3076742   0.3079403   0.3083297   0.3087806   0.3092490   0.3097069
  14.5576171   0.3129857   0.3106228   0.3102060   0.3103690   0.3108362   0.3114801   0.3122029   0.3129559   0.3137195   0.3144859
  14.8487695   0.3159374   0.3184041   0.3202406   0.3213001   0.3219048   0.3223105   0.3226828   0.3231000   0.3235953   0.3241773
  15.1399218   0.3398570   0.3385160   0.3375756   0.3372167   0.3369572   0.3368503   0.3369506   0.3372348   0.3376503   0.3381473
  15.4310742   0.3568373   0.3515741   0.3504643   0.3510463   0.3521329   0.3532199   0.3541208   0.3547951   0.3552781   0.3556298
  15.7222265   0.3818430   0.3824173   0.3808501   0.3795705   0.3785324   0.3775145   0.3765911   0.3758441   0.3752730   0.3748254
  16.0133789   0.4057936   0.4011088   0.3970298   0.3948010   0.3937953   0.3933406   0.3930439   0.3927046   0.3922223   0.3915518
  16.3045312   0.3988934   0.4006607   0.4024812   0.4044294   0.4058031   0.4064282   0.4063185   0.4055625   0.4042828   0.4026062
  16.5956835   0.4277679   0.4279097   0.4269593   0.4239685   0.4198903   0.4155797   0.4114691   0.4076763   0.4041835   0.4009367
  16.8868359   0.3910008   0.3878373   0.3873588   0.3870353   0.3864574   0.3855935   0.3844202   0.3829893   0.3814016   0.3797541
  17.1779882   0.3347637   0.3374489   0.3387524   0.3399679   0.3413715   0.3428574   0.3443263   0.3457077   0.3469540   0.3480466
  17.4691406   0.3141177   0.3116354   0.3116330   0.3120759   0.3130045   0.3143314   0.3159917   0.3179306   0.3200765   0.3223445
  17.7602929   0.2979580   0.2993261   0.2995191   0.3004032   0.3017350   0.3033602   0.3051974   0.3071903   0.3092980   0.3114878
  18.0514453   0.3034017   0.3070630   0.3079773   0.3090687   0.3101638   0.3111614   0.3121088   0.3130562   0.3140304   0.3150482
  18.3425976   0.3403551   0.3354827   0.3324906   0.3305653   0.3292114   0.3281681   0.3273006   0.3265679   0.3259741   0.3255343
  18.6337499   0.3368125   0.3383156   0.3387187   0.3385328   0.3379733   0.3372354   0.3364374   0.3356590   0.3349466   0.3343145
  18.9249023   0.3290263   0.3324687   0.3355818   0.3370771   0.3378302   0.3383904   0.3388996   0.3393060   0.3395335   0.3395470
  19.2160546   0.3376059   0.3391975   0.3410318   0.3424800   0.3436292   0.3443354   0.3445734   0.3444338   0.3440286   0.3434471
  19.5072070   0.3748521   0.3692758   0.3635039   0.3583276   0.3541378   0.3508232   0.3481729   0.3460288   0.3442758   0.3428240
  19.7983593   0.3197649   0.3230475   0.3272713   0.3304105   0.3324706   0.3336600   0.3342656   0.3345126   0.3345432   0.3344459
  20.0895117   0.3163438   0.3183304   0.3185670   0.3188513   0.3195144   0.3205533   0.3217572   0.3229421   0.3240173   0.3249589
  20.3806640   0.3189255   0.3201866   0.3205653   0.3203620   0.3199114   0.3195318   0.3194002   0.3195707   0.3200130   0.3206602
  20.6718163   0.3110980   0.3129956   0.3146946   0.3160918   0.3173329   0.3184088   0.3193007   0.3200523   0.3207476   0.3214699
  20.9629687   0.3291100   0.3279007   0.3270294   0.3261618   0.3255491   0.3253138   0.3254439   0.3258941   0.3265986   0.3274821
  21.2541210   0.3260582   0.3287590   0.3308492   0.3323008   0.3335875   0.3349109   0.3362723   0.3376006   0.3388323   0.3399318
  21.5452734   0.3477859   0.3500462   0.3527708   0.3551423   0.3568315   0.3579182   0.3585234   0.3587521   0.3587042   0.3584677
  21.8364257   0.4105973   0.4027829   0.3976303   0.3929399   0.3887883   0.3851099   0.3818990   0.3791359   0.3767500   0.3746454
  22.1275781   0.3903520   0.3851484   0.3830342   0.3825365   0.3826596   0.3826891   0.3823107   0.3814605   0.3801986   0.3786273
  22.4187304   0.3709816   0.3718538   0.3729349   0.3741449   0.3747102   0.3746369   0.3741349   0.3733348   0.3723021   0.3710870
  22.7098827   0.3774490   0.3732551   0.3689957   0.3655407   0.3626437   0.3602425   0.3583161   0.3568134   0.3556803   0.3548625
  23.0010351   0.3296302   0.3237193   0.3232095   0.3249599   0.3269549   0.3287796   0.3304326   0.3319992   0.3335617   0.3351739
  23.2921874   0.3027675   0.3056609   0.3068989   0.3082354   0.3103116   0.3129687   0.3160480   0.3193898   0.3228542   0.3263471
  23.5833398   0.3241779   0.3225582   0.3232402   0.3245402   0.3265070   0.3288128   0.3312975   0.3339532   0.3367938   0.3397968
  23.8744921   0.3774253   0.3721833   0.3710205   0.3702924   0.3697419   0.3696722   0.3701232   0.3709646   0.3720516   0.3732860
  24.1656445   0.4012702   0.4054750   0.4098808   0.4135082   0.4158102   0.4169081   0.4171298   0.4167873   0.4161323   0.4153501
  24.4567968   0.4922345   0.4861007   0.4789238   0.4726430   0.4675007   0.4633617   0.4599635   0.4570914   0.4545919   0.4523473
  24.7479491   0.4639700   0.4727388   0.4754119   0.4772911   0.4785019   0.4790203   0.4789633   0.4784249   0.4774438   0.4760430
  25.0391015   0.4837092   0.4870094   0.4884858   0.4898957   0.4912001   0.4920246   0.4921226   0.4914420   0.4900612   0.4881207
  25.3302538   0.5302051   0.5272805   0.5219188   0.5153651   0.5088578   0.5028206   0.4974043   0.4926477   0.4885149   0.4849304
  25.6214062   0.4518233   0.4568333   0.4598215   0.4618360   0.4628510   0.4631135   0.4629269   0.4625478   0.4621646   0.4618863
  25.9125585   0.4103994   0.4087157   0.4097572   0.4124627   0.4160349   0.4202520   0.4248475   0.4295028   0.4339505   0.4380205
  26.2037109   0.4179867   0.4126846   0.4134453   0.4161419   0.4196809   0.4234753   0.4272105   0.4307691   0.4341058   0.4371889
  26.4948632   0.4676968   0.4726718   0.4719532   0.4690754   0.4658553   0.4627990   0.4600675   0.4577219   0.4557867   0.4542655
  26.7860155   0.4804450   0.4811157   0.4824168   0.4818600   0.4797347   0.4767780   0.4734968   0.4702053   0.4670948   0.4642768
  27.0771679   0.4521910   0.4561899   0.4568128   0.4569642   0.4573516   0.4579189   0.4584367   0.4587444   0.4587836   0.4585689
  27.3683202   0.4328712   0.4362319   0.4380005   0.4397472   0.4416389   0.4435700   0.4454330   0.4471668   0.4487348   0.4501226
  27.6594726   0.4406114   0.4471708   0.4478966   0.4475859   0.4472729   0.4470990   0.4471648   0.4475606   0.4483155   0.4493954
  27.9506249   0.4559124   0.4546412   0.4534691   0.4525599   0.4521665   0.4524315   0.4532330   0.4543967   0.4557941   0.4573423
  28.2417773   0.4494449   0.4488364   0.4539639   0.4595727   0.4640288   0.4674729   0.4702147   0.4724558   0.4743151   0.4758727
  28.5329296   0.5200898   0.5198231   0.5158003   0.5119250   0.5090545   0.5070351   0.5055799   0.5044693   0.5035616   0.5027681
  28.8240819   0.5385612   0.5388119   0.5384239   0.5373934   0.5359562   0.5341360   0.5319946   0.5296734   0.5273085   0.5249928
  29.1152343   0.5311881   0.5367573   0.5398028   0.5405224   0.5401100   0.5391340   0.5378650   0.5363995   0.5347730   0.5330138
  29.4063866   0.5334144   0.5328023   0.5319965   0.5314183   0.5310260   0.5307640   0.5305225   0.5301993   0.5297206   0.5290379
  29.6975390   0.5282295   0.5209882   0.5188777   0.5190028   0.5195019   0.5199077   0.5200906   0.5200127   0.5196814   0.5191323
  29.9886913   0.5167723   0.5153635   0.5138344   0.5125338   0.5112714   0.5098335   0.5083107   0.5068590   0.5055836   0.5045144
  30.2798436   0.4989694   0.4938797   0.4906269   0.4879203   0.4859517   0.4847481   0.4841879   0.4840535   0.4841323   0.4842720
  30.5709960   0.4300184   0.4345028   0.4400865   0.4462171   0.4518974   0.4564352   0.4597805   0.4621285   0.4637138   0.4647381
  30.8621483   0.5000698   0.4845535   0.4733966   0.4659140   0.4604197   0.4563787   0.4534972   0.4514794   0.4500431   0.4489673
  31.1533007   0.4295146   0.4306659   0.4302232   0.4312051   0.4321223   0.4322335   0.4315769   0.4304321   0.4290885   0.4277559
  31.4444530   0.4040888   0.4025675   0.4009185   0.4001263   0.3994405   0.3989359   0.3987056   0.3986807   0.3987537   0.3988601
  31.7356054   0.3662318   0.3611279   0.3605972   0.3614853   0.3629103   0.3644722   0.3660447   0.3676137   0.3691890   0.3707724
  32.0267577   0.3436518   0.3434837   0.3428590   0.3430513   0.3440121   0.3454074   0.3470443   0.3488492   0.3507964   0.3528682
  32.3179100   0.3419997   0.3408704   0.3416314   0.3422005   0.3425869   0.3431801   0.3441491   0.3454853   0.3471180   0.3489784
  32.6090624   0.3349683   0.3401203   0.3443883   0.3475651   0.3500448   0.3520673   0.3537715   0.3552856   0.3567460   0.3582709
  32.9002147   0.3855431   0.3837339   0.3817254   0.3794604   0.3776801   0.3765976   0.3762026   0.3764322   0.3771809   0.3783046
  33.1913671   0.3879049   0.3920505   0.3939093   0.3957713   0.3977822   0.3999461   0.4021475   0.4041833   0.4058661   0.4070894
  33.4825194   0.4326912   0.4326894   0.4357968   0.4395879   0.4428187   0.4447486   0.4452344   0.4444750   0.4427777   0.4404410
  33.7736718   0.5505889   0.5386512   0.5256554   0.5123484   0.4998558   0.4886454   0.4787928   0.4701868   0.4626672   0.4560763
  34.0648241   0.4310526   0.4279585   0.4330031   0.4379897   0.4406500   0.4412241   0.4404229   0.4388415   0.4368756   0.4347613
  34.3559764   0.3720587   0.3731983   0.3724812   0.3736261   0.3769281   0.3815894   0.3867291   0.3916782   0.3960588   0.3997300
  34.6471288   0.3686837   0.3665320   0.3668549   0.3686345   0.3707556   0.3729312   0.3752119   0.3777285   0.3805086   0.3834479
  34.9382811   0.3883878   0.3934758   0.3932813   0.3913468   0.3890990   0.3873311   0.3863050   0.3858816   0.3858380   0.3860253
  35.2294335   0.3800747   0.3808350   0.3843400   0.3886722   0.3924994   0.3946407   0.3950400   0.3942037   0.3926756   0.3908651
  35.5205858   0.4580720   0.4508186   0.4341022   0.4187759   0.4074511   0.3994934   0.3938500   0.3897013   0.3865128   0.3839649
  35.8117382   0.3054450   0.3140727   0.3292288   0.3425646   0.3513555   0.3566214   0.3597336   0.3616431   0.3629155   0.3638770
  36.1028905   0.3479690   0.3414900   0.3390713   0.3372671   0.3366546   0.3376450   0.3398337   0.3426843   0.3458423   0.3490998
  36.3940428   0.3378337   0.3398201   0.3410718   0.3416564   0.3425310   0.3439471   0.3460373   0.3487406   0.3518220   0.3549976
  36.6851952   0.3537743   0.3524927   0.3563011   0.3621350   0.3683682   0.3735828   0.3772205   0.3793452   0.3802771   0.3803816
  36.9763475   0.4863808   0.4795867   0.4676029   0.4546917   0.4427467   0.4322869   0.4232709   0.4154995   0.4087609   0.4028851
  37.2674999   0.3871031   0.3972311   0.4055125   0.4097087   0.4101327   0.4080471   0.4045986   0.4005910   0.3965410   0.3927643
  37.5586522   0.3316307   0.3373674   0.3385871   0.3400260   0.3425721   0.3461361   0.3501502   0.3541512   0.3579303   0.3614512
  37.8498046   0.3056948   0.3090488   0.3119311   0.3153660   0.3194856   0.3244126   0.3302157   0.3368048   0.3439146   0.3512156
  38.1409569   0.3408612   0.3434378   0.3466163   0.3513078   0.3569719   0.3632065   0.3695167   0.3756422   0.3815477   0.3872546
  38.4321092   0.4596964   0.4633818   0.4669251   0.4675058   0.4658083   0.4635103   0.4615785   0.4602190   0.4592625   0.4584774
  38.7232616   0.5452358   0.5531861   0.5531559   0.5514303   0.5497876   0.5472341   0.5432310   0.5378875   0.5315837   0.5247310
  39.0144139   0.6337611   0.6334208   0.6207417   0.6078989   0.5963441   0.5855918   0.5751972   0.5650285   0.5551155   0.5455371
  39.3055663   0.5177029   0.5194315   0.5244695   0.5269148   0.5259426   0.5229310   0.5191459   0.5152344   0.5113925   0.5076110
  39.5967186   0.3975189   0.3984233   0.4020913   0.4073685   0.4140924   0.4216494   0.4290552   0.4356181   0.4410692   0.4454028
  39.8878710   0.3712844   0.3782345   0.3829445   0.3859971   0.3884338   0.3908446   0.3935862   0.3967796   0.4003398   0.4040850
  40.1790233   0.4007044   0.3995465   0.3972355   0.3940642   0.3910686   0.3887074   0.3870929   0.3862476   0.3861824   0.3868695
  40.4701756   0.3687961   0.3655230   0.3672374   0.3698377   0.3720559   0.3737830   0.3751816   0.3763948   0.3775187   0.3786343
  40.7613280   0.3791174   0.3713049   0.3684343   0.3683254   0.3696849   0.3715587   0.3734607   0.3751936   0.3767070   0.3780145
  41.0524803   0.4026542   0.3981789   0.3943200   0.3915089   0.3893192   0.3875898   0.3863112   0.3854547   0.3849351   0.3846386
  41.3436327   0.3822766   0.3862926   0.3893828   0.3914269   0.3925300   0.3928965   0.3927266   0.3921523   0.3912676   0.3901532
  41.6347850   0.4006949   0.3988524   0.3981505   0.3970902   0.3959013   0.3946514   0.3932103   0.3915004   0.3895462   0.3874244
  41.9259374   0.3915862   0.3898024   0.3893172   0.3874243   0.3845114   0.3812548   0.3780987   0.3752410   0.3727181   0.3704914
  42.2170897   0.3326428   0.3330265   0.3340225   0.3351465   0.3364919   0.3378198   0.3389467   0.3398149   0.3404457   0.3408894
  42.5082420   0.3009222   0.2997129   0.2998115   0.3007050   0.3023516   0.3044345   0.3066902   0.3089579   0.3111415   0.3131870
  42.7993944   0.2881714   0.2908040   0.2922258   0.2928594   0.2931809   0.2935336   0.2941114   0.2949834   0.2961398   0.2975306
  43.0905467   0.2907145   0.2873703   0.2880274   0.2886224   0.2890249   0.2894219   0.2898906   0.2904578   0.2911475   0.2919827
  43.3816991   0.2865801   0.2882971   0.2887382   0.2891281   0.2896621   0.2902573   0.2908707   0.2915032   0.2921668   0.2928763
  43.6728514   0.3011113   0.2987313   0.2979070   0.2973213   0.2970942   0.2971656   0.2974130   0.2977752   0.2982249   0.2987466
  43.9640038   0.2970424   0.3018552   0.3050657   0.3062244   0.3067221   0.3070584   0.3073656   0.3076810   0.3080208   0.3083976
  44.2551561   0.3098232   0.3143719   0.3179268   0.3192945   0.3197485   0.3199488   0.3201014   0.3202775   0.3205042   0.3207824
  44.5463084   0.3310762   0.3338450   0.3348727   0.3347281   0.3344027   0.3343215   0.3344684   0.3347265   0.3349958   0.3352126
  44.8374608   0.3378058   0.3431729   0.3462525   0.3484376   0.3499544   0.3508675   0.3512681   0.3512675   0.3509690   0.3504588
  45.1286131   0.3831301   0.3819873   0.3785790   0.3750873   0.3720801   0.3694659   0.3671422   0.3650554   0.3631652   0.3614352
  45.4197655   0.3771728   0.3699911   0.3685334   0.3677731   0.3670887   0.3663157   0.3654052   0.3643862   0.3633003   0.3621757
  45.7109178   0.3431087   0.3459290   0.3490202   0.3511049   0.3525616   0.3536883   0.3545576   0.3551563   0.3554750   0.3555319
  46.0020702   0.3453844   0.3470028   0.3490180   0.3492919   0.3489613   0.3485574   0.3482246   0.3479850   0.3478246   0.3477164
  46.2932225   0.3462330   0.3421896   0.3423534   0.3418717   0.3411597   0.3405373   0.3400407   0.3396782   0.3394581   0.3393740
  46.5843748   0.3198763   0.3209530   0.3244523   0.3261666   0.3272191   0.3281539   0.3290472   0.3298730   0.3306172   0.3312866
  46.8755272   0.3086980   0.3154570   0.3201134   0.3223366   0.3235172   0.3243356   0.3250507   0.3257453   0.3264307   0.3270968
  47.1666795   0.3292808   0.3312313   0.3301849   0.3287957   0.3278729   0.3273611   0.3270842   0.3269517   0.3269248   0.3269822
  47.4578319   0.3276838   0.3287446   0.3285968   0.3284585   0.3284226   0.3283878   0.3282789   0.3281000   0.3278945   0.3277081
  47.7489842   0.3239375   0.3254890   0.3271866   0.3280639   0.3281991   0.3279941   0.3277609   0.3276173   0.3275664   0.3275780
  48.0401366   0.3251431   0.3264578   0.3249759   0.3245486   0.3248867   0.3255551   0.3262602   0.3268758   0.3273730   0.3277620
  48.3312889   0.3304498   0.3310216   0.3303964   0.3299838   0.3298647   0.3298436   0.3298358   0.3298283   0.3298285   0.3298451
  48.6224412   0.3356767   0.3348615   0.3352696   0.3353003   0.3347908   0.3340510   0.3333481   0.3327970   0.3324148   0.3321806
  48.9135936   0.3345395   0.3311450   0.3305483   0.3306006   0.3311310   0.3318309   0.3324928   0.3330422   0.3334773   0.3338193
  49.2047459   0.3318503   0.3354722   0.3355245   0.3353304   0.3354294   0.3357280   0.3361118   0.3365107   0.3368716   0.3371575
  49.4958983   0.3389829   0.3418400   0.3433310   0.3438583   0.3438576   0.3435937   0.3431954   0.3427236   0.3422166   0.3417017
  49.7870506   0.3527913   0.3497455   0.3494662   0.3491401   0.3482423   0.3471447   0.3460229   0.3449373   0.3439244   0.3430105
  50.0782030   0.3373961   0.3385063   0.3397883   0.3401075   0.3399730   0.3397327   0.3395200   0.3393683   0.3392728   0.3392191
  50.3693553   0.3217577   0.3248941   0.3266003   0.3276868   0.3290095   0.3304561   0.3318577   0.3331378   0.3342774   0.3352813
  50.6605076   0.3413253   0.3353296   0.3343522   0.3341941   0.3342630   0.3345482   0.3350023   0.3355805   0.3362433   0.3369583
  50.9516600   0.3331653   0.3409769   0.3434772   0.3439870   0.3439305   0.3436965   0.3434605   0.3433118   0.3432941   0.3434186
  51.2428123   0.3536489   0.3502546   0.3503332   0.3505366   0.3506171   0.3507247   0.3508963   0.3511145   0.3513474   0.3515594
  51.5339647   0.3558999   0.3578014   0.3577041   0.3581882   0.3589302   0.3596879   0.3603309   0.3607485   0.3608790   0.3607263
  51.8251170   0.3893014   0.3790819   0.3766063   0.3758962   0.3753352   0.3742891   0.3727547   0.3709468   0.3690840   0.3673195
  52.1162694   0.4035623   0.3970266   0.3886720   0.3817825   0.3763906   0.3721588   0.3689369   0.3665892   0.3649369   0.3637994
  52.4074217   0.3179446   0.3210741   0.3255453   0.3311856   0.3370044   0.3422984   0.3467524   0.3503472   0.3532075   0.3554955
  52.6985740   0.3387669   0.3458367   0.3497185   0.3510955   0.3517225   0.3525285   0.3537609   0.3553413   0.3571208   0.3589754
  52.9897264   0.3806887   0.3782095   0.3797761   0.3795310   0.3781580   0.3765917   0.3752960   0.3744775   0.3741733   0.3742980
  53.2808787   0.3778426   0.3837187   0.3855120   0.3865631   0.3879405   0.3895531   0.3910131   0.3920343   0.3924867   0.3923628
  53.5720311   0.4042195   0.4100164   0.4133607   0.4151118   0.4158525   0.4155981   0.4143426   0.4122244   0.4094271   0.4061275
  53.8631834   0.4535218   0.4547002   0.4511266   0.4432485   0.4342396   0.4254327   0.4171960   0.4096112   0.4026733   0.3963362
  54.1543358   0.3355460   0.3460161   0.3533360   0.3566994   0.3575384   0.3569927   0.3556607   0.3538545   0.3517544   0.3494767
  54.4454881   0.2600619   0.2580641   0.2606490   0.2642593   0.2684854   0.2730116   0.2773941   0.2813134   0.2846266   0.2873130
  54.7366404   0.2390845   0.2343500   0.2318468   0.2305888   0.2302894   0.2307478   0.2318983   0.2336654   0.2359002   0.2384154
  55.0277928   0.2032921   0.2016348   0.2009372   0.2011267   0.2017636   0.2025006   0.2032668   0.2041223   0.2051534   0.2064208
  55.3189451   0.1802909   0.1810469   0.1809927   0.1812673   0.1815740   0.1819292   0.1823736   0.1829136   0.1835473   0.1842813
  55.6100975   0.1610812   0.1643790   0.1651826   0.1656117   0.1658653   0.1661116   0.1664188   0.1667879   0.1671977   0.1676201
  55.9012498   0.1519041   0.1514328   0.1521691   0.1527808   0.1532390   0.1535896   0.1538251   0.1539155   0.1538379   0.1535892
  56.1924022   0.1450056   0.1462054   0.1455262   0.1446863   0.1438684   0.1428701   0.1416286   0.1401767   0.1385769   0.1368968
  56.4835545   0.1330247   0.1312675   0.1277916   0.1246481   0.1217725   0.1189945   0.1163000   0.1137490   0.1113992   0.1092827
  56.7747068   0.0709351   0.0691334   0.0689109   0.0690225   0.0690589   0.0690898   0.0691712   0.0693103   0.0694983   0.0697260
  57.0658592   0.0013516   0.0057961   0.0098484   0.0135239   0.0169446   0.0202289   0.0233952   0.0264084   0.0292363   0.0318641
  57.3570115   0.0000000   0.0000000   0.0000134   0.0002012   0.0008162   0.0019216   0.0034426   0.0052772   0.0073311   0.0095220
  57.6481639   0.0000000   0.0000000   0.0000000   0.0000001   0.0000043   0.0000413   0.0001755   0.0004769   0.0009906   0.0017313
  57.9393162   0.0000000   0.0000000   0.0000000   0.0000000   0.0000000   0.0000002   0.0000027   0.0000176   0.0000670   0.0001814
  58.2304686   0.0000000   0.0000000   0.0000000   0.0000000   0.0000000   0.0000000   0.0000000   0.0000003   0.0000022   0.0000106
  58.5216209   0.0000000   0.0000000   0.0000000   0.0000000   0.0000000   0.0000000   0.0000000   0.0000000   0.0000000   0.0000003
  58.8127732   0.0000000   0.0000000   0.0000000   0.0000000   0.0000000   0.0000000   0.0000000   0.0000000   0.0000000   0.0000000
  59.1039256   0.0000000   0.0000000   0.0000000   0.0000000   0.0000000   0.0000000   0.0000000   0.0000000   0.0000000   0.0000000
  59.3950779   0.0000000   0.0000000   0.0000000   0.0000000   0.0000000   0.0000000   0.0000000   0.0000000   0.0000000   0.0000000
  59.6862303   0.0000000   0.0000000   0.0000000   0.0000000   0.0000000   0.0000000   0.0000000   0.0000000   0.0000000   0.0000000
  59.9773826   0.0000000   0.0000000   0.0000000   0.0000000   0.0000000   0.0000000   0.0000000   0.0000000   0.0000000   0.0000000
  60.2685350   0.0000000   0.0000000   0.0000000   0.0000000   0.0000000   0.0000000   0.0000000   0.0000000   0.0000000   0.0000000
  60.5596873   0.0000000   0.0000000   0.0000000   0.0000000   0.0000000   0.0000000   0.0000000   0.0000000   0.0000000   0.0000000
  60.8508396   0.0000000   0.0000000   0.0000000   0.0000000   0.0000000   0.0000000   0.0000000   0.0000000   0.0000000   0.0000000
  61.1419920   0.0000000   0.0000000   0.0000000   0.0000000   0.0000000   0.0000000   0.0000000   0.0000000   0.0000000   0.0000000
  61.4331443   0.0000000   0.0000000   0.0000000   0.0000000   0.0000000   0.0000000   0.0000000   0.0000000   0.0000000   0.0000000
  61.7242967   0.0000000   0.0000000   0.0000000   0.0000000   0.0000000   0.0000000   0.0000000   0.0000000   0.0000000   0.0000000
  62.0154490   0.0000000   0.0000000   0.0000000   0.0000000   0.0000000   0.0000000   0.0000000   0.0000000   0.0000000   0.0000000
  62.3066014   0.0000000   0.0000000   0.0000000   0.0000000   0.0000000   0.0000000   0.0000000   0.0000000   0.0000000   0.0000000
  62.5977537   0.0000000   0.0000000   0.0000000   0.0000000   0.0000000   0.0000000   0.0000000   0.0000000   0.0000000   0.0000000
  62.8889060   0.0000000   0.0000000   0.0000000   0.0000000   0.0000000   0.0000000   0.0000000   0.0000000   0.0000000   0.0000000
  63.1800584   0.0000000   0.0000000   0.0000000   0.0000000   0.0000000   0.0000000   0.0000000   0.0000000   0.0000000   0.0000000
  63.4712107   0.0000000   0.0000000   0.0000000   0.0000000   0.0000000   0.0000000   0.0000000   0.0000000   0.0000000   0.0000000
  63.7623631   0.0000000   0.0000000   0.0000000   0.0000000   0.0000000   0.0000000   0.0000000   0.0000000   0.0000000   0.0000000
  64.0535154   0.0000000   0.0000000   0.0000000   0.0000000   0.0000000   0.0000000   0.0000000   0.0000000   0.0000000   0.0000000
  64.3446678   0.0000000   0.0000000   0.0000000   0.0000000   0.0000000   0.0000000   0.0000000   0.0000000   0.0000000   0.0000000
  64.6358201   0.0000000   0.0000000   0.0000000   0.0000000   0.0000000   0.0000000   0.0000000   0.0000000   0.0000000   0.0000000
  64.9269724   0.0000000   0.0000000   0.0000000   0.0000000   0.0000000   0.0000000   0.0000000   0.0000000   0.0000000   0.0000000
  65.2181248   0.0000000   0.0000000   0.0000000   0.0000000   0.0000000   0.0000000   0.0000000   0.0000000   0.0000000   0.0000000
  65.5092771   0.0000000   0.0000000   0.0000000   0.0000000   0.0000000   0.0000000   0.0000000   0.0000000   0.0000000   0.0000000
  65.8004295   0.0000000   0.0000000   0.0000000   0.0000000   0.0000000   0.0000000   0.0000000   0.0000000   0.0000000   0.0000000
  66.0915818   0.0000000   0.0000000   0.0000000   0.0000000   0.0000000   0.0000000   0.0000000   0.0000000   0.0000000   0.0000000
  66.3827342   0.0000000   0.0000000   0.0000000   0.0000000   0.0000000   0.0000000   0.0000000   0.0000000   0.0000000   0.0000000
  66.6738865   0.0000000   0.0000000   0.0000000   0.0000000   0.0000000   0.0000000   0.0000000   0.0000000   0.0000000   0.0000000
  66.9650388   0.0000000   0.0000000   0.0000000   0.0000000   0.0000000   0.0000000   0.0000000   0.0000000   0.0000000   0.0000000
  67.2561912   0.0000000   0.0000000   0.0000000   0.0000000   0.0000000   0.0000000   0.0000000   0.0000000   0.0000000   0.0000000
  67.5473435   0.0000000   0.0000000   0.0000000   0.0000000   0.0000000   0.0000000   0.0000000   0.0000000   0.0000000   0.0000000
  67.8384959   0.0000000   0.0000000   0.0000000   0.0000000   0.0000000   0.0000000   0.0000000   0.0000000   0.0000000   0.0000000
  68.1296482   0.0000000   0.0000000   0.0000000   0.0000000   0.0000000   0.0000000   0.0000000   0.0000000   0.0000000   0.0000000
  68.4208006   0.0000000   0.0000000   0.0000000   0.0000000   0.0000000   0.0000000   0.0000000   0.0000000   0.0000000   0.0000000
  68.7119529   0.0000000   0.0000000   0.0000000   0.0000000   0.0000000   0.0000000   0.0000000   0.0000000   0.0000000   0.0000001
  69.0031052   0.0000000   0.0000000   0.0000000   0.0000000   0.0000000   0.0000000   0.0000000   0.0000001   0.0000007   0.0000037
  69.2942576   0.0000000   0.0000000   0.0000000   0.0000000   0.0000000   0.0000001   0.0000009   0.0000061   0.0000233   0.0000632
  69.5854099   0.0000000   0.0000000   0.0000000   0.0000000   0.0000014   0.0000140   0.0000607   0.0001665   0.0003456   0.0005998
  69.8765623   0.0000000   0.0000000   0.0000038   0.0000659   0.0002801   0.0006716   0.0012074   0.0018392   0.0025252   0.0032366
  70.1677146   0.0002819   0.0019058   0.0034256   0.0047785   0.0059996   0.0070885   0.0080586   0.0089347   0.0097409   0.0104954
  70.4588670   0.0253322   0.0252286   0.0245523   0.0237279   0.0230442   0.0225843   0.0223240   0.0222193   0.0222329   0.0223379
  70.7500193   0.0353095   0.0352109   0.0359043   0.0362929   0.0363710   0.0362549   0.0360338   0.0357786   0.0355421   0.0353586
  71.0411716   0.0466707   0.0471373   0.0475217   0.0475452   0.0474907   0.0474675   0.0474860   0.0475345   0.0476033   0.0476878
  71.3323240   0.0575476   0.0575857   0.0580887   0.0583610   0.0586498   0.0590132   0.0594258   0.0598551   0.0602730   0.0606571
  71.6234763   0.0706533   0.0718597   0.0729883   0.0737266   0.0742854   0.0747484   0.0751229   0.0754114   0.0756222   0.0757671
  71.9146287   0.0894208   0.0952480   0.0957844   0.0952358   0.0945238   0.0938019   0.0931192   0.0924966   0.0919373   0.0914333
  72.2057810   0.1124439   0.1091804   0.1079350   0.1073520   0.1068601   0.1063678   0.1058558   0.1053156   0.1047468   0.1041563
  72.4969334   0.1149413   0.1135261   0.1129477   0.1132373   0.1136105   0.1138090   0.1138119   0.1136543   0.1133736   0.1130010
  72.7880857   0.1261078   0.1256926   0.1237219   0.1222388   0.1212347   0.1205360   0.1200248   0.1196265   0.1192950   0.1190005
  73.0792380   0.1220334   0.1203916   0.1210863   0.1219836   0.1225427   0.1228428   0.1230049   0.1231025   0.1231713   0.1232263
  73.3703904   0.1204794   0.1243587   0.1254007   0.1257278   0.1260197   0.1263533   0.1267160   0.1270806   0.1274251   0.1277391
  73.6615427   0.1353962   0.1345545   0.1341069   0.1336585   0.1334863   0.1334961   0.1335848   0.1337094   0.1338656   0.1340615
  73.9526951   0.1468172   0.1419134   0.1414370   0.1416999   0.1417844   0.1417032   0.1416109   0.1416047   0.1417198   0.1419613
  74.2438474   0.1494828   0.1503757   0.1489953   0.1484953   0.1486870   0.1491970   0.1498520   0.1505887   0.1513850   0.1522262
  74.5349998   0.1650683   0.1624938   0.1614632   0.1617424   0.1625116   0.1635317   0.1646845   0.1658709   0.1670205   0.1680932
  74.8261521   0.1865909   0.1846146   0.1860773   0.1877809   0.1889048   0.1895270   0.1898618   0.1900470   0.1901523   0.1902141
  75.1173044   0.2317800   0.2282502   0.2250547   0.2221670   0.2198491   0.2179641   0.2163575   0.2149407   0.2136833   0.2125811
  75.4084568   0.2320674   0.2317539   0.2317354   0.2319662   0.2319201   0.2315383   0.2309434   0.2302598   0.2295727   0.2289339
  75.6996091   0.2413233   0.2372637   0.2368584   0.2373104   0.2379350   0.2386566   0.2394401   0.2402354   0.2409994   0.2417034
  75.9907615   0.2502406   0.2504198   0.2511277   0.2517049   0.2525465   0.2536317   0.2548523   0.2561123   0.2573386   0.2584782
  76.2819138   0.2755791   0.2767742   0.2786623   0.2797557   0.2804660   0.2809471   0.2812690   0.2814871   0.2816394   0.2817415
  76.5730662   0.3149479   0.3168202   0.3158748   0.3143018   0.3125523   0.3108847   0.3093654   0.3079617   0.3066212   0.3053038
  76.8642185   0.3241401   0.3261617   0.3265412   0.3269422   0.3269922   0.3265022   0.3254891   0.3240597   0.3223326   0.3204108
  77.1553708   0.3448713   0.3408602   0.3376054   0.3347593   0.3323454   0.3302142   0.3282138   0.3262644   0.3243287   0.3223897
  77.4465232   0.3088698   0.3130690   0.3149161   0.3152576   0.3150769   0.3146331   0.3140460   0.3133807   0.3126513   0.3118430
  77.7376755   0.2842717   0.2861088   0.2886507   0.2903084   0.2916496   0.2928763   0.2939254   0.2947138   0.2952109   0.2954272
  78.0288279   0.2794283   0.2803913   0.2813501   0.2815186   0.2810979   0.2805189   0.2799633   0.2794760   0.2790548   0.2786830
  78.3199802   0.2660200   0.2655531   0.2654868   0.2649141   0.2639861   0.2629489   0.2619427   0.2610506   0.2603209   0.2597701
  78.6111326   0.2389563   0.2343881   0.2345694   0.2347843   0.2351924   0.2358018   0.2364948   0.2371915   0.2378586   0.2384915
  78.9022849   0.1996533   0.2067218   0.2104927   0.2124212   0.2140635   0.2156078   0.2170759   0.2184826   0.2198273   0.2211021
  79.1934372   0.2120412   0.2114480   0.2107614   0.2100297   0.2096156   0.2095529   0.2097605   0.2101695   0.2107251   0.2113818
  79.4845896   0.2081816   0.2062579   0.2060320   0.2062763   0.2064389   0.2064913   0.2064641   0.2063992   0.2063392   0.2063174
  79.7757419   0.1992596   0.2022979   0.2031232   0.2033768   0.2032271   0.2029049   0.2025415   0.2021796   0.2018319   0.2015071
  80.0668943   0.1979224   0.1965369   0.1964711   0.1962000   0.1959423   0.1957090   0.1954879   0.1952708   0.1950527   0.1948297
  80.3580466   0.1909838   0.1873988   0.1862474   0.1860253   0.1861635   0.1863749   0.1865490   0.1866580   0.1866977   0.1866630
  80.6491990   0.1836835   0.1803991   0.1792087   0.1788609   0.1786587   0.1785094   0.1783895   0.1782504   0.1780370   0.1777110
  80.9403513   0.1635440   0.1680637   0.1692627   0.1696717   0.1697792   0.1695272   0.1689265   0.1680503   0.1669808   0.1657849
  81.2315036   0.1648977   0.1630805   0.1608354   0.1582336   0.1556803   0.1533395   0.1512070   0.1492373   0.1473865   0.1456254
  81.5226560   0.1086828   0.1129788   0.1150311   0.1162958   0.1169064   0.1169975   0.1167052   0.1161536   0.1154499   0.1146772
  81.8138083   0.0785441   0.0767365   0.0764847   0.0763530   0.0763016   0.0764623   0.0768413   0.0773774   0.0780075   0.0786864
  82.1049607   0.0372487   0.0363965   0.0368397   0.0377934   0.0390358   0.0404457   0.0419855   0.0436422   0.0453918   0.0471985
  82.3961130   0.0161624   0.0160767   0.0162127   0.0170158   0.0183777   0.0200424   0.0218406   0.0236913   0.0255650   0.0274547
  82.6872654   0.0169540   0.0171777   0.0173786   0.0174621   0.0175101   0.0176222   0.0178993   0.0183853   0.0190750   0.0199417
  82.9784177   0.0205678   0.0192529   0.0188848   0.0187607   0.0187220   0.0187185   0.0187310   0.0187659   0.0188465   0.0189993
  83.2695700   0.0199379   0.0201197   0.0200729   0.0200221   0.0200150   0.0199908   0.0199334   0.0198503   0.0197556   0.0196666
  83.5607224   0.0226419   0.0219208   0.0214465   0.0211080   0.0208198   0.0205681   0.0203555   0.0201814   0.0200405   0.0199267
  83.8518747   0.0190356   0.0185528   0.0186733   0.0188701   0.0190579   0.0192208   0.0193553   0.0194623   0.0195456   0.0196092
  84.1430271   0.0177411   0.0183048   0.0186191   0.0187957   0.0189356   0.0190765   0.0192201   0.0193579   0.0194825   0.0195908
  84.4341794   0.0204195   0.0203817   0.0204948   0.0204962   0.0204275   0.0203403   0.0202619   0.0202041   0.0201690   0.0201542
  84.7253318   0.0217838   0.0212433   0.0211224   0.0210159   0.0209489   0.0209017   0.0208570   0.0208116   0.0207688   0.0207332
  85.0164841   0.0212344   0.0209575   0.0209599   0.0209640   0.0209876   0.0210193   0.0210547   0.0210908   0.0211233   0.0211490
  85.3076364   0.0216669   0.0212984   0.0212187   0.0213115   0.0214120   0.0214961   0.0215647   0.0216171   0.0216534   0.0216752
  85.5987888   0.0239886   0.0232012   0.0228974   0.0227648   0.0226740   0.0225834   0.0224899   0.0224016   0.0223247   0.0222608
  85.8899411   0.0228706   0.0235288   0.0233399   0.0230859   0.0228861   0.0227525   0.0226661   0.0226055   0.0225574   0.0225158
  86.1810935   0.0195543   0.0201008   0.0209392   0.0215871   0.0219850   0.0222215   0.0223642   0.0224502   0.0225015   0.0225318
  86.4722458   0.0242191   0.0240021   0.0235719   0.0232400   0.0229769   0.0227950   0.0226915   0.0226478   0.0226423   0.0226576
  86.7633982   0.0213881   0.0226396   0.0223837   0.0223442   0.0224821   0.0226457   0.0227716   0.0228547   0.0229085   0.0229467
  87.0545505   0.0230294   0.0242535   0.0239973   0.0237781   0.0236403   0.0235395   0.0234741   0.0234413   0.0234309   0.0234328
  87.3457028   0.0256704   0.0242473   0.0238584   0.0238319   0.0238887   0.0239397   0.0239679   0.0239776   0.0239766   0.0239712
  87.6368552   0.0260291   0.0251489   0.0248036   0.0246352   0.0245586   0.0245240   0.0245056   0.0244918   0.0244808   0.0244739
  87.9280075   0.0255275   0.0247423   0.0248612   0.0249914   0.0249999   0.0249612   0.0249304   0.0249241   0.0249396   0.0249686
  88.2191599   0.0233390   0.0240580   0.0244446   0.0247218   0.0249640   0.0251831   0.0253668   0.0255092   0.0256144   0.0256904
  88.5103122   0.0266887   0.0275704   0.0275445   0.0273630   0.0271848   0.0270439   0.0269386   0.0268600   0.0267995   0.0267504
  88.8014645   0.0284575   0.0279793   0.0280336   0.0281057   0.0280861   0.0280012   0.0278862   0.0277642   0.0276475   0.0275426
  89.0926169   0.0274518   0.0280218   0.0279037   0.0277903   0.0277574   0.0277599   0.0277671   0.0277691   0.0277660   0.0277605
  89.3837692   0.0272475   0.0277985   0.0276446   0.0275564   0.0275398   0.0275766   0.0276493   0.0277426   0.0278438   0.0279430
  89.6749216   0.0267706   0.0269093   0.0273243   0.0277216   0.0280128   0.0282228   0.0283848   0.0285145   0.0286192   0.0287046
  89.9660739   0.0330965   0.0314423   0.0308829   0.0306305   0.0304528   0.0303051   0.0301764   0.0300672   0.0299797   0.0299144
  90.2572263   0.0318584   0.0323080   0.0319660   0.0316261   0.0313747   0.0311968   0.0310676   0.0309712   0.0308990   0.0308456
  90.5483786   0.0280499   0.0286634   0.0296333   0.0302619   0.0306857   0.0309806   0.0311923   0.0313465   0.0314575   0.0315361
  90.8395309   0.0327687   0.0331121   0.0330262   0.0328121   0.0326525   0.0325658   0.0325295   0.0325257   0.0325423   0.0325700
  91.1306833   0.0348138   0.0343967   0.0343024   0.0341624   0.0340426   0.0339605   0.0339036   0.0338625   0.0338323   0.0338109
  91.4218356   0.0328881   0.0331546   0.0339186   0.0344213   0.0347173   0.0348769   0.0349530   0.0349799   0.0349785   0.0349624
  91.7129880   0.0384946   0.0377348   0.0373372   0.0368655   0.0365069   0.0362776   0.0361351   0.0360478   0.0359991   0.0359794
  92.0041403   0.0344155   0.0351998   0.0358718   0.0362229   0.0364188   0.0365584   0.0366767   0.0367900   0.0369058   0.0370249
  92.2952927   0.0339261   0.0356676   0.0368340   0.0373764   0.0376891   0.0379503   0.0382025   0.0384412   0.0386556   0.0388406
  92.5864450   0.0407202   0.0414040   0.0417140   0.0417909   0.0418017   0.0417916   0.0417638   0.0417249   0.0416842   0.0416480
  92.8775973   0.0456372   0.0471929   0.0466888   0.0461351   0.0456788   0.0452935   0.0449661   0.0446906   0.0444617   0.0442752
  93.1687497   0.0462617   0.0455471   0.0452618   0.0454283   0.0456467   0.0458042   0.0458949   0.0459402   0.0459601   0.0459682
  93.4599020   0.0464366   0.0476476   0.0472160   0.0469446   0.0468883   0.0469670   0.0471227   0.0473119   0.0475057   0.0476894
  93.7510544   0.0489146   0.0486169   0.0489328   0.0493350   0.0496533   0.0498824   0.0500515   0.0501952   0.0503369   0.0504865
  94.0422067   0.0541134   0.0549686   0.0551157   0.0547966   0.0544775   0.0542792   0.0541943   0.0541870   0.0542305   0.0543124
  94.3333591   0.0540999   0.0554379   0.0565807   0.0574004   0.0579230   0.0582403   0.0584397   0.0585877   0.0587319   0.0589123
  94.6245114   0.0678946   0.0660284   0.0648795   0.0642561   0.0639203   0.0638164   0.0638895   0.0641166   0.0645306   0.0652105
  94.9156637   0.0654861   0.0680929   0.0688359   0.0694133   0.0700376   0.0707391   0.0716921   0.0731611   0.0753385   0.0782554
  95.2068161   0.0804934   0.0815007   0.0820943   0.0829644   0.0848429   0.0884544   0.0937994   0.1003240   0.1073637   0.1143814
  95.4979684   0.1077878   0.1118560   0.1223275   0.1373643   0.1522433   0.1649723   0.1751669   0.1830068   0.1888443   0.1930537
  95.7891208   0.4482102   0.4103208   0.3824227   0.3619100   0.3453867   0.3313535   0.3191174   0.3082901   0.2986171   0.2899131
  96.0802731   0.4177258   0.4153035   0.4097705   0.4034303   0.3948512   0.3840646   0.3720712   0.3597990   0.3478419   0.3365128
  96.3714255   0.3030747   0.3021914   0.3052600   0.3090892   0.3128855   0.3160628   0.3180935   0.3186575   0.3177360   0.3155283
  96.6625778   0.2572248   0.2563077   0.2576602   0.2588485   0.2604419   0.2625603   0.2651692   0.2680705   0.2709521   0.2734982
  96.9537301   0.2362941   0.2353000   0.2343018   0.2342833   0.2351276   0.2364569   0.2380540   0.2398540   0.2418407   0.2439755
  97.2448825   0.2260862   0.2259645   0.2261721   0.2264803   0.2267230   0.2269019   0.2271035   0.2274216   0.2279206   0.2286365
  97.5360348   0.2190890   0.2210175   0.2214023   0.2208634   0.2201449   0.2195949   0.2192811   0.2191716   0.2192329   0.2194520
  97.8271872   0.2020439   0.2023866   0.2051564   0.2074020   0.2089947   0.2101347   0.2109813   0.2116480   0.2122194   0.2127579
  98.1183395   0.2136618   0.2123356   0.2104207   0.2090498   0.2082962   0.2080236   0.2081130   0.2084585   0.2089740   0.2095989
  98.4094919   0.2132642   0.2078006   0.2061061   0.2064078   0.2072173   0.2080556   0.2088184   0.2095249   0.2102243   0.2109610
  98.7006442   0.2200528   0.2158904   0.2149732   0.2149199   0.2150457   0.2152446   0.2155671   0.2160493   0.2166999   0.2175085
  98.9917965   0.2239095   0.2256197   0.2256860   0.2255671   0.2257271   0.2261876   0.2269333   0.2279070   0.2290141   0.2301463
  99.2829489   0.2399695   0.2383326   0.2395339   0.2413468   0.2434728   0.2455462   0.2472959   0.2485815   0.2493383   0.2495589
  99.5741012   0.2800155   0.2865484   0.2865346   0.2849075   0.2828516   0.2804481   0.2776076   0.2743424   0.2707571   0.2669814
  99.8652536   0.3012615   0.3040624   0.3031645   0.2990843   0.2927672   0.2856151   0.2784624   0.2716781   0.2653902   0.2596185
 100.1564059   0.2161355   0.2167488   0.2190274   0.2204211   0.2212110   0.2215221   0.2213526   0.2207415   0.2197724   0.2185380
 100.4475583   0.1450273   0.1445432   0.1453368   0.1470292   0.1500311   0.1538355   0.1578600   0.1617254   0.1652254   0.1682672
 100.7387106   0.1123304   0.1173678   0.1204438   0.1225562   0.1241901   0.1257010   0.1273935   0.1294086   0.1317310   0.1342635
 101.0298629   0.1206654   0.1195184   0.1178264   0.1164892   0.1156646   0.1153191   0.1153446   0.1156705   0.1162800   0.1171741
 101.3210153   0.1051926   0.1038578   0.1042956   0.1052064   0.1059781   0.1065027   0.1068486   0.1071138   0.1073758   0.1076925
 101.6121676   0.1062942   0.1026731   0.1017230   0.1010710   0.1006900   0.1005359   0.1005311   0.1006145   0.1007481   0.1009094
 101.9033200   0.0890265   0.0931087   0.0943082   0.0946827   0.0948609   0.0949970   0.0951212   0.0952237   0.0952809   0.0952668
 102.1944723   0.0900404   0.0878782   0.0890286   0.0899879   0.0904753   0.0906313   0.0905364   0.0902055   0.0896541   0.0889212
 102.4856247   0.0940287   0.0914833   0.0893727   0.0877170   0.0861301   0.0843758   0.0824785   0.0805535   0.0787014   0.0769818
 102.7767770   0.0778473   0.0719422   0.0671203   0.0635072   0.0609640   0.0591003   0.0576845   0.0565909   0.0557391   0.0550725
 103.0679293   0.0059896   0.0074213   0.0107153   0.0146937   0.0183437   0.0214621   0.0240973   0.0263301   0.0282330   0.0298680
 103.3590817   0.0064428   0.0070321   0.0069902   0.0069448   0.0071831   0.0078784   0.0090050   0.0104326   0.0120269   0.0136850
 103.6502340   0.0067023   0.0066666   0.0067544   0.0068378   0.0068782   0.0069073   0.0069868   0.0071895   0.0075642   0.0081224
 103.9413864   0.0068700   0.0068997   0.0069416   0.0069596   0.0069963   0.0070478   0.0070985   0.0071438   0.0071971   0.0072849
 104.2325387   0.0070590   0.0075847   0.0077449   0.0077676   0.0077245   0.0076594   0.0075906   0.0075278   0.0074753   0.0074363
 104.5236911   0.0065072   0.0074874   0.0077464   0.0077287   0.0076639   0.0076041   0.0075562   0.0075186   0.0074887   0.0074652
 104.8148434   0.0065009   0.0065324   0.0067217   0.0068825   0.0070145   0.0071263   0.0072172   0.0072880   0.0073410   0.0073790
 105.1059957   0.0080444   0.0076488   0.0075891   0.0075251   0.0074800   0.0074557   0.0074455   0.0074443   0.0074482   0.0074549
 105.3971481   0.0069222   0.0078466   0.0078663   0.0078294   0.0077837   0.0077320   0.0076817   0.0076384   0.0076049   0.0075822
 105.6883004   0.0083226   0.0076435   0.0074304   0.0074555   0.0074989   0.0075329   0.0075614   0.0075870   0.0076111   0.0076342
 105.9794528   0.0080702   0.0077023   0.0075461   0.0075201   0.0075462   0.0075973   0.0076588   0.0077213   0.0077793   0.0078303
 106.2706051   0.0075583   0.0079079   0.0081581   0.0082284   0.0082661   0.0082873   0.0082967   0.0083001   0.0083010   0.0083011
 106.5617575   0.0090680   0.0093947   0.0093618   0.0092399   0.0091276   0.0090336   0.0089530   0.0088832   0.0088225   0.0087697
 106.8529098   0.0087406   0.0090895   0.0090236   0.0090259   0.0090365   0.0090374   0.0090266   0.0090058   0.0089782   0.0089472
 107.1440621   0.0091344   0.0089531   0.0088304   0.0088565   0.0088783   0.0088888   0.0088963   0.0089038   0.0089119   0.0089202
 107.4352145   0.0090102   0.0087895   0.0088002   0.0088090   0.0088037   0.0088095   0.0088323   0.0088661   0.0089042   0.0089417
 107.7263668   0.0075603   0.0082865   0.0085740   0.0087663   0.0089135   0.0090162   0.0090845   0.0091299   0.0091609   0.0091828
 108.0175192   0.0105617   0.0109084   0.0104504   0.0101178   0.0099106   0.0097763   0.0096831   0.0096152   0.0095647   0.0095272
 108.3086715   0.0107708   0.0098101   0.0096621   0.0096965   0.0097375   0.0097508   0.0097448   0.0097307   0.0097154   0.0097020
 108.5998239   0.0106366   0.0096675   0.0094741   0.0094867   0.0095472   0.0096108   0.0096717   0.0097268   0.0097730   0.0098090
 108.8909762   0.0110172   0.0105925   0.0102588   0.0100998   0.0100544   0.0100534   0.0100614   0.0100686   0.0100756   0.0100841
 109.1821285   0.0099535   0.0105935   0.0107670   0.0107469   0.0106642   0.0105778   0.0105100   0.0104648   0.0104394   0.0104292
 109.4732809   0.0090874   0.0092292   0.0098357   0.0101976   0.0103998   0.0105287   0.0106216   0.0106918   0.0107445   0.0107835
 109.7644332   0.0114057   0.0114149   0.0114014   0.0113207   0.0112833   0.0112816   0.0112928   0.0113047   0.0113131   0.0113173
 110.0555856   0.0132221   0.0129079   0.0126348   0.0124337   0.0122840   0.0121645   0.0120632   0.0119776   0.0119074   0.0118514
 110.3467379   0.0117614   0.0116041   0.0118218   0.0119985   0.0120849   0.0121178   0.0121271   0.0121260   0.0121192   0.0121092
 110.6378903   0.0127508   0.0119911   0.0119400   0.0119886   0.0120426   0.0121016   0.0121611   0.0122142   0.0122574   0.0122902
 110.9290426   0.0121500   0.0127826   0.0127885   0.0127299   0.0126863   0.0126571   0.0126365   0.0126234   0.0126177   0.0126187
 111.2201949   0.0122639   0.0129090   0.0130867   0.0130923   0.0130676   0.0130400   0.0130166   0.0130001   0.0129907   0.0129877
 111.5113473   0.0125446   0.0129099   0.0130207   0.0130843   0.0131539   0.0132183   0.0132717   0.0133142   0.0133476   0.0133746
 111.8024996   0.0152383   0.0144575   0.0140684   0.0139396   0.0138933   0.0138741   0.0138698   0.0138763   0.0138888   0.0139035
 112.0936520   0.0159882   0.0149972   0.0146331   0.0145274   0.0145267   0.0145415   0.0145475   0.0145438   0.0145353   0.0145252
 112.3848043   0.0165930   0.0159004   0.0155234   0.0153796   0.0152877   0.0152195   0.0151724   0.0151384   0.0151096   0.0150822
 112.6759567   0.0153433   0.0149749   0.0150620   0.0152859   0.0154416   0.0155106   0.0155259   0.0155141   0.0154916   0.0154676
 112.9671090   0.0177058   0.0173239   0.0165890   0.0161604   0.0159221   0.0157914   0.0157265   0.0157022   0.0157032   0.0157199
 113.2582613   0.0156480   0.0152824   0.0151179   0.0152497   0.0154588   0.0156465   0.0158016   0.0159323   0.0160457   0.0161458
 113.5494137   0.0187949   0.0174229   0.0169466   0.0168528   0.0168608   0.0169034   0.0169612   0.0170230   0.0170826   0.0171376
 113.8405660   0.0190419   0.0190954   0.0190738   0.0189806   0.0188756   0.0187655   0.0186619   0.0185737   0.0185031   0.0184485
 114.1317184   0.0178079   0.0194130   0.0196750   0.0196722   0.0196656   0.0196588   0.0196380   0.0196009   0.0195521   0.0194976
 114.4228707   0.0215141   0.0203426   0.0203436   0.0203507   0.0203123   0.0202775   0.0202521   0.0202309   0.0202112   0.0201922
 114.7140231   0.0196061   0.0196682   0.0202303   0.0205391   0.0206474   0.0206755   0.0206887   0.0207088   0.0207370   0.0207684
 115.0051754   0.0200784   0.0209480   0.0209811   0.0210026   0.0210880   0.0212091   0.0213256   0.0214185   0.0214872   0.0215384
 115.2963277   0.0242927   0.0234450   0.0232429   0.0230925   0.0229469   0.0228127   0.0227035   0.0226276   0.0225836   0.0225647
 115.5874801   0.0234143   0.0232828   0.0233614   0.0233904   0.0234260   0.0234688   0.0235085   0.0235414   0.0235686   0.0235919
 115.8786324   0.0219698   0.0235654   0.0240937   0.0242691   0.0243839   0.0244890   0.0245830   0.0246587   0.0247143   0.0247532
 116.1697848   0.0266388   0.0263279   0.0264584   0.0265137   0.0264706   0.0263719   0.0262654   0.0261791   0.0261198   0.0260831
 116.4609371   0.0292053   0.0286955   0.0278925   0.0274505   0.0272814   0.0272492   0.0272625   0.0272789   0.0272862   0.0272853
 116.7520895   0.0278533   0.0275482   0.0277154   0.0280069   0.0282169   0.0283311   0.0283884   0.0284193   0.0284388   0.0284528
 117.0432418   0.0302752   0.0305325   0.0303443   0.0301181   0.0299411   0.0298143   0.0297365   0.0296975   0.0296856   0.0296920
 117.3343941   0.0326316   0.0309304   0.0304730   0.0304648   0.0305852   0.0307196   0.0308324   0.0309213   0.0309932   0.0310548
 117.6255465   0.0333600   0.0329396   0.0327582   0.0326637   0.0326250   0.0326237   0.0326461   0.0326826   0.0327268   0.0327751
 117.9166988   0.0347356   0.0340657   0.0345803   0.0348038   0.0348385   0.0348231   0.0348062   0.0347991   0.0348039   0.0348203
 118.2078512   0.0332801   0.0352122   0.0362450   0.0366580   0.0368116   0.0368852   0.0369330   0.0369711   0.0370064   0.0370434
 118.4990035   0.0363556   0.0388528   0.0394675   0.0394289   0.0393668   0.0393554   0.0393753   0.0394158   0.0394712   0.0395364
 118.7901559   0.0423717   0.0419756   0.0420280   0.0420318   0.0420481   0.0421191   0.0422160   0.0423145   0.0424040   0.0424822
 119.0813082   0.0403898   0.0435153   0.0449082   0.0455245   0.0457856   0.0458828   0.0459044   0.0458951   0.0458780   0.0458651
 119.3724605   0.0500291   0.0506558   0.0506608   0.0503277   0.0499445   0.0496558   0.0494610   0.0493357   0.0492649   0.0492404
 119.6636129   0.0486336   0.0494637   0.0505289   0.0511775   0.0515683   0.0518485   0.0520840   0.0523029   0.0525178   0.0527355
 119.9547652   0.0527855   0.0547538   0.0553644   0.0556210   0.0559123   0.0562411   0.0565874   0.0569431   0.0573072   0.0576819
 120.2459176   0.0674526   0.0659097   0.0647894   0.0642683   0.0640783   0.0640801   0.0642079   0.0644360   0.0647474   0.0651229
 120.5370699   0.0698244   0.0721540   0.0723598   0.0727409   0.0731826   0.0736184   0.0740529   0.0744812   0.0748907   0.0752726
 120.8282223   0.0865699   0.0867965   0.0864548   0.0867515   0.0871295   0.0874230   0.0876041   0.0876880   0.0877022   0.0876713
 121.1193746   0.1085588   0.1077118   0.1062519   0.1048674   0.1036248   0.1025550   0.1016600   0.1009080   0.1002579   0.0996764
 121.4105269   0.1064871   0.1069701   0.1079581   0.1088011   0.1093581   0.1095764   0.1094950   0.1091986   0.1087711   0.1082765
 121.7016793   0.1180352   0.1183555   0.1174728   0.1163262   0.1153795   0.1147173   0.1142801   0.1139778   0.1137414   0.1135301
 121.9928316   0.1115011   0.1122035   0.1134972   0.1148143   0.1157335   0.1163158   0.1167028   0.1169949   0.1172415   0.1174597
 122.2839840   0.1272078   0.1231452   0.1216738   0.1210545   0.1209462   0.1211472   0.1214931   0.1218796   0.1222578   0.1226121
 122.5751363   0.1313337   0.1296379   0.1296394   0.1297135   0.1297447   0.1297215   0.1296881   0.1296901   0.1297497   0.1298717
 122.8662887   0.1345269   0.1373055   0.1379584   0.1380791   0.1380514   0.1380213   0.1380209   0.1380575   0.1381540   0.1383490
 123.1574410   0.1449043   0.1444958   0.1453829   0.1459192   0.1461988   0.1464437   0.1467694   0.1472726   0.1480134   0.1489853
 123.4485933   0.1491774   0.1544114   0.1559275   0.1565888   0.1573059   0.1585572   0.1604207   0.1626484   0.1649324   0.1670529
 123.7397457   0.1731722   0.1734608   0.1758164   0.1810694   0.1867424   0.1911906   0.1941342   0.1958411   0.1966557   0.1968585
 124.0308980   0.3269958   0.3052738   0.2831664   0.2672666   0.2557091   0.2468931   0.2398820   0.2341300   0.2292928   0.2251411
 124.3220504   0.2290061   0.2285361   0.2328070   0.2375172   0.2398865   0.2398925   0.2383547   0.2359837   0.2332359   0.2303742
 124.6132027   0.2063617   0.2089505   0.2100747   0.2107947   0.2116813   0.2130191   0.2145685   0.2159463   0.2169140   0.2174017
 124.9043551   0.1994233   0.1984737   0.1997016   0.2004876   0.2010190   0.2015006   0.2020629   0.2027725   0.2036106   0.2044946
 125.1955074   0.1982126   0.1964092   0.1961955   0.1959817   0.1959361   0.1960086   0.1961427   0.1963291   0.1965874   0.1969387
 125.4866597   0.1918325   0.1931113   0.1927259   0.1923780   0.1921537   0.1920245   0.1919805   0.1920164   0.1921229   0.1922952
 125.7778121   0.1847494   0.1861224   0.1864340   0.1869298   0.1874799   0.1879498   0.1883242   0.1886380   0.1889265   0.1892132
 126.0689644   0.1939134   0.1898197   0.1886033   0.1878276   0.1873601   0.1872078   0.1872799   0.1874820   0.1877501   0.1880476
 126.3601168   0.1794947   0.1815847   0.1845085   0.1862804   0.1873037   0.1878954   0.1882554   0.1885007   0.1886945   0.1888690
 126.6512691   0.1876716   0.1930134   0.1933136   0.1926059   0.1919132   0.1914418   0.1911508   0.1909692   0.1908537   0.1907853
 126.9424215   0.1919991   0.1917209   0.1921136   0.1924502   0.1926607   0.1927227   0.1926890   0.1926251   0.1925696   0.1925300
 127.2335738   0.2026524   0.1957789   0.1938192   0.1933201   0.1932662   0.1934106   0.1936433   0.1938728   0.1940232   0.1940452
 127.5247261   0.1964058   0.1959882   0.1956011   0.1959058   0.1963340   0.1965762   0.1965207   0.1961542   0.1955207   0.1946819
 127.8158785   0.2114180   0.2058057   0.2041966   0.2025396   0.2003573   0.1979011   0.1954384   0.1931014   0.1909291   0.1889194
 128.1070308   0.1787369   0.1799010   0.1785459   0.1773296   0.1763262   0.1753714   0.1743872   0.1733608   0.1723075   0.1712483
 128.3981832   0.1387445   0.1386852   0.1390999   0.1401419   0.1415560   0.1430013   0.1442944   0.1453673   0.1462129   0.1468518
 128.6893355   0.1233979   0.1222565   0.1219970   0.1221348   0.1222759   0.1225150   0.1229627   0.1236260   0.1244452   0.1253450
 128.9804879   0.1084097   0.1066926   0.1062404   0.1063962   0.1068270   0.1073658   0.1079270   0.1084952   0.1090915   0.1097373
 129.2716402   0.0955157   0.0970377   0.0975691   0.0976587   0.0976772   0.0977324   0.0978618   0.0980665   0.0983344   0.0986563
 129.5627925   0.0859139   0.0882499   0.0889810   0.0893579   0.0895754   0.0896935   0.0897616   0.0898189   0.0898906   0.0899911
 129.8539449   0.0841714   0.0841690   0.0832392   0.0826404   0.0823320   0.0822014   0.0821596   0.0821585   0.0821798   0.0822208
 130.1450972   0.0722009   0.0736004   0.0738568   0.0741625   0.0744037   0.0745409   0.0746229   0.0746937   0.0747737   0.0748680
 130.4362496   0.0705984   0.0687779   0.0678412   0.0675258   0.0674791   0.0675595   0.0677029   0.0678717   0.0680452   0.0682139
 130.7274019   0.0647861   0.0622735   0.0617799   0.0618357   0.0619974   0.0621578   0.0622931   0.0624049   0.0625013   0.0625892
 131.0185543   0.0574269   0.0578738   0.0582912   0.0583088   0.0581614   0.0579730   0.0578028   0.0576691   0.0575702   0.0574965
 131.3097066   0.0521694   0.0515686   0.0520846   0.0522193   0.0522389   0.0522488   0.0522463   0.0522143   0.0521417   0.0520232
 131.6008589   0.0443228   0.0451457   0.0459227   0.0462775   0.0464089   0.0464177   0.0463249   0.0461291   0.0458383   0.0454727
 131.8920113   0.0423695   0.0415239   0.0410630   0.0406452   0.0400312   0.0392635   0.0384378   0.0376326   0.0368921   0.0362340
 132.1831636   0.0283745   0.0281572   0.0265694   0.0252441   0.0244236   0.0239360   0.0236422   0.0234685   0.0233771   0.0233475
 132.4743160   0.0000008   0.0003938   0.0017173   0.0033411   0.0049170   0.0063352   0.0075913   0.0087076   0.0097052   0.0106021
 132.7654683   0.0000000   0.0000000   0.0000004   0.0000202   0.0001415   0.0004426   0.0009280   0.0015546   0.0022715   0.0030364
 133.0566207   0.0000000   0.0000000   0.0000000   0.0000000   0.0000004   0.0000063   0.0000359   0.0001169   0.0002715   0.0005087
 133.3477730   0.0000000   0.0000000   0.0000000   0.0000000   0.0000000   0.0000000   0.0000004   0.0000034   0.0000156   0.0000476
 133.6389253   0.0000000   0.0000000   0.0000000   0.0000000   0.0000000   0.0000000   0.0000000   0.0000000   0.0000004   0.0000024
 133.9300777   0.0000000   0.0000000   0.0000000   0.0000000   0.0000000   0.0000000   0.0000000   0.0000000   0.0000000   0.0000001
 134.2212300   0.0000000   0.0000000   0.0000000   0.0000000   0.0000000   0.0000000   0.0000000   0.0000000   0.0000000   0.0000000
 134.5123824   0.0000000   0.0000000   0.0000000   0.0000000   0.0000000   0.0000000   0.0000000   0.0000000   0.0000000   0.0000000
 134.8035347   0.0000000   0.0000000   0.0000000   0.0000000   0.0000000   0.0000000   0.0000000   0.0000000   0.0000000   0.0000000
 135.0946871   0.0000000   0.0000000   0.0000000   0.0000000   0.0000000   0.0000000   0.0000000   0.0000000   0.0000000   0.0000000
 135.3858394   0.0000000   0.0000000   0.0000000   0.0000000   0.0000000   0.0000000   0.0000000   0.0000000   0.0000000   0.0000000
 135.6769917   0.0000000   0.0000000   0.0000000   0.0000000   0.0000000   0.0000000   0.0000000   0.0000000   0.0000000   0.0000000
 135.9681441   0.0000000   0.0000000   0.0000000   0.0000000   0.0000000   0.0000000   0.0000000   0.0000000   0.0000000   0.0000000
 136.2592964   0.0000000   0.0000000   0.0000000   0.0000000   0.0000000   0.0000000   0.0000000   0.0000000   0.0000000   0.0000000
 136.5504488   0.0000000   0.0000000   0.0000000   0.0000000   0.0000000   0.0000000   0.0000000   0.0000000   0.0000000   0.0000000
 136.8416011   0.0000000   0.0000000   0.0000000   0.0000000   0.0000000   0.0000000   0.0000000   0.0000000   0.0000000   0.0000000
 137.1327535   0.0000000   0.0000000   0.0000000   0.0000000   0.0000000   0.0000000   0.0000000   0.0000000   0.0000000   0.0000000
 137.4239058   0.0000000   0.0000000   0.0000000   0.0000000   0.0000000   0.0000000   0.0000000   0.0000000   0.0000000   0.0000000
 137.7150581   0.0000000   0.0000000   0.0000000   0.0000000   0.0000000   0.0000000   0.0000000   0.0000000   0.0000000   0.0000000
 138.0062105   0.0000000   0.0000000   0.0000000   0.0000000   0.0000000   0.0000000   0.0000000   0.0000000   0.0000000   0.0000000
 138.2973628   0.0000000   0.0000000   0.0000000   0.0000000   0.0000000   0.0000000   0.0000000   0.0000000   0.0000000   0.0000000
 138.5885152   0.0000000   0.0000000   0.0000000   0.0000000   0.0000000   0.0000000   0.0000000   0.0000000   0.0000000   0.0000000
 138.8796675   0.0000000   0.0000000   0.0000000   0.0000000   0.0000000   0.0000000   0.0000000   0.0000000   0.0000000   0.0000000
 139.1708199   0.0000000   0.0000000   0.0000000   0.0000000   0.0000000   0.0000000   0.0000000   0.0000000   0.0000000   0.0000000
 139.4619722   0.0000000   0.0000000   0.0000000   0.0000000   0.0000000   0.0000000   0.0000000   0.0000000   0.0000000   0.0000000
 139.7531245   0.0000000   0.0000000   0.0000000   0.0000000   0.0000000   0.0000000   0.0000000   0.0000000   0.0000000   0.0000000
 140.0442769   0.0000000   0.0000000   0.0000000   0.0000000   0.0000000   0.0000000   0.0000000   0.0000000   0.0000000   0.0000000
 140.3354292   0.0000000   0.0000000   0.0000000   0.0000000   0.0000000   0.0000000   0.0000000   0.0000000   0.0000000   0.0000000
 140.6265816   0.0000000   0.0000000   0.0000000   0.0000000   0.0000000   0.0000000   0.0000000   0.0000000   0.0000000   0.0000000
 140.9177339   0.0000000   0.0000000   0.0000000   0.0000000   0.0000000   0.0000000   0.0000000   0.0000000   0.0000000   0.0000000
 141.2088863   0.0000000   0.0000000   0.0000000   0.0000000   0.0000000   0.0000000   0.0000000   0.0000000   0.0000000   0.0000000
 141.5000386   0.0000000   0.0000000   0.0000000   0.0000000   0.0000000   0.0000000   0.0000000   0.0000000   0.0000000   0.0000000
 141.7911909   0.0000000   0.0000000   0.0000000   0.0000000   0.0000000   0.0000000   0.0000000   0.0000000   0.0000000   0.0000000
 142.0823433   0.0000000   0.0000000   0.0000000   0.0000000   0.0000000   0.0000000   0.0000000   0.0000000   0.0000000   0.0000000
 142.3734956   0.0000000   0.0000000   0.0000000   0.0000000   0.0000000   0.0000000   0.0000000   0.0000000   0.0000000   0.0000000
 142.6646480   0.0000000   0.0000000   0.0000000   0.0000000   0.0000000   0.0000000   0.0000000   0.0000000   0.0000000   0.0000000
 142.9558003   0.0000000   0.0000000   0.0000000   0.0000000   0.0000000   0.0000000   0.0000000   0.0000000   0.0000000   0.0000000
 143.2469527   0.0000000   0.0000000   0.0000000   0.0000000   0.0000000   0.0000000   0.0000000   0.0000000   0.0000000   0.0000000
 143.5381050   0.0000000   0.0000000   0.0000000   0.0000000   0.0000000   0.0000000   0.0000000   0.0000000   0.0000000   0.0000000
 143.8292573   0.0000000   0.0000000   0.0000000   0.0000000   0.0000000   0.0000000   0.0000000   0.0000000   0.0000000   0.0000000
 144.1204097   0.0000000   0.0000000   0.0000000   0.0000000   0.0000000   0.0000000   0.0000000   0.0000000   0.0000000   0.0000000
 144.4115620   0.0000000   0.0000000   0.0000000   0.0000000   0.0000000   0.0000000   0.0000000   0.0000000   0.0000000   0.0000000
 144.7027144   0.0000000   0.0000000   0.0000000   0.0000000   0.0000000   0.0000000   0.0000000   0.0000000   0.0000000   0.0000000
 144.9938667   0.0000000   0.0000000   0.0000000   0.0000000   0.0000000   0.0000000   0.0000000   0.0000000   0.0000000   0.0000000
 145.2850191   0.0000000   0.0000000   0.0000000   0.0000000   0.0000000   0.0000000   0.0000000   0.0000000   0.0000000   0.0000000
 145.5761714   0.0000000   0.0000000   0.0000000   0.0000000   0.0000000   0.0000000   0.0000000   0.0000000   0.0000000   0.0000000
