0 -6261.10937717
1 -6261.10938429
2 -6261.10940522
3 -6261.10944079
4 -6261.10949149
5 -6261.10955907
6 -6261.10964047
7 -6261.10973848
8 -6261.10984919
9 -6261.10997207
10 -6261.11010721
11 -6261.11025094
12 -6261.11040118
13 -6261.11055954
14 -6261.11071659
15 -6261.11087385
16 -6261.11103148
17 -6261.11117926
18 -6261.11131718
19 -6261.11144580
20 -6261.11155532
21 -6261.11164797
22 -6261.11171368
23 -6261.11175378
24 -6261.11176499
25 -6261.11174054
26 -6261.11167724
27 -6261.11157454
28 -6261.11142587
29 -6261.11122717
30 -6261.11097529
31 -6261.11066820
32 -6261.11029698
33 -6261.10986383
34 -6261.10936108
35 -6261.10878214
36 -6261.10812983
37 -6261.10739330
38 -6261.10657028
39 -6261.10565702
40 -6261.10464588
