   0.2922348   0.0000000   0.0000000   0.0000051   0.0000535   0.0001701   0.0003324   0.0005112   0.0006890   0.0008587   0.0010185
   0.5844695   0.0007945   0.0016056   0.0019775   0.0022011   0.0023431   0.0024470   0.0025354   0.0026186   0.0027016   0.0027869
   0.8767043   0.0057582   0.0057833   0.0057854   0.0056851   0.0055384   0.0053960   0.0052815   0.0052009   0.0051523   0.0051316
   1.1689390   0.0075242   0.0072866   0.0072211   0.0072220   0.0072802   0.0073510   0.0074096   0.0074511   0.0074803   0.0075037
   1.4611738   0.0104699   0.0099332   0.0097662   0.0097532   0.0097750   0.0098112   0.0098584   0.0099129   0.0099697   0.0100258
   1.7534086   0.0127330   0.0125990   0.0126917   0.0127237   0.0127552   0.0127794   0.0127993   0.0128235   0.0128561   0.0128970
   2.0456433   0.0159528   0.0161748   0.0161567   0.0160276   0.0159512   0.0159436   0.0159692   0.0160045   0.0160408   0.0160765
   2.3378781   0.0161355   0.0177003   0.0187745   0.0192156   0.0193808   0.0194386   0.0194599   0.0194703   0.0194778   0.0194867
   2.6301128   0.0226377   0.0227926   0.0230183   0.0231064   0.0231023   0.0230656   0.0230243   0.0229929   0.0229786   0.0229841
   2.9223476   0.0298471   0.0276397   0.0268875   0.0264945   0.0263249   0.0263001   0.0263483   0.0264319   0.0265356   0.0266515
   3.2145824   0.0260529   0.0279511   0.0289140   0.0295130   0.0299118   0.0302142   0.0304762   0.0307135   0.0309267   0.0311154
   3.5068171   0.0374222   0.0358236   0.0361189   0.0364010   0.0365419   0.0366023   0.0366251   0.0366318   0.0366355   0.0366461
   3.7990519   0.0476017   0.0458812   0.0448680   0.0440804   0.0435190   0.0431106   0.0428039   0.0425782   0.0424258   0.0423419
   4.0912866   0.0465515   0.0459942   0.0460716   0.0463614   0.0466712   0.0469514   0.0472026   0.0474410   0.0476804   0.0479294
   4.3835214   0.0500897   0.0511987   0.0519071   0.0523424   0.0527362   0.0531789   0.0536724   0.0541900   0.0547107   0.0552252
   4.6757562   0.0622566   0.0625715   0.0633250   0.0638433   0.0641813   0.0644483   0.0647182   0.0650278   0.0653871   0.0657923
   4.9679909   0.0792937   0.0796675   0.0791517   0.0786545   0.0784793   0.0784924   0.0786002   0.0787672   0.0789818   0.0792400
   5.2602257   0.0987049   0.0943936   0.0937027   0.0935939   0.0937087   0.0938936   0.0940812   0.0942636   0.0944480   0.0946420
   5.5524604   0.1086247   0.1100111   0.1108605   0.1110737   0.1111032   0.1111154   0.1111510   0.1112140   0.1112998   0.1114036
   5.8446952   0.1256243   0.1263034   0.1279171   0.1285754   0.1287541   0.1288073   0.1288410   0.1288733   0.1289043   0.1289314
   6.1369300   0.1416111   0.1446517   0.1460645   0.1465945   0.1467687   0.1468176   0.1468139   0.1467740   0.1466976   0.1465830
   6.4291647   0.1650901   0.1664237   0.1657526   0.1652393   0.1648950   0.1646305   0.1643487   0.1640168   0.1636426   0.1632439
   6.7213995   0.1780870   0.1804026   0.1810343   0.1807315   0.1801342   0.1794729   0.1788371   0.1782583   0.1777355   0.1772533
   7.0136342   0.1844678   0.1852218   0.1867543   0.1875126   0.1879517   0.1882364   0.1884112   0.1884805   0.1884424   0.1883007
   7.3058690   0.2020937   0.1992158   0.1982305   0.1981223   0.1982072   0.1982992   0.1983181   0.1982345   0.1980508   0.1977809
   7.5981038   0.2168756   0.2132416   0.2113313   0.2102240   0.2091761   0.2081540   0.2072178   0.2063910   0.2056660   0.2050214
   7.8903385   0.2064653   0.2077449   0.2084618   0.2088383   0.2090919   0.2091953   0.2091582   0.2090094   0.2087771   0.2084832
   8.1825733   0.2076689   0.2091493   0.2092809   0.2091424   0.2091708   0.2093362   0.2095315   0.2096804   0.2097481   0.2097294
   8.4748080   0.2113744   0.2110892   0.2114162   0.2116509   0.2116030   0.2113548   0.2110409   0.2107476   0.2105071   0.2103191
   8.7670428   0.2161594   0.2138604   0.2118788   0.2109265   0.2104563   0.2102122   0.2100846   0.2100168   0.2099797   0.2099606
   9.0592776   0.2087506   0.2074583   0.2066580   0.2069360   0.2075541   0.2081575   0.2086522   0.2090352   0.2093314   0.2095716
   9.3515123   0.2150682   0.2124592   0.2116167   0.2111606   0.2107970   0.2104920   0.2103008   0.2102520   0.2103381   0.2105344
   9.6437471   0.2102104   0.2114522   0.2112112   0.2110860   0.2112009   0.2114986   0.2118990   0.2123530   0.2128371   0.2133385
   9.9359818   0.2080336   0.2112082   0.2133129   0.2147177   0.2158232   0.2167658   0.2175859   0.2182975   0.2189111   0.2194395
  10.2282166   0.2301610   0.2307951   0.2309929   0.2307006   0.2301758   0.2296625   0.2292390   0.2289104   0.2286610   0.2284735
  10.5204514   0.2350273   0.2395838   0.2399201   0.2396902   0.2392810   0.2387905   0.2382477   0.2376839   0.2371342   0.2366252
  10.8126861   0.2418721   0.2419792   0.2424020   0.2424888   0.2424595   0.2423849   0.2422886   0.2421723   0.2420310   0.2418641
  11.1049209   0.2458264   0.2445255   0.2441579   0.2443289   0.2446299   0.2449560   0.2452545   0.2455093   0.2457193   0.2458854
  11.3971556   0.2456319   0.2499362   0.2507165   0.2505457   0.2503703   0.2503090   0.2503372   0.2504260   0.2505485   0.2506806
  11.6893904   0.2494620   0.2531134   0.2551163   0.2558132   0.2561013   0.2562563   0.2563326   0.2563500   0.2563247   0.2562722
  11.9816252   0.2599924   0.2621587   0.2630509   0.2632024   0.2629894   0.2626747   0.2623419   0.2620132   0.2617037   0.2614257
  12.2738599   0.2699876   0.2669628   0.2665002   0.2664221   0.2661344   0.2657858   0.2654925   0.2652801   0.2651371   0.2650465
  12.5660947   0.2625030   0.2644516   0.2642628   0.2647575   0.2655520   0.2663314   0.2669911   0.2675279   0.2679727   0.2683580
  12.8583294   0.2781708   0.2767531   0.2748760   0.2736438   0.2730411   0.2728369   0.2728949   0.2731353   0.2734921   0.2739100
  13.1505642   0.2735513   0.2773421   0.2786475   0.2794975   0.2802257   0.2808334   0.2813198   0.2817094   0.2820318   0.2823100
  13.4427990   0.2916401   0.2920502   0.2931900   0.2935134   0.2933917   0.2931624   0.2929355   0.2927195   0.2925088   0.2923063
  13.7350337   0.3041064   0.3039216   0.3043403   0.3043094   0.3039092   0.3033154   0.3026784   0.3020806   0.3015539   0.3011015
  14.0272685   0.3141313   0.3107625   0.3082721   0.3073235   0.3071295   0.3072018   0.3073299   0.3074243   0.3074547   0.3074199
  14.3195032   0.3194527   0.3140341   0.3115476   0.3114713   0.3119199   0.3123496   0.3126737   0.3128996   0.3130487   0.3131425
  14.6117380   0.3228046   0.3243288   0.3224829   0.3215495   0.3208653   0.3202490   0.3197594   0.3194314   0.3192595   0.3192229
  14.9039728   0.3252489   0.3243906   0.3234333   0.3232502   0.3235222   0.3239468   0.3243981   0.3248543   0.3253302   0.3258452
  15.1962075   0.3293356   0.3292199   0.3300416   0.3306129   0.3312881   0.3321139   0.3330495   0.3340512   0.3350922   0.3361555
  15.4884423   0.3430789   0.3449094   0.3469872   0.3483625   0.3492069   0.3498830   0.3506221   0.3514793   0.3524235   0.3534019
  15.7806770   0.3806247   0.3758375   0.3741311   0.3741474   0.3747536   0.3754383   0.3760176   0.3764487   0.3767335   0.3768764
  16.0729118   0.4216402   0.4166732   0.4121128   0.4093494   0.4075529   0.4061304   0.4048025   0.4034294   0.4019349   0.4002900
  16.3651466   0.4230420   0.4265284   0.4267612   0.4264697   0.4255350   0.4237756   0.4213439   0.4184611   0.4153197   0.4120649
  16.6573813   0.4418032   0.4313186   0.4264184   0.4225133   0.4186763   0.4150236   0.4116277   0.4084673   0.4054991   0.4026860
  16.9496161   0.3654988   0.3666159   0.3686097   0.3707058   0.3724563   0.3737981   0.3747792   0.3754465   0.3758425   0.3760111
  17.2418508   0.3325643   0.3345703   0.3356273   0.3369446   0.3387889   0.3408701   0.3430063   0.3451227   0.3471810   0.3491482
  17.5340856   0.3371233   0.3344429   0.3320113   0.3301673   0.3291846   0.3290760   0.3296976   0.3308666   0.3324075   0.3341699
  17.8263204   0.3104117   0.3109580   0.3158208   0.3203175   0.3236817   0.3261181   0.3278982   0.3292471   0.3303427   0.3313178
  18.1185551   0.3479456   0.3472650   0.3457559   0.3430467   0.3404964   0.3384790   0.3369790   0.3358855   0.3350967   0.3345454
  18.4107899   0.3382411   0.3380676   0.3384748   0.3384794   0.3383400   0.3379817   0.3374229   0.3367747   0.3361425   0.3355843
  18.7030246   0.3273028   0.3295562   0.3295337   0.3299588   0.3305713   0.3312956   0.3320584   0.3327545   0.3332966   0.3336465
  18.9952594   0.3264602   0.3292521   0.3298929   0.3306532   0.3314827   0.3321321   0.3325341   0.3327241   0.3327583   0.3326827
  19.2874942   0.3500697   0.3463194   0.3433207   0.3405167   0.3380427   0.3359334   0.3341736   0.3327356   0.3315877   0.3306927
  19.5797289   0.3178598   0.3194242   0.3210782   0.3224069   0.3232734   0.3237487   0.3240113   0.3241766   0.3242893   0.3243592
  19.8719637   0.3144576   0.3115016   0.3101490   0.3106443   0.3119641   0.3135655   0.3151166   0.3164310   0.3174495   0.3181921
  20.1641984   0.3240746   0.3228052   0.3210104   0.3200581   0.3190998   0.3180339   0.3170252   0.3162068   0.3156310   0.3152935
  20.4564332   0.3236876   0.3192653   0.3170196   0.3153978   0.3141035   0.3130844   0.3123344   0.3118527   0.3116310   0.3116549
  20.7486680   0.2881697   0.2920093   0.2947209   0.2969936   0.2994111   0.3018396   0.3041088   0.3061616   0.3080179   0.3097243
  21.0409027   0.3021464   0.3069203   0.3094153   0.3105547   0.3112969   0.3121511   0.3133062   0.3147517   0.3163858   0.3180926
  21.3331375   0.3324145   0.3329637   0.3333241   0.3339273   0.3345544   0.3352299   0.3358743   0.3364409   0.3369355   0.3373857
  21.6253722   0.3571098   0.3653067   0.3664941   0.3661940   0.3654419   0.3644038   0.3631884   0.3619061   0.3606421   0.3594487
  21.9176070   0.3940798   0.3900664   0.3878483   0.3854736   0.3831579   0.3810475   0.3791742   0.3774960   0.3759409   0.3744457
  22.2098418   0.3749608   0.3737113   0.3749676   0.3769172   0.3787594   0.3801439   0.3809012   0.3810409   0.3806740   0.3799388
  22.5020765   0.3873283   0.3898859   0.3897657   0.3880999   0.3860152   0.3840117   0.3823126   0.3809444   0.3798586   0.3790024
  22.7943113   0.3778880   0.3728659   0.3719947   0.3722642   0.3724703   0.3725233   0.3725633   0.3727432   0.3731648   0.3738633
  23.0865460   0.3638744   0.3582368   0.3564899   0.3570130   0.3589280   0.3616706   0.3648687   0.3682613   0.3716829   0.3750456
  23.3787808   0.3738913   0.3707171   0.3729651   0.3764015   0.3801089   0.3837342   0.3872341   0.3906533   0.3940180   0.3973102
  23.6710156   0.4493253   0.4475989   0.4450171   0.4428768   0.4410802   0.4399126   0.4394110   0.4393998   0.4396700   0.4400662
  23.9632503   0.4756299   0.4865469   0.4899556   0.4923173   0.4936428   0.4936841   0.4925744   0.4906465   0.4882407   0.4856223
  24.2554851   0.5658696   0.5600557   0.5530167   0.5452705   0.5382682   0.5322505   0.5270244   0.5223468   0.5180389   0.5139917
  24.5477198   0.5114068   0.5103863   0.5150819   0.5190468   0.5212759   0.5219978   0.5216944   0.5207389   0.5193296   0.5175544
  24.8399546   0.5064148   0.5073446   0.5052129   0.5039922   0.5042569   0.5053536   0.5065583   0.5074048   0.5076987   0.5074246
  25.1321894   0.5100582   0.5055119   0.5047449   0.5038105   0.5021419   0.4999553   0.4976282   0.4954644   0.4936071   0.4920700
  25.4244241   0.4729350   0.4773050   0.4771961   0.4754409   0.4734002   0.4716610   0.4703572   0.4694549   0.4688970   0.4686335
  25.7166589   0.4054113   0.4121281   0.4181982   0.4232828   0.4279759   0.4322872   0.4361602   0.4395858   0.4425793   0.4451676
  26.0088936   0.4327186   0.4294971   0.4282118   0.4277928   0.4281983   0.4293104   0.4308467   0.4325579   0.4342770   0.4359063
  26.3011284   0.4495732   0.4460618   0.4463027   0.4459012   0.4445701   0.4427451   0.4408072   0.4389999   0.4374581   0.4362353
  26.5933632   0.4405825   0.4413601   0.4412349   0.4402512   0.4387801   0.4371133   0.4354220   0.4337831   0.4322465   0.4308633
  26.8855979   0.4187731   0.4140778   0.4127722   0.4129050   0.4137858   0.4148633   0.4158462   0.4166668   0.4173475   0.4179239
  27.1778327   0.4026371   0.4006792   0.4001718   0.4002657   0.4007281   0.4016647   0.4030389   0.4046892   0.4064478   0.4081955
  27.4700674   0.3888888   0.3898552   0.3943571   0.3984145   0.4014479   0.4036176   0.4052605   0.4066454   0.4079409   0.4092425
  27.7623022   0.4357482   0.4355631   0.4301795   0.4253095   0.4221074   0.4201991   0.4191434   0.4186825   0.4186846   0.4190736
  28.0545370   0.4213577   0.4225718   0.4244270   0.4263359   0.4279549   0.4292533   0.4303604   0.4314269   0.4325314   0.4336885
  28.3467717   0.4307569   0.4387253   0.4420944   0.4444850   0.4465980   0.4487661   0.4509317   0.4529278   0.4546440   0.4560486
  28.6390065   0.4800651   0.4870030   0.4896142   0.4903835   0.4901027   0.4893594   0.4884294   0.4874386   0.4864463   0.4854731
  28.9312412   0.5312661   0.5313208   0.5295317   0.5267178   0.5235279   0.5203009   0.5171604   0.5141694   0.5113593   0.5087355
  29.2234760   0.5224624   0.5215026   0.5213749   0.5211788   0.5210326   0.5207210   0.5200971   0.5191203   0.5178120   0.5162245
  29.5157108   0.5175153   0.5115614   0.5120171   0.5126968   0.5132468   0.5135421   0.5135523   0.5132832   0.5127440   0.5119524
  29.8079455   0.5148024   0.5127902   0.5109392   0.5087947   0.5069003   0.5052946   0.5039358   0.5027904   0.5018301   0.5010145
  30.1001803   0.4877175   0.4823122   0.4828403   0.4837094   0.4842592   0.4845707   0.4848062   0.4850401   0.4852594   0.4854186
  30.3924150   0.4632045   0.4612125   0.4614623   0.4625446   0.4642151   0.4660956   0.4677528   0.4689834   0.4697670   0.4701624
  30.6846498   0.4531047   0.4627615   0.4672462   0.4668908   0.4648346   0.4624828   0.4602962   0.4583815   0.4567345   0.4553158
  30.9768846   0.4305324   0.4314936   0.4373374   0.4397070   0.4395326   0.4383090   0.4367864   0.4352593   0.4338336   0.4325465
  31.2691193   0.4015818   0.3973750   0.3961305   0.3961484   0.3971990   0.3986540   0.4000269   0.4011214   0.4019197   0.4024776
  31.5613541   0.3834022   0.3781300   0.3745795   0.3724273   0.3716544   0.3716416   0.3720602   0.3727893   0.3737487   0.3748659
  31.8535888   0.3417165   0.3450710   0.3469085   0.3481846   0.3492855   0.3502443   0.3512171   0.3523319   0.3536481   0.3551797
  32.1458236   0.3380860   0.3357151   0.3353039   0.3360543   0.3372658   0.3388090   0.3405941   0.3425426   0.3446148   0.3467994
  32.4380584   0.3455744   0.3418455   0.3421386   0.3432483   0.3444565   0.3458306   0.3474189   0.3492120   0.3511873   0.3533253
  32.7302931   0.3591731   0.3638433   0.3661337   0.3674398   0.3684667   0.3694346   0.3704728   0.3716737   0.3730818   0.3746823
  33.0225279   0.4018581   0.4050164   0.4045598   0.4037591   0.4034742   0.4037781   0.4045404   0.4055353   0.4065200   0.4073109
  33.3147626   0.4332824   0.4385211   0.4403837   0.4428847   0.4454632   0.4472122   0.4477273   0.4470440   0.4453940   0.4430494
  33.6069974   0.5270099   0.5241964   0.5170832   0.5085386   0.4994030   0.4904164   0.4819569   0.4741497   0.4670039   0.4604839
  33.8992322   0.4507611   0.4538545   0.4561065   0.4566173   0.4552099   0.4526152   0.4494731   0.4461621   0.4428788   0.4397142
  34.1914669   0.3615983   0.3650542   0.3677187   0.3716385   0.3767922   0.3824012   0.3877654   0.3924805   0.3963975   0.3995211
  34.4837017   0.3674060   0.3616033   0.3601945   0.3604540   0.3614730   0.3631689   0.3654821   0.3682795   0.3713803   0.3746023
  34.7759364   0.3661601   0.3674915   0.3688452   0.3695383   0.3695270   0.3691651   0.3688434   0.3688581   0.3693495   0.3703134
  35.0681712   0.3717897   0.3748505   0.3747618   0.3734168   0.3726729   0.3727949   0.3734050   0.3740837   0.3745972   0.3748949
  35.3604060   0.3548899   0.3634169   0.3717214   0.3779434   0.3818624   0.3836062   0.3837842   0.3830156   0.3817495   0.3802765
  35.6526407   0.4610165   0.4387275   0.4211712   0.4081356   0.3983023   0.3909370   0.3854479   0.3813464   0.3782667   0.3759619
  35.9448755   0.3307750   0.3305420   0.3335363   0.3397245   0.3459318   0.3508204   0.3543659   0.3569833   0.3590966   0.3609816
  36.2371103   0.3417631   0.3403638   0.3385664   0.3380426   0.3386752   0.3407589   0.3442285   0.3485589   0.3531280   0.3574655
  36.5293450   0.3502212   0.3498814   0.3535232   0.3590464   0.3649881   0.3700527   0.3737546   0.3762106   0.3777312   0.3785984
  36.8215798   0.4644653   0.4676545   0.4603875   0.4498880   0.4395172   0.4301376   0.4218139   0.4144407   0.4079203   0.4021938
  37.1138145   0.3989359   0.4074521   0.4147782   0.4173135   0.4158722   0.4122055   0.4075833   0.4027589   0.3981487   0.3939759
  37.4060493   0.3301402   0.3327617   0.3350036   0.3379599   0.3418568   0.3464019   0.3510178   0.3553078   0.3591438   0.3625653
  37.6982841   0.3169841   0.3148457   0.3156215   0.3176716   0.3210202   0.3255147   0.3309807   0.3372439   0.3440524   0.3511020
  37.9905188   0.3394162   0.3440633   0.3488932   0.3531083   0.3574720   0.3623633   0.3677594   0.3734442   0.3792332   0.3850023
  38.2827536   0.4398458   0.4428654   0.4459359   0.4498580   0.4527514   0.4542576   0.4549249   0.4552297   0.4553622   0.4553513
  38.5749883   0.6434156   0.6064575   0.5827547   0.5673679   0.5575213   0.5504080   0.5441299   0.5378320   0.5312915   0.5245642
  38.8672231   0.5728437   0.5859537   0.5932153   0.5947131   0.5917863   0.5856724   0.5776375   0.5686327   0.5592760   0.5499452
  39.1594579   0.5437232   0.5447991   0.5483660   0.5464337   0.5413634   0.5356661   0.5303656   0.5255557   0.5210489   0.5166604
  39.4516926   0.4188526   0.4145626   0.4162137   0.4215057   0.4284298   0.4356175   0.4421007   0.4474900   0.4517635   0.4550252
  39.7439274   0.3934585   0.3934887   0.3923823   0.3924840   0.3936294   0.3955244   0.3981074   0.4012538   0.4047394   0.4083344
  40.0361621   0.3951647   0.3912503   0.3880632   0.3861448   0.3847644   0.3836930   0.3830119   0.3828584   0.3833344   0.3844630
  40.3283969   0.3699645   0.3658153   0.3644026   0.3650515   0.3659989   0.3669818   0.3680418   0.3692186   0.3705330   0.3720049
  40.6206317   0.3491542   0.3529989   0.3544893   0.3563048   0.3586099   0.3611549   0.3637106   0.3661208   0.3683168   0.3702946
  40.9128664   0.3783938   0.3788462   0.3801804   0.3805516   0.3804891   0.3802589   0.3800307   0.3799184   0.3799435   0.3800609
  41.2051012   0.4024221   0.4043318   0.4040417   0.4016784   0.3993173   0.3973969   0.3957361   0.3941344   0.3924914   0.3907845
  41.4973359   0.3778905   0.3865815   0.3939166   0.3976918   0.3990299   0.3987642   0.3974147   0.3953529   0.3928582   0.3901404
  41.7895707   0.4020013   0.4008702   0.3971526   0.3922490   0.3873841   0.3830879   0.3794485   0.3763750   0.3737343   0.3714086
  42.0818055   0.3310790   0.3282436   0.3280550   0.3296484   0.3319144   0.3340982   0.3358952   0.3372933   0.3383749   0.3392200
  42.3740402   0.2957190   0.2949052   0.2954050   0.2968090   0.2987585   0.3010726   0.3036168   0.3062403   0.3088093   0.3112358
  42.6662750   0.2886544   0.2923302   0.2928412   0.2932420   0.2935360   0.2938715   0.2944168   0.2952420   0.2963403   0.2976642
  42.9585097   0.2951887   0.2949091   0.2936151   0.2931624   0.2930891   0.2931354   0.2932010   0.2932951   0.2934741   0.2937970
  43.2507445   0.2941397   0.2946856   0.2944715   0.2938860   0.2933847   0.2930672   0.2929139   0.2929035   0.2930275   0.2932859
  43.5429793   0.2785209   0.2849661   0.2883283   0.2901626   0.2912779   0.2921111   0.2928894   0.2936931   0.2945324   0.2953967
  43.8352140   0.2976516   0.2967852   0.2963369   0.2968631   0.2977622   0.2988577   0.3000085   0.3011307   0.3021956   0.3032029
  44.1274488   0.3184730   0.3192039   0.3184287   0.3177262   0.3172735   0.3169886   0.3168435   0.3168358   0.3169578   0.3171912
  44.4196835   0.3347778   0.3341890   0.3346341   0.3346651   0.3345122   0.3342532   0.3339651   0.3337007   0.3334776   0.3332900
  44.7119183   0.3526442   0.3487283   0.3482303   0.3482463   0.3484326   0.3486801   0.3488623   0.3488826   0.3486994   0.3483152
  45.0041531   0.3658937   0.3645689   0.3650516   0.3653101   0.3650798   0.3644209   0.3634560   0.3622956   0.3610118   0.3596466
  45.2963878   0.3808821   0.3796591   0.3772771   0.3745148   0.3719343   0.3695973   0.3674529   0.3654511   0.3635611   0.3617657
  45.5886226   0.3486218   0.3508025   0.3520393   0.3532609   0.3539829   0.3542800   0.3542334   0.3539283   0.3534468   0.3528532
  45.8808573   0.3295363   0.3337526   0.3359360   0.3365945   0.3368765   0.3372283   0.3377454   0.3383710   0.3390203   0.3396314
  46.1730921   0.3187732   0.3213155   0.3226397   0.3237386   0.3248595   0.3259389   0.3269508   0.3279256   0.3288953   0.3298691
  46.4653269   0.3292291   0.3281808   0.3263835   0.3250745   0.3244741   0.3243931   0.3246415   0.3250998   0.3256916   0.3263663
  46.7575616   0.3199868   0.3220217   0.3236512   0.3248821   0.3257809   0.3263963   0.3268114   0.3271098   0.3273504   0.3275683
  47.0497964   0.3310876   0.3330836   0.3334285   0.3330320   0.3324060   0.3318380   0.3313599   0.3309343   0.3305372   0.3301666
  47.3420311   0.3290378   0.3312207   0.3329758   0.3335321   0.3333481   0.3328679   0.3322786   0.3316770   0.3311141   0.3306090
  47.6342659   0.3179578   0.3252412   0.3274952   0.3278588   0.3278156   0.3278458   0.3279552   0.3280727   0.3281579   0.3282014
  47.9265007   0.3096009   0.3164589   0.3203405   0.3223036   0.3233876   0.3240936   0.3246279   0.3250758   0.3254715   0.3258253
  48.2187354   0.3319114   0.3278867   0.3266128   0.3259054   0.3253997   0.3251285   0.3250529   0.3251140   0.3252613   0.3254594
  48.5109702   0.3230435   0.3259949   0.3257232   0.3255649   0.3258218   0.3261194   0.3263182   0.3264292   0.3265012   0.3265756
  48.8032049   0.3384080   0.3330459   0.3307254   0.3296553   0.3290288   0.3286108   0.3283636   0.3282643   0.3282735   0.3283502
  49.0954397   0.3303301   0.3279710   0.3275537   0.3279908   0.3286883   0.3293449   0.3298947   0.3303301   0.3306499   0.3308550
  49.3876745   0.3394036   0.3370173   0.3355767   0.3351515   0.3350641   0.3350418   0.3349482   0.3347266   0.3343801   0.3339444
  49.6799092   0.3371734   0.3431842   0.3432738   0.3424116   0.3410044   0.3393534   0.3377038   0.3362067   0.3349349   0.3339044
  49.9721440   0.3253720   0.3276268   0.3281635   0.3280751   0.3278191   0.3277223   0.3278260   0.3280690   0.3283912   0.3287533
  50.2643787   0.3023161   0.3044946   0.3082396   0.3118128   0.3150063   0.3178600   0.3203790   0.3225685   0.3244519   0.3260672
  50.5566135   0.3326892   0.3349826   0.3343306   0.3330547   0.3320682   0.3314939   0.3312856   0.3313887   0.3317415   0.3322788
  50.8488483   0.3414071   0.3467587   0.3470228   0.3461130   0.3452335   0.3444875   0.3438537   0.3433535   0.3430108   0.3428332
  51.1410830   0.3439741   0.3449628   0.3477018   0.3494625   0.3507270   0.3516978   0.3524057   0.3528803   0.3531674   0.3533151
  51.4333178   0.3623424   0.3650228   0.3661098   0.3659332   0.3653523   0.3648496   0.3645467   0.3643820   0.3642491   0.3640719
  51.7255525   0.3690125   0.3732338   0.3742804   0.3750807   0.3756625   0.3758259   0.3755171   0.3748547   0.3740261   0.3732040
  52.0177873   0.3988546   0.3942743   0.3912399   0.3878082   0.3845622   0.3818916   0.3799014   0.3786136   0.3779752   0.3778689
  52.3100221   0.3494294   0.3543476   0.3603767   0.3644146   0.3677582   0.3712000   0.3748091   0.3783621   0.3816488   0.3845541
  52.6022568   0.3605922   0.3662207   0.3757480   0.3843362   0.3912505   0.3965429   0.4005075   0.4034483   0.4056047   0.4071368
  52.8944916   0.5307968   0.5050835   0.4886926   0.4752596   0.4645205   0.4561448   0.4495855   0.4443140   0.4398943   0.4360046
  53.1867263   0.4433175   0.4454132   0.4502679   0.4546359   0.4572961   0.4574548   0.4553618   0.4516756   0.4470300   0.4419020
  53.4789611   0.4626378   0.4567464   0.4494375   0.4419071   0.4353060   0.4298506   0.4252891   0.4212270   0.4173435   0.4134635
  53.7711959   0.3419164   0.3491896   0.3534747   0.3568448   0.3590575   0.3601985   0.3605635   0.3604608   0.3600973   0.3595621
  54.0634306   0.2852313   0.2864234   0.2872519   0.2881097   0.2895215   0.2915506   0.2939696   0.2964925   0.2989119   0.3011198
  54.3556654   0.2432619   0.2423223   0.2430754   0.2446194   0.2462476   0.2478717   0.2495365   0.2513070   0.2532087   0.2552186
  54.6479001   0.2255851   0.2238543   0.2228245   0.2219271   0.2212599   0.2209326   0.2209486   0.2212726   0.2218764   0.2227393
  54.9401349   0.1851398   0.1906480   0.1928313   0.1941271   0.1949439   0.1955071   0.1959645   0.1964098   0.1969001   0.1974727
  55.2323697   0.1723283   0.1731996   0.1734979   0.1736182   0.1739092   0.1743705   0.1749135   0.1754829   0.1760611   0.1766497
  55.5246044   0.1572488   0.1591765   0.1592342   0.1589950   0.1588307   0.1587937   0.1588905   0.1591066   0.1594093   0.1597544
  55.8168392   0.1464450   0.1425348   0.1426802   0.1435461   0.1442277   0.1447171   0.1450537   0.1452346   0.1452472   0.1450908
  56.1090739   0.1363120   0.1353827   0.1350971   0.1346281   0.1340859   0.1333585   0.1323899   0.1311932   0.1298230   0.1283495
  56.4013087   0.1220932   0.1221095   0.1198347   0.1170857   0.1142445   0.1114082   0.1086736   0.1061332   0.1038436   0.1018243
  56.6935435   0.0618066   0.0623081   0.0625567   0.0627528   0.0628911   0.0630516   0.0632552   0.0634970   0.0637698   0.0640700
  56.9857782   0.0004950   0.0035042   0.0069733   0.0103205   0.0136230   0.0168850   0.0200477   0.0230489   0.0258509   0.0284408
  57.2780130   0.0000000   0.0000000   0.0000065   0.0001227   0.0005611   0.0014236   0.0026895   0.0042869   0.0061294   0.0081328
  57.5702477   0.0000000   0.0000000   0.0000000   0.0000000   0.0000025   0.0000269   0.0001240   0.0003570   0.0007748   0.0014005
  57.8624825   0.0000000   0.0000000   0.0000000   0.0000000   0.0000000   0.0000001   0.0000017   0.0000121   0.0000488   0.0001382
  58.1547173   0.0000000   0.0000000   0.0000000   0.0000000   0.0000000   0.0000000   0.0000000   0.0000002   0.0000015   0.0000075
  58.4469520   0.0000000   0.0000000   0.0000000   0.0000000   0.0000000   0.0000000   0.0000000   0.0000000   0.0000000   0.0000002
  58.7391868   0.0000000   0.0000000   0.0000000   0.0000000   0.0000000   0.0000000   0.0000000   0.0000000   0.0000000   0.0000000
  59.0314215   0.0000000   0.0000000   0.0000000   0.0000000   0.0000000   0.0000000   0.0000000   0.0000000   0.0000000   0.0000000
  59.3236563   0.0000000   0.0000000   0.0000000   0.0000000   0.0000000   0.0000000   0.0000000   0.0000000   0.0000000   0.0000000
  59.6158911   0.0000000   0.0000000   0.0000000   0.0000000   0.0000000   0.0000000   0.0000000   0.0000000   0.0000000   0.0000000
  59.9081258   0.0000000   0.0000000   0.0000000   0.0000000   0.0000000   0.0000000   0.0000000   0.0000000   0.0000000   0.0000000
  60.2003606   0.0000000   0.0000000   0.0000000   0.0000000   0.0000000   0.0000000   0.0000000   0.0000000   0.0000000   0.0000000
  60.4925953   0.0000000   0.0000000   0.0000000   0.0000000   0.0000000   0.0000000   0.0000000   0.0000000   0.0000000   0.0000000
  60.7848301   0.0000000   0.0000000   0.0000000   0.0000000   0.0000000   0.0000000   0.0000000   0.0000000   0.0000000   0.0000000
  61.0770649   0.0000000   0.0000000   0.0000000   0.0000000   0.0000000   0.0000000   0.0000000   0.0000000   0.0000000   0.0000000
  61.3692996   0.0000000   0.0000000   0.0000000   0.0000000   0.0000000   0.0000000   0.0000000   0.0000000   0.0000000   0.0000000
  61.6615344   0.0000000   0.0000000   0.0000000   0.0000000   0.0000000   0.0000000   0.0000000   0.0000000   0.0000000   0.0000000
  61.9537691   0.0000000   0.0000000   0.0000000   0.0000000   0.0000000   0.0000000   0.0000000   0.0000000   0.0000000   0.0000000
  62.2460039   0.0000000   0.0000000   0.0000000   0.0000000   0.0000000   0.0000000   0.0000000   0.0000000   0.0000000   0.0000000
  62.5382387   0.0000000   0.0000000   0.0000000   0.0000000   0.0000000   0.0000000   0.0000000   0.0000000   0.0000000   0.0000000
  62.8304734   0.0000000   0.0000000   0.0000000   0.0000000   0.0000000   0.0000000   0.0000000   0.0000000   0.0000000   0.0000000
  63.1227082   0.0000000   0.0000000   0.0000000   0.0000000   0.0000000   0.0000000   0.0000000   0.0000000   0.0000000   0.0000000
  63.4149429   0.0000000   0.0000000   0.0000000   0.0000000   0.0000000   0.0000000   0.0000000   0.0000000   0.0000000   0.0000000
  63.7071777   0.0000000   0.0000000   0.0000000   0.0000000   0.0000000   0.0000000   0.0000000   0.0000000   0.0000000   0.0000000
  63.9994125   0.0000000   0.0000000   0.0000000   0.0000000   0.0000000   0.0000000   0.0000000   0.0000000   0.0000000   0.0000000
  64.2916472   0.0000000   0.0000000   0.0000000   0.0000000   0.0000000   0.0000000   0.0000000   0.0000000   0.0000000   0.0000000
  64.5838820   0.0000000   0.0000000   0.0000000   0.0000000   0.0000000   0.0000000   0.0000000   0.0000000   0.0000000   0.0000000
  64.8761167   0.0000000   0.0000000   0.0000000   0.0000000   0.0000000   0.0000000   0.0000000   0.0000000   0.0000000   0.0000000
  65.1683515   0.0000000   0.0000000   0.0000000   0.0000000   0.0000000   0.0000000   0.0000000   0.0000000   0.0000000   0.0000000
  65.4605863   0.0000000   0.0000000   0.0000000   0.0000000   0.0000000   0.0000000   0.0000000   0.0000000   0.0000000   0.0000000
  65.7528210   0.0000000   0.0000000   0.0000000   0.0000000   0.0000000   0.0000000   0.0000000   0.0000000   0.0000000   0.0000000
  66.0450558   0.0000000   0.0000000   0.0000000   0.0000000   0.0000000   0.0000000   0.0000000   0.0000000   0.0000000   0.0000000
  66.3372905   0.0000000   0.0000000   0.0000000   0.0000000   0.0000000   0.0000000   0.0000000   0.0000000   0.0000000   0.0000000
  66.6295253   0.0000000   0.0000000   0.0000000   0.0000000   0.0000000   0.0000000   0.0000000   0.0000000   0.0000000   0.0000000
  66.9217601   0.0000000   0.0000000   0.0000000   0.0000000   0.0000000   0.0000000   0.0000000   0.0000000   0.0000000   0.0000000
  67.2139948   0.0000000   0.0000000   0.0000000   0.0000000   0.0000000   0.0000000   0.0000000   0.0000000   0.0000000   0.0000000
  67.5062296   0.0000000   0.0000000   0.0000000   0.0000000   0.0000000   0.0000000   0.0000000   0.0000000   0.0000000   0.0000000
  67.7984643   0.0000000   0.0000000   0.0000000   0.0000000   0.0000000   0.0000000   0.0000000   0.0000000   0.0000000   0.0000000
  68.0906991   0.0000000   0.0000000   0.0000000   0.0000000   0.0000000   0.0000000   0.0000000   0.0000000   0.0000000   0.0000000
  68.3829339   0.0000000   0.0000000   0.0000000   0.0000000   0.0000000   0.0000000   0.0000000   0.0000000   0.0000000   0.0000000
  68.6751686   0.0000000   0.0000000   0.0000000   0.0000000   0.0000000   0.0000000   0.0000000   0.0000000   0.0000001   0.0000009
  68.9674034   0.0000000   0.0000000   0.0000000   0.0000000   0.0000000   0.0000000   0.0000001   0.0000012   0.0000060   0.0000198
  69.2596381   0.0000000   0.0000000   0.0000000   0.0000000   0.0000001   0.0000018   0.0000126   0.0000462   0.0001176   0.0002371
  69.5518729   0.0000000   0.0000000   0.0000000   0.0000047   0.0000447   0.0001660   0.0003912   0.0007154   0.0011211   0.0015885
  69.8441077   0.0000000   0.0000604   0.0005086   0.0012549   0.0021133   0.0029937   0.0038574   0.0046923   0.0054981   0.0062783
  70.1363424   0.0138291   0.0142470   0.0140301   0.0139399   0.0140262   0.0142460   0.0145639   0.0149530   0.0153917   0.0158636
  70.4285772   0.0296056   0.0293781   0.0293326   0.0292616   0.0291390   0.0289904   0.0288454   0.0287302   0.0286644   0.0286596
  70.7208119   0.0420585   0.0424049   0.0426321   0.0426333   0.0425190   0.0423672   0.0422135   0.0420732   0.0419578   0.0418782
  71.0130467   0.0521778   0.0535268   0.0538637   0.0539910   0.0541206   0.0542538   0.0543951   0.0545515   0.0547180   0.0548822
  71.3052815   0.0683253   0.0676007   0.0672048   0.0670588   0.0672342   0.0675907   0.0679903   0.0683522   0.0686418   0.0688499
  71.5975162   0.0850690   0.0838304   0.0843461   0.0848229   0.0849674   0.0848575   0.0846125   0.0843054   0.0839701   0.0836202
  71.8897510   0.1081915   0.1039937   0.1024065   0.1013043   0.1002832   0.0993226   0.0984268   0.0975893   0.0968027   0.0960616
  72.1819857   0.1045272   0.1055152   0.1053319   0.1052398   0.1052447   0.1051999   0.1050424   0.1047721   0.1044140   0.1039972
  72.4742205   0.1087749   0.1088418   0.1089663   0.1090239   0.1090312   0.1090172   0.1090100   0.1090128   0.1090137   0.1089990
  72.7664553   0.1140474   0.1126433   0.1124430   0.1125432   0.1126595   0.1128194   0.1130239   0.1132532   0.1134945   0.1137431
  73.0586900   0.1148905   0.1165552   0.1173406   0.1179606   0.1184364   0.1187904   0.1190952   0.1194049   0.1197465   0.1201274
  73.3509248   0.1341710   0.1304484   0.1287511   0.1279472   0.1276570   0.1276915   0.1279302   0.1282962   0.1287393   0.1292284
  73.6431595   0.1368052   0.1369810   0.1373526   0.1380558   0.1388812   0.1396277   0.1402492   0.1407737   0.1412443   0.1416972
  73.9353943   0.1576429   0.1591595   0.1588116   0.1582186   0.1576428   0.1572026   0.1569496   0.1568752   0.1569495   0.1571456
  74.2276291   0.1709828   0.1711453   0.1715523   0.1721198   0.1726454   0.1730745   0.1734368   0.1737836   0.1741539   0.1745634
  74.5198638   0.1959889   0.1929079   0.1919011   0.1917090   0.1918770   0.1923374   0.1929684   0.1936483   0.1943028   0.1949026
  74.8120986   0.2102858   0.2125824   0.2152445   0.2169013   0.2178234   0.2182875   0.2184982   0.2185929   0.2186576   0.2187377
  75.1043333   0.2474487   0.2509350   0.2500817   0.2483900   0.2468202   0.2455691   0.2446540   0.2440229   0.2435978   0.2433048
  75.3965681   0.2634080   0.2626000   0.2621461   0.2628793   0.2640469   0.2651502   0.2659531   0.2664138   0.2665737   0.2664932
  75.6888029   0.2930605   0.2936098   0.2933950   0.2928075   0.2920357   0.2912234   0.2904162   0.2896044   0.2887650   0.2878852
  75.9810376   0.3063839   0.3115033   0.3126824   0.3121545   0.3109087   0.3093600   0.3077318   0.3061507   0.3046728   0.3033104
  76.2732724   0.3094586   0.3112928   0.3117086   0.3114685   0.3113555   0.3113860   0.3113859   0.3112654   0.3110142   0.3106523
  76.5655071   0.3033080   0.3070480   0.3101489   0.3115892   0.3123877   0.3130264   0.3136322   0.3142023   0.3146890   0.3150403
  76.8577419   0.3128800   0.3159184   0.3185779   0.3197415   0.3202754   0.3205814   0.3207609   0.3208169   0.3207390   0.3205196
  77.1499767   0.3394337   0.3347503   0.3330373   0.3319085   0.3307126   0.3294272   0.3280546   0.3266074   0.3251075   0.3235768
  77.4422114   0.3341649   0.3315349   0.3294115   0.3277652   0.3261286   0.3243629   0.3224841   0.3205417   0.3185812   0.3166371
  77.7344462   0.3070687   0.3022309   0.3015646   0.3012066   0.3008317   0.3003560   0.2997632   0.2990609   0.2982676   0.2974025
  78.0266809   0.2688874   0.2671522   0.2681208   0.2688505   0.2694302   0.2700083   0.2706151   0.2712122   0.2717492   0.2721906
  78.3189157   0.2387299   0.2412983   0.2426672   0.2437187   0.2447669   0.2457415   0.2466340   0.2474727   0.2482780   0.2490555
  78.6111505   0.2362848   0.2356913   0.2332286   0.2314017   0.2304308   0.2299978   0.2298922   0.2300127   0.2303042   0.2307280
  78.9033852   0.2161542   0.2125700   0.2124253   0.2131053   0.2137858   0.2143145   0.2147300   0.2150954   0.2154564   0.2158416
  79.1956200   0.2011696   0.2011854   0.2015604   0.2018680   0.2021257   0.2023901   0.2026903   0.2030185   0.2033653   0.2037288
  79.4878547   0.1956593   0.1944134   0.1940084   0.1938389   0.1936702   0.1935788   0.1935886   0.1936905   0.1938688   0.1941045
  79.7800895   0.1814970   0.1824525   0.1835394   0.1843120   0.1848625   0.1852756   0.1856068   0.1858792   0.1860978   0.1862580
  80.0723243   0.1814536   0.1808234   0.1804400   0.1801921   0.1800531   0.1799690   0.1798739   0.1797026   0.1794140   0.1789962
  80.3645590   0.1769745   0.1766093   0.1756069   0.1750591   0.1744472   0.1735513   0.1723929   0.1710643   0.1696465   0.1681915
  80.6567938   0.1673396   0.1654066   0.1619080   0.1591169   0.1567999   0.1547598   0.1529054   0.1511731   0.1495187   0.1479174
  80.9490285   0.1148771   0.1144683   0.1152406   0.1165893   0.1176687   0.1182889   0.1184998   0.1183959   0.1180670   0.1175890
  81.2412633   0.0844493   0.0846798   0.0838065   0.0830141   0.0825458   0.0823749   0.0824498   0.0827075   0.0830899   0.0835510
  81.5334981   0.0459260   0.0463064   0.0463060   0.0466697   0.0472951   0.0481055   0.0490782   0.0502015   0.0514555   0.0528099
  81.8257328   0.0172650   0.0173904   0.0186638   0.0203947   0.0222387   0.0240940   0.0259332   0.0277448   0.0295276   0.0312886
  82.1179676   0.0199342   0.0191682   0.0184533   0.0180491   0.0179643   0.0181536   0.0185910   0.0192457   0.0200819   0.0210641
  82.4102023   0.0202108   0.0183545   0.0177076   0.0175534   0.0175192   0.0175082   0.0175213   0.0175879   0.0177388   0.0179951
  82.7024371   0.0163641   0.0166100   0.0167082   0.0168913   0.0170358   0.0171319   0.0172006   0.0172557   0.0173090   0.0173755
  82.9946719   0.0179456   0.0177736   0.0176082   0.0174873   0.0173992   0.0173520   0.0173365   0.0173417   0.0173613   0.0173917
  83.2869066   0.0154621   0.0167991   0.0172453   0.0174050   0.0174800   0.0175260   0.0175646   0.0176019   0.0176384   0.0176735
  83.5791414   0.0188856   0.0177901   0.0177678   0.0178887   0.0179960   0.0180711   0.0181183   0.0181467   0.0181634   0.0181734
  83.8713761   0.0212446   0.0203845   0.0198079   0.0194073   0.0191459   0.0189837   0.0188793   0.0188069   0.0187535   0.0187123
  84.1636109   0.0159720   0.0176850   0.0184195   0.0187656   0.0189540   0.0190427   0.0190731   0.0190740   0.0190610   0.0190412
  84.4558457   0.0201610   0.0195776   0.0194913   0.0193589   0.0192643   0.0192258   0.0192187   0.0192210   0.0192220   0.0192199
  84.7480804   0.0200594   0.0192222   0.0193205   0.0194096   0.0194338   0.0194196   0.0193927   0.0193718   0.0193648   0.0193705
  85.0403152   0.0193874   0.0191577   0.0192797   0.0192810   0.0192883   0.0193368   0.0194121   0.0194912   0.0195601   0.0196147
  85.3325499   0.0198293   0.0189381   0.0193227   0.0197098   0.0199423   0.0200633   0.0201165   0.0201322   0.0201293   0.0201182
  85.6247847   0.0221221   0.0226965   0.0222701   0.0217954   0.0214013   0.0211009   0.0208830   0.0207267   0.0206129   0.0205275
  85.9170195   0.0213224   0.0196387   0.0195398   0.0198100   0.0200860   0.0202916   0.0204205   0.0204882   0.0205146   0.0205169
  86.2092542   0.0213029   0.0211150   0.0208718   0.0206845   0.0205483   0.0204565   0.0204093   0.0203985   0.0204115   0.0204373
  86.5014890   0.0199196   0.0202823   0.0202691   0.0202534   0.0202828   0.0203326   0.0203875   0.0204442   0.0205026   0.0205620
  86.7937237   0.0194328   0.0200291   0.0203258   0.0204874   0.0206305   0.0207600   0.0208673   0.0209516   0.0210162   0.0210660
  87.0859585   0.0220303   0.0224417   0.0225841   0.0224671   0.0222996   0.0221486   0.0220278   0.0219364   0.0218700   0.0218238
  87.3781933   0.0203486   0.0218313   0.0222570   0.0224065   0.0224631   0.0224728   0.0224598   0.0224378   0.0224140   0.0223919
  87.6704280   0.0233416   0.0228816   0.0225861   0.0224934   0.0225288   0.0226075   0.0226850   0.0227506   0.0228032   0.0228435
  87.9626628   0.0226582   0.0242514   0.0240228   0.0236995   0.0235298   0.0234667   0.0234518   0.0234557   0.0234674   0.0234825
  88.2548975   0.0217608   0.0226688   0.0235744   0.0240831   0.0242673   0.0243012   0.0242861   0.0242624   0.0242412   0.0242242
  88.5471323   0.0229689   0.0242216   0.0247028   0.0248386   0.0248751   0.0248969   0.0249095   0.0249090   0.0248980   0.0248822
  88.8393671   0.0268252   0.0263153   0.0261119   0.0258829   0.0256913   0.0255667   0.0254929   0.0254537   0.0254381   0.0254371
  89.1316018   0.0246700   0.0241464   0.0247864   0.0252311   0.0255009   0.0256813   0.0258116   0.0259093   0.0259841   0.0260412
  89.4238366   0.0256669   0.0264514   0.0268797   0.0269574   0.0269374   0.0269177   0.0269145   0.0269184   0.0269206   0.0269169
  89.7160713   0.0288097   0.0283474   0.0283337   0.0283409   0.0282803   0.0281792   0.0280605   0.0279396   0.0278249   0.0277202
  90.0083061   0.0287951   0.0289120   0.0286257   0.0284356   0.0283166   0.0282297   0.0281509   0.0280723   0.0279945   0.0279204
  90.3005409   0.0260074   0.0272829   0.0274041   0.0274396   0.0274735   0.0275094   0.0275505   0.0275956   0.0276411   0.0276845
  90.5927756   0.0268958   0.0265150   0.0266728   0.0268806   0.0270652   0.0272191   0.0273528   0.0274761   0.0275937   0.0277074
  90.8850104   0.0288414   0.0289463   0.0286239   0.0283402   0.0282149   0.0281887   0.0282152   0.0282730   0.0283500   0.0284378
  91.1772451   0.0305100   0.0294295   0.0293659   0.0294267   0.0295041   0.0295843   0.0296522   0.0297023   0.0297385   0.0297675
  91.4694799   0.0301886   0.0305958   0.0312770   0.0316011   0.0316501   0.0315788   0.0314819   0.0313953   0.0313265   0.0312737
  91.7617147   0.0328050   0.0330029   0.0328769   0.0327390   0.0326536   0.0326140   0.0325948   0.0325773   0.0325539   0.0325244
  92.0539494   0.0348771   0.0337587   0.0334177   0.0333528   0.0334206   0.0335002   0.0335468   0.0335641   0.0335663   0.0335634
  92.3461842   0.0353130   0.0359203   0.0355607   0.0351931   0.0348941   0.0346934   0.0345863   0.0345484   0.0345545   0.0345855
  92.6384189   0.0322021   0.0324006   0.0333196   0.0341932   0.0347872   0.0351800   0.0354496   0.0356420   0.0357847   0.0358956
  92.9306537   0.0380457   0.0390185   0.0388023   0.0384119   0.0381088   0.0379261   0.0378298   0.0377861   0.0377743   0.0377826
  93.2228885   0.0388728   0.0398075   0.0401154   0.0401136   0.0400665   0.0400053   0.0399393   0.0398818   0.0398404   0.0398172
  93.5151232   0.0408424   0.0405963   0.0408161   0.0410522   0.0412622   0.0414386   0.0415764   0.0416794   0.0417583   0.0418250
  93.8073580   0.0437944   0.0447405   0.0445898   0.0443734   0.0441888   0.0440715   0.0440330   0.0440620   0.0441384   0.0442436
  94.0995927   0.0463597   0.0454817   0.0456055   0.0459491   0.0463223   0.0466450   0.0469037   0.0471128   0.0472903   0.0474515
  94.3918275   0.0537640   0.0530169   0.0523606   0.0518818   0.0516351   0.0515256   0.0514945   0.0515136   0.0515720   0.0516710
  94.6840623   0.0579990   0.0565870   0.0562325   0.0563115   0.0563518   0.0563515   0.0563648   0.0564319   0.0565887   0.0568855
  94.9762970   0.0609034   0.0599218   0.0602634   0.0606182   0.0610080   0.0614500   0.0619864   0.0627273   0.0638274   0.0654129
  95.2685318   0.0677418   0.0696080   0.0700871   0.0704222   0.0710363   0.0723535   0.0747377   0.0782722   0.0827605   0.0878692
  95.5607665   0.0822650   0.0854713   0.0885325   0.0939196   0.1020602   0.1116641   0.1214174   0.1305059   0.1385273   0.1453496
  95.8530013   0.2044024   0.2275215   0.2378269   0.2426138   0.2451507   0.2460468   0.2455446   0.2439691   0.2416509   0.2388633
  96.1452361   0.4212989   0.4278207   0.4211196   0.4062713   0.3882791   0.3702175   0.3533761   0.3381553   0.3245712   0.3124905
  96.4374708   0.3122521   0.3193406   0.3273564   0.3323188   0.3344494   0.3342999   0.3321023   0.3282005   0.3230590   0.3171316
  96.7297056   0.2529986   0.2546715   0.2581335   0.2613848   0.2648207   0.2686586   0.2725616   0.2760554   0.2787692   0.2805085
  97.0219403   0.2378196   0.2392796   0.2394689   0.2397503   0.2402013   0.2409901   0.2422170   0.2438991   0.2459468   0.2481863
  97.3141751   0.2236023   0.2278626   0.2273793   0.2270420   0.2271035   0.2273688   0.2277831   0.2283800   0.2292098   0.2303014
  97.6064099   0.2219748   0.2188480   0.2177033   0.2175764   0.2179281   0.2184686   0.2190919   0.2197594   0.2204613   0.2212104
  97.8986446   0.2195277   0.2151745   0.2146852   0.2150434   0.2155309   0.2159657   0.2163445   0.2167008   0.2170681   0.2174719
  98.1908794   0.2213766   0.2201016   0.2191003   0.2182728   0.2175611   0.2170233   0.2166926   0.2165535   0.2165734   0.2167231
  98.4831141   0.2089411   0.2116671   0.2129299   0.2139638   0.2148985   0.2156736   0.2162913   0.2168003   0.2172549   0.2176986
  98.7753489   0.2217583   0.2213211   0.2206487   0.2200807   0.2198006   0.2198406   0.2201178   0.2205482   0.2210768   0.2216789
  99.0675837   0.2188686   0.2223982   0.2249643   0.2262316   0.2269953   0.2275540   0.2280491   0.2285857   0.2292347   0.2300234
  99.3598184   0.2369270   0.2380437   0.2393544   0.2395797   0.2396932   0.2401033   0.2408697   0.2419185   0.2431227   0.2443456
  99.6520532   0.2511578   0.2526141   0.2549178   0.2571382   0.2594256   0.2616407   0.2635304   0.2649189   0.2657135   0.2658946
  99.9442879   0.3025214   0.3037689   0.3051042   0.3043711   0.3025820   0.3001116   0.2969580   0.2932050   0.2890389   0.2846574
 100.2365227   0.3187848   0.3258340   0.3267836   0.3216875   0.3135182   0.3046199   0.2960510   0.2881776   0.2810670   0.2746702
 100.5287575   0.1903477   0.2080332   0.2170002   0.2218377   0.2248845   0.2269047   0.2280770   0.2285043   0.2283164   0.2276538
 100.8209922   0.1478961   0.1474825   0.1480934   0.1498135   0.1531299   0.1574353   0.1620166   0.1664291   0.1704398   0.1739447
 101.1132270   0.1362834   0.1349910   0.1342045   0.1336359   0.1332973   0.1333285   0.1339240   0.1351673   0.1369915   0.1392425
 101.4054617   0.1139174   0.1149845   0.1154597   0.1162090   0.1169917   0.1177309   0.1184240   0.1191232   0.1199120   0.1208665
 101.6976965   0.1061869   0.1080153   0.1083454   0.1084658   0.1086074   0.1088336   0.1091238   0.1094394   0.1097590   0.1100859
 101.9899313   0.1032077   0.1027292   0.1032412   0.1034611   0.1033124   0.1029931   0.1026252   0.1022639   0.1019283   0.1016185
 102.2821660   0.0945517   0.0946203   0.0945423   0.0942539   0.0938746   0.0934599   0.0930070   0.0924978   0.0919216   0.0912821
 102.5744008   0.0798592   0.0799986   0.0799921   0.0797871   0.0795831   0.0792647   0.0787644   0.0780972   0.0773161   0.0764788
 102.8666355   0.0641658   0.0639984   0.0630516   0.0618650   0.0605781   0.0593447   0.0582727   0.0573994   0.0567159   0.0561950
 103.1588703   0.0273713   0.0260834   0.0265339   0.0274865   0.0285613   0.0296266   0.0306489   0.0316259   0.0325620   0.0334615
 103.4511051   0.0062454   0.0061391   0.0062545   0.0069815   0.0082536   0.0098133   0.0114764   0.0131421   0.0147620   0.0163161
 103.7433398   0.0067715   0.0066613   0.0066168   0.0065811   0.0065502   0.0066121   0.0068519   0.0072986   0.0079359   0.0087270
 104.0355746   0.0057434   0.0060692   0.0062266   0.0063849   0.0065239   0.0066186   0.0066838   0.0067529   0.0068638   0.0070471
 104.3278093   0.0097891   0.0086089   0.0078834   0.0074862   0.0072845   0.0071949   0.0071617   0.0071538   0.0071583   0.0071752
 104.6200441   0.0065999   0.0068554   0.0071382   0.0073848   0.0075345   0.0076013   0.0076168   0.0076054   0.0075816   0.0075534
 104.9122789   0.0065927   0.0081543   0.0082979   0.0082246   0.0081082   0.0080022   0.0079194   0.0078546   0.0078005   0.0077529
 105.2045136   0.0073648   0.0076493   0.0075750   0.0076031   0.0076476   0.0076790   0.0076930   0.0076938   0.0076868   0.0076761
 105.4967484   0.0084429   0.0078419   0.0075351   0.0074417   0.0074210   0.0074257   0.0074435   0.0074679   0.0074943   0.0075204
 105.7889831   0.0081742   0.0075278   0.0073379   0.0073213   0.0073550   0.0073889   0.0074195   0.0074517   0.0074869   0.0075243
 106.0812179   0.0088665   0.0081053   0.0077936   0.0076580   0.0076300   0.0076509   0.0076847   0.0077177   0.0077468   0.0077727
 106.3734527   0.0070161   0.0079241   0.0082410   0.0082986   0.0082904   0.0082612   0.0082306   0.0082057   0.0081873   0.0081740
 106.6656874   0.0082883   0.0082929   0.0084104   0.0085319   0.0085785   0.0085845   0.0085754   0.0085594   0.0085385   0.0085132
 106.9579222   0.0099260   0.0092057   0.0089173   0.0088261   0.0087932   0.0087800   0.0087656   0.0087411   0.0087066   0.0086656
 107.2501569   0.0091377   0.0091145   0.0090728   0.0089887   0.0088970   0.0088014   0.0087118   0.0086364   0.0085776   0.0085342
 107.5423917   0.0070562   0.0078515   0.0078887   0.0078959   0.0079321   0.0079827   0.0080388   0.0080965   0.0081543   0.0082114
 107.8346265   0.0077269   0.0073650   0.0073600   0.0074577   0.0075879   0.0077311   0.0078738   0.0080096   0.0081358   0.0082513
 108.1268612   0.0083575   0.0086914   0.0088606   0.0088870   0.0088763   0.0088703   0.0088783   0.0088985   0.0089273   0.0089610
 108.4190960   0.0093154   0.0098397   0.0100822   0.0101824   0.0101873   0.0101470   0.0100892   0.0100257   0.0099625   0.0099032
 108.7113308   0.0120625   0.0112596   0.0110220   0.0109474   0.0108815   0.0108105   0.0107358   0.0106585   0.0105803   0.0105034
 109.0035655   0.0124260   0.0112155   0.0109132   0.0108000   0.0107524   0.0107230   0.0106985   0.0106759   0.0106532   0.0106288
 109.2958003   0.0101123   0.0103411   0.0102995   0.0102876   0.0103386   0.0104058   0.0104660   0.0105142   0.0105512   0.0105790
 109.5880350   0.0109349   0.0107789   0.0107501   0.0107075   0.0106645   0.0106364   0.0106242   0.0106261   0.0106381   0.0106561
 109.8802698   0.0085684   0.0101144   0.0105648   0.0107253   0.0107821   0.0108113   0.0108323   0.0108474   0.0108577   0.0108657
 110.1725046   0.0102484   0.0104406   0.0108886   0.0110954   0.0111607   0.0111688   0.0111572   0.0111427   0.0111316   0.0111255
 110.4647393   0.0112172   0.0118190   0.0117672   0.0115609   0.0114296   0.0113728   0.0113563   0.0113584   0.0113667   0.0113748
 110.7569741   0.0098840   0.0107844   0.0110987   0.0112621   0.0114098   0.0115302   0.0116072   0.0116457   0.0116586   0.0116577
 111.0492088   0.0112941   0.0125502   0.0127865   0.0126741   0.0124659   0.0122640   0.0121056   0.0119975   0.0119328   0.0119008
 111.3414436   0.0107191   0.0108387   0.0110827   0.0113124   0.0114868   0.0116436   0.0117849   0.0119065   0.0120093   0.0120966
 111.6336784   0.0111701   0.0112940   0.0117098   0.0119956   0.0121883   0.0123429   0.0124775   0.0125940   0.0126922   0.0127727
 111.9259131   0.0142174   0.0148283   0.0148354   0.0146753   0.0144801   0.0142980   0.0141449   0.0140234   0.0139306   0.0138612
 112.2181479   0.0154770   0.0150582   0.0149308   0.0149096   0.0148975   0.0148728   0.0148283   0.0147673   0.0146976   0.0146268
 112.5103826   0.0147502   0.0148778   0.0148847   0.0148975   0.0149104   0.0149242   0.0149392   0.0149528   0.0149608   0.0149606
 112.8026174   0.0147218   0.0149529   0.0150147   0.0150530   0.0150907   0.0151269   0.0151617   0.0151921   0.0152148   0.0152279
 113.0948522   0.0161718   0.0158451   0.0156915   0.0156688   0.0156743   0.0156644   0.0156362   0.0155968   0.0155529   0.0155093
 113.3870869   0.0183676   0.0171209   0.0165512   0.0162166   0.0160077   0.0158589   0.0157427   0.0156510   0.0155819   0.0155345
 113.6793217   0.0152893   0.0146990   0.0147248   0.0148262   0.0149246   0.0150151   0.0151047   0.0151975   0.0152936   0.0153912
 113.9715564   0.0128376   0.0138407   0.0142841   0.0145906   0.0148333   0.0150635   0.0152902   0.0155047   0.0156993   0.0158707
 114.2637912   0.0171228   0.0168749   0.0171433   0.0172845   0.0173246   0.0173252   0.0173161   0.0173072   0.0173011   0.0172985
 114.5560260   0.0207234   0.0205552   0.0202277   0.0199498   0.0197114   0.0194857   0.0192686   0.0190670   0.0188879   0.0187349
 114.8482607   0.0211636   0.0203609   0.0199543   0.0197138   0.0196033   0.0195456   0.0195014   0.0194574   0.0194114   0.0193653
 115.1404955   0.0189118   0.0184677   0.0185522   0.0187804   0.0189999   0.0191855   0.0193436   0.0194831   0.0196069   0.0197139
 115.4327302   0.0199260   0.0203433   0.0203699   0.0202990   0.0202655   0.0202948   0.0203671   0.0204567   0.0205471   0.0206299
 115.7249650   0.0209748   0.0212111   0.0217728   0.0221005   0.0222294   0.0222443   0.0222021   0.0221369   0.0220683   0.0220068
 116.0171998   0.0241913   0.0246583   0.0244504   0.0241452   0.0238573   0.0236181   0.0234281   0.0232783   0.0231599   0.0230662
 116.3094345   0.0235555   0.0230681   0.0229043   0.0229795   0.0231439   0.0233047   0.0234363   0.0235364   0.0236078   0.0236542
 116.6016693   0.0247406   0.0246679   0.0241491   0.0240086   0.0240642   0.0241584   0.0242426   0.0243102   0.0243628   0.0244021
 116.8939040   0.0294577   0.0278741   0.0269196   0.0263780   0.0260220   0.0257744   0.0255994   0.0254743   0.0253850   0.0253224
 117.1861388   0.0233981   0.0240884   0.0248632   0.0254322   0.0257569   0.0259113   0.0259729   0.0259889   0.0259866   0.0259809
 117.4783736   0.0276119   0.0269601   0.0267473   0.0265705   0.0264350   0.0263809   0.0264003   0.0264635   0.0265455   0.0266313
 117.7706083   0.0266080   0.0265361   0.0265749   0.0268028   0.0270703   0.0272965   0.0274693   0.0276039   0.0277166   0.0278179
 118.0628431   0.0312422   0.0311990   0.0305643   0.0301254   0.0298654   0.0297161   0.0296349   0.0296000   0.0295980   0.0296198
 118.3550778   0.0302514   0.0308655   0.0312945   0.0314387   0.0315139   0.0315640   0.0315999   0.0316282   0.0316552   0.0316856
 118.6473126   0.0320636   0.0324361   0.0330640   0.0334167   0.0336111   0.0337207   0.0337987   0.0338675   0.0339317   0.0339910
 118.9395474   0.0405029   0.0383652   0.0372526   0.0367842   0.0366206   0.0365824   0.0365870   0.0366045   0.0366249   0.0366451
 119.2317821   0.0414941   0.0405474   0.0399693   0.0397108   0.0396223   0.0395831   0.0395466   0.0395046   0.0394614   0.0394226
 119.5240169   0.0405469   0.0414351   0.0419972   0.0422244   0.0422580   0.0421998   0.0421247   0.0420643   0.0420264   0.0420106
 119.8162516   0.0462417   0.0440872   0.0438432   0.0438901   0.0439771   0.0440945   0.0442263   0.0443624   0.0444989   0.0446337
 120.1084864   0.0467040   0.0466219   0.0469836   0.0470601   0.0471554   0.0473237   0.0475267   0.0477320   0.0479271   0.0481109
 120.4007212   0.0495280   0.0502916   0.0517115   0.0523674   0.0525854   0.0526231   0.0526130   0.0526148   0.0526497   0.0527231
 120.6929559   0.0570430   0.0582494   0.0583338   0.0580581   0.0578617   0.0577817   0.0577778   0.0578279   0.0579278   0.0580795
 120.9851907   0.0630794   0.0625442   0.0624892   0.0626204   0.0628462   0.0631526   0.0635102   0.0639032   0.0643281   0.0647848
 121.2774254   0.0675168   0.0690399   0.0702059   0.0710555   0.0716819   0.0722223   0.0727720   0.0733649   0.0739990   0.0746597
 121.5696602   0.0867022   0.0864609   0.0862854   0.0862359   0.0864642   0.0868685   0.0873550   0.0878704   0.0883845   0.0888790
 121.8618950   0.1078788   0.1075151   0.1068048   0.1065724   0.1065365   0.1065354   0.1064975   0.1064040   0.1062632   0.1060925
 122.1541297   0.1287941   0.1278296   0.1273870   0.1271167   0.1264758   0.1256061   0.1246732   0.1237610   0.1229027   0.1221077
 122.4463645   0.1359952   0.1369700   0.1367758   0.1363279   0.1358693   0.1354144   0.1349524   0.1344687   0.1339553   0.1334111
 122.7385992   0.1378118   0.1394653   0.1394461   0.1397048   0.1401561   0.1406008   0.1409255   0.1410951   0.1411157   0.1410099
 123.0308340   0.1540746   0.1505630   0.1497677   0.1493123   0.1488488   0.1483829   0.1479746   0.1476532   0.1474122   0.1472290
 123.3230688   0.1542193   0.1533754   0.1529732   0.1526869   0.1525267   0.1524622   0.1524415   0.1524413   0.1524606   0.1525011
 123.6153035   0.1492776   0.1522804   0.1541816   0.1552214   0.1558934   0.1564441   0.1569506   0.1574128   0.1578164   0.1581556
 123.9075383   0.1614434   0.1631746   0.1641653   0.1647543   0.1650997   0.1652824   0.1653851   0.1654576   0.1655217   0.1655840
 124.1997730   0.1848235   0.1817209   0.1785162   0.1767037   0.1756279   0.1749251   0.1744081   0.1739979   0.1736683   0.1734089
 124.4920078   0.1824183   0.1792881   0.1790620   0.1794898   0.1798405   0.1800119   0.1800701   0.1800706   0.1800358   0.1799710
 124.7842426   0.1846088   0.1840256   0.1843320   0.1846529   0.1850056   0.1853406   0.1856225   0.1858196   0.1859171   0.1859171
 125.0764773   0.1975517   0.1959712   0.1949536   0.1942659   0.1936981   0.1931693   0.1926614   0.1921743   0.1917105   0.1912689
 125.3687121   0.1995176   0.1981265   0.1974785   0.1970635   0.1966020   0.1960583   0.1954860   0.1949246   0.1943894   0.1938832
 125.6609468   0.1974967   0.1936125   0.1928419   0.1928500   0.1930475   0.1932730   0.1934404   0.1935158   0.1935005   0.1934119
 125.9531816   0.1875439   0.1907320   0.1916795   0.1918212   0.1918204   0.1917999   0.1918043   0.1918460   0.1919165   0.1920005
 126.2454164   0.1878804   0.1900934   0.1903335   0.1903897   0.1904439   0.1905228   0.1906313   0.1907714   0.1909416   0.1911364
 126.5376511   0.1925480   0.1904151   0.1898784   0.1898983   0.1901362   0.1904458   0.1907687   0.1910806   0.1913722   0.1916425
 126.8298859   0.1971780   0.1944779   0.1935773   0.1934467   0.1934981   0.1935519   0.1935976   0.1936463   0.1937023   0.1937677
 127.1221206   0.2021649   0.1999785   0.1984429   0.1977251   0.1973639   0.1971019   0.1968683   0.1966636   0.1965040   0.1963993
 127.4143554   0.2026523   0.1996467   0.1990292   0.1987223   0.1985249   0.1984285   0.1984308   0.1985030   0.1986125   0.1987329
 127.7065902   0.1956618   0.1955812   0.1967465   0.1981779   0.1993123   0.2001488   0.2007777   0.2012523   0.2015864   0.2017761
 127.9988249   0.2115389   0.2116088   0.2100561   0.2087387   0.2078987   0.2073658   0.2069175   0.2064089   0.2057805   0.2050236
 128.2910597   0.2085239   0.2117843   0.2126774   0.2125582   0.2116440   0.2101575   0.2083550   0.2064268   0.2044846   0.2025862
 128.5832944   0.2019275   0.2016601   0.1996277   0.1976940   0.1959134   0.1942576   0.1926934   0.1911970   0.1897533   0.1883549
 128.8755292   0.1575113   0.1605551   0.1608326   0.1613646   0.1622665   0.1632354   0.1640718   0.1647057   0.1651333   0.1653743
 129.1677640   0.1334866   0.1356463   0.1371447   0.1382068   0.1390005   0.1397135   0.1404582   0.1412515   0.1420591   0.1428379
 129.4599987   0.1221564   0.1242161   0.1240751   0.1238933   0.1237741   0.1237831   0.1239145   0.1241517   0.1244886   0.1249183
 129.7522335   0.1098057   0.1092219   0.1091780   0.1093829   0.1095223   0.1096140   0.1097135   0.1098537   0.1100529   0.1103212
 130.0444682   0.0969159   0.0962645   0.0958358   0.0959308   0.0962187   0.0965360   0.0968672   0.0972168   0.0975833   0.0979641
 130.3367030   0.0938560   0.0894303   0.0872527   0.0865473   0.0865431   0.0868008   0.0871354   0.0874835   0.0878287   0.0881691
 130.6289378   0.0836285   0.0815705   0.0808078   0.0806250   0.0805677   0.0805075   0.0804613   0.0804532   0.0804867   0.0805540
 130.9211725   0.0720936   0.0733341   0.0737903   0.0738774   0.0738959   0.0738782   0.0738288   0.0737505   0.0736528   0.0735496
 131.2134073   0.0673763   0.0668623   0.0670032   0.0669669   0.0668165   0.0666308   0.0664383   0.0662527   0.0660812   0.0659267
 131.5056420   0.0559893   0.0573917   0.0576843   0.0576447   0.0575543   0.0574850   0.0574471   0.0574326   0.0574279   0.0574193
 131.7978768   0.0446052   0.0463709   0.0469016   0.0473288   0.0477278   0.0480894   0.0483808   0.0485867   0.0487102   0.0487620
 132.0901116   0.0420342   0.0419335   0.0420100   0.0418925   0.0415878   0.0412334   0.0408945   0.0405836   0.0402964   0.0400288
 132.3823463   0.0307579   0.0315998   0.0317900   0.0317147   0.0314824   0.0311460   0.0307551   0.0303598   0.0299986   0.0296940
 132.6745811   0.0186847   0.0183819   0.0178025   0.0173090   0.0170817   0.0170654   0.0171780   0.0173634   0.0175897   0.0178404
 132.9668158   0.0000008   0.0003300   0.0013532   0.0025046   0.0035555   0.0045030   0.0053774   0.0062001   0.0069810   0.0077239
 133.2590506   0.0000000   0.0000000   0.0000003   0.0000159   0.0001077   0.0003264   0.0006691   0.0011076   0.0016133   0.0021638
 133.5512854   0.0000000   0.0000000   0.0000000   0.0000000   0.0000003   0.0000047   0.0000264   0.0000842   0.0001934   0.0003604
 133.8435201   0.0000000   0.0000000   0.0000000   0.0000000   0.0000000   0.0000000   0.0000003   0.0000025   0.0000112   0.0000337
 134.1357549   0.0000000   0.0000000   0.0000000   0.0000000   0.0000000   0.0000000   0.0000000   0.0000000   0.0000003   0.0000017
 134.4279896   0.0000000   0.0000000   0.0000000   0.0000000   0.0000000   0.0000000   0.0000000   0.0000000   0.0000000   0.0000000
 134.7202244   0.0000000   0.0000000   0.0000000   0.0000000   0.0000000   0.0000000   0.0000000   0.0000000   0.0000000   0.0000000
 135.0124592   0.0000000   0.0000000   0.0000000   0.0000000   0.0000000   0.0000000   0.0000000   0.0000000   0.0000000   0.0000000
 135.3046939   0.0000000   0.0000000   0.0000000   0.0000000   0.0000000   0.0000000   0.0000000   0.0000000   0.0000000   0.0000000
 135.5969287   0.0000000   0.0000000   0.0000000   0.0000000   0.0000000   0.0000000   0.0000000   0.0000000   0.0000000   0.0000000
 135.8891634   0.0000000   0.0000000   0.0000000   0.0000000   0.0000000   0.0000000   0.0000000   0.0000000   0.0000000   0.0000000
 136.1813982   0.0000000   0.0000000   0.0000000   0.0000000   0.0000000   0.0000000   0.0000000   0.0000000   0.0000000   0.0000000
 136.4736330   0.0000000   0.0000000   0.0000000   0.0000000   0.0000000   0.0000000   0.0000000   0.0000000   0.0000000   0.0000000
 136.7658677   0.0000000   0.0000000   0.0000000   0.0000000   0.0000000   0.0000000   0.0000000   0.0000000   0.0000000   0.0000000
 137.0581025   0.0000000   0.0000000   0.0000000   0.0000000   0.0000000   0.0000000   0.0000000   0.0000000   0.0000000   0.0000000
 137.3503372   0.0000000   0.0000000   0.0000000   0.0000000   0.0000000   0.0000000   0.0000000   0.0000000   0.0000000   0.0000000
 137.6425720   0.0000000   0.0000000   0.0000000   0.0000000   0.0000000   0.0000000   0.0000000   0.0000000   0.0000000   0.0000000
 137.9348068   0.0000000   0.0000000   0.0000000   0.0000000   0.0000000   0.0000000   0.0000000   0.0000000   0.0000000   0.0000000
 138.2270415   0.0000000   0.0000000   0.0000000   0.0000000   0.0000000   0.0000000   0.0000000   0.0000000   0.0000000   0.0000000
 138.5192763   0.0000000   0.0000000   0.0000000   0.0000000   0.0000000   0.0000000   0.0000000   0.0000000   0.0000000   0.0000000
 138.8115110   0.0000000   0.0000000   0.0000000   0.0000000   0.0000000   0.0000000   0.0000000   0.0000000   0.0000000   0.0000000
 139.1037458   0.0000000   0.0000000   0.0000000   0.0000000   0.0000000   0.0000000   0.0000000   0.0000000   0.0000000   0.0000000
 139.3959806   0.0000000   0.0000000   0.0000000   0.0000000   0.0000000   0.0000000   0.0000000   0.0000000   0.0000000   0.0000000
 139.6882153   0.0000000   0.0000000   0.0000000   0.0000000   0.0000000   0.0000000   0.0000000   0.0000000   0.0000000   0.0000000
 139.9804501   0.0000000   0.0000000   0.0000000   0.0000000   0.0000000   0.0000000   0.0000000   0.0000000   0.0000000   0.0000000
 140.2726848   0.0000000   0.0000000   0.0000000   0.0000000   0.0000000   0.0000000   0.0000000   0.0000000   0.0000000   0.0000000
 140.5649196   0.0000000   0.0000000   0.0000000   0.0000000   0.0000000   0.0000000   0.0000000   0.0000000   0.0000000   0.0000000
 140.8571544   0.0000000   0.0000000   0.0000000   0.0000000   0.0000000   0.0000000   0.0000000   0.0000000   0.0000000   0.0000000
 141.1493891   0.0000000   0.0000000   0.0000000   0.0000000   0.0000000   0.0000000   0.0000000   0.0000000   0.0000000   0.0000000
 141.4416239   0.0000000   0.0000000   0.0000000   0.0000000   0.0000000   0.0000000   0.0000000   0.0000000   0.0000000   0.0000000
 141.7338586   0.0000000   0.0000000   0.0000000   0.0000000   0.0000000   0.0000000   0.0000000   0.0000000   0.0000000   0.0000000
 142.0260934   0.0000000   0.0000000   0.0000000   0.0000000   0.0000000   0.0000000   0.0000000   0.0000000   0.0000000   0.0000000
 142.3183282   0.0000000   0.0000000   0.0000000   0.0000000   0.0000000   0.0000000   0.0000000   0.0000000   0.0000000   0.0000000
 142.6105629   0.0000000   0.0000000   0.0000000   0.0000000   0.0000000   0.0000000   0.0000000   0.0000000   0.0000000   0.0000000
 142.9027977   0.0000000   0.0000000   0.0000000   0.0000000   0.0000000   0.0000000   0.0000000   0.0000000   0.0000000   0.0000000
 143.1950324   0.0000000   0.0000000   0.0000000   0.0000000   0.0000000   0.0000000   0.0000000   0.0000000   0.0000000   0.0000000
 143.4872672   0.0000000   0.0000000   0.0000000   0.0000000   0.0000000   0.0000000   0.0000000   0.0000000   0.0000000   0.0000000
 143.7795020   0.0000000   0.0000000   0.0000000   0.0000000   0.0000000   0.0000000   0.0000000   0.0000000   0.0000000   0.0000000
 144.0717367   0.0000000   0.0000000   0.0000000   0.0000000   0.0000000   0.0000000   0.0000000   0.0000000   0.0000000   0.0000000
 144.3639715   0.0000000   0.0000000   0.0000000   0.0000000   0.0000000   0.0000000   0.0000000   0.0000000   0.0000000   0.0000000
 144.6562062   0.0000000   0.0000000   0.0000000   0.0000000   0.0000000   0.0000000   0.0000000   0.0000000   0.0000000   0.0000000
 144.9484410   0.0000000   0.0000000   0.0000000   0.0000000   0.0000000   0.0000000   0.0000000   0.0000000   0.0000000   0.0000000
 145.2406758   0.0000000   0.0000000   0.0000000   0.0000000   0.0000000   0.0000000   0.0000000   0.0000000   0.0000000   0.0000000
 145.5329105   0.0000000   0.0000000   0.0000000   0.0000000   0.0000000   0.0000000   0.0000000   0.0000000   0.0000000   0.0000000
 145.8251453   0.0000000   0.0000000   0.0000000   0.0000000   0.0000000   0.0000000   0.0000000   0.0000000   0.0000000   0.0000000
 146.1173800   0.0000000   0.0000000   0.0000000   0.0000000   0.0000000   0.0000000   0.0000000   0.0000000   0.0000000   0.0000000
