   0.2922348   0.0000000   0.0000000   0.0000000   0.0000000   0.0000001   0.0000003   0.0000007   0.0000010   0.0000014   0.0000020
   0.5844695   0.0000000   0.0000001   0.0000013   0.0000028   0.0000036   0.0000040   0.0000044   0.0000052   0.0000069   0.0000098
   0.8767043   0.0000111   0.0000155   0.0000125   0.0000102   0.0000096   0.0000118   0.0000170   0.0000247   0.0000341   0.0000443
   1.1689390   0.0000016   0.0000031   0.0000154   0.0000365   0.0000599   0.0000831   0.0001036   0.0001205   0.0001342   0.0001457
   1.4611738   0.0001910   0.0003278   0.0003708   0.0003728   0.0003584   0.0003420   0.0003288   0.0003195   0.0003137   0.0003107
   1.7534086   0.0002585   0.0003817   0.0004534   0.0004804   0.0004874   0.0004865   0.0004830   0.0004786   0.0004739   0.0004690
   2.0456433   0.0007067   0.0006232   0.0005797   0.0005729   0.0005804   0.0005904   0.0005973   0.0006000   0.0005991   0.0005959
   2.3378781   0.0009190   0.0009397   0.0008682   0.0008129   0.0007738   0.0007450   0.0007241   0.0007094   0.0006996   0.0006932
   2.6301128   0.0005485   0.0005818   0.0006282   0.0006676   0.0006993   0.0007222   0.0007379   0.0007490   0.0007578   0.0007656
   2.9223476   0.0009208   0.0008542   0.0008469   0.0008347   0.0008266   0.0008289   0.0008396   0.0008545   0.0008707   0.0008865
   3.2145824   0.0007907   0.0008410   0.0009426   0.0010112   0.0010481   0.0010676   0.0010794   0.0010882   0.0010960   0.0011039
   3.5068171   0.0014936   0.0014953   0.0014780   0.0014416   0.0014178   0.0014025   0.0013910   0.0013823   0.0013778   0.0013797
   3.7990519   0.0019469   0.0018303   0.0017339   0.0016768   0.0016479   0.0016351   0.0016341   0.0016473   0.0016786   0.0017301
   4.0912866   0.0015920   0.0016004   0.0016627   0.0017340   0.0018103   0.0019064   0.0020328   0.0021877   0.0023635   0.0025534
   4.3835214   0.0025560   0.0025607   0.0026553   0.0029199   0.0032408   0.0035582   0.0038578   0.0041393   0.0044086   0.0046734
   4.6757562   0.0096263   0.0092602   0.0085509   0.0082561   0.0081338   0.0080870   0.0081056   0.0081892   0.0083298   0.0085143
   4.9679909   0.0170561   0.0140068   0.0130246   0.0128454   0.0129197   0.0130739   0.0132520   0.0134306   0.0136000   0.0137570
   5.2602257   0.0186650   0.0192115   0.0192149   0.0194412   0.0196898   0.0198603   0.0199529   0.0199856   0.0199733   0.0199278
   5.5524604   0.0310707   0.0298364   0.0291011   0.0284290   0.0278125   0.0272718   0.0267998   0.0263784   0.0259938   0.0256373
   5.8446952   0.0287657   0.0290325   0.0298793   0.0302804   0.0303681   0.0302725   0.0300683   0.0298037   0.0295083   0.0291981
   6.1369300   0.0283140   0.0309069   0.0311905   0.0310669   0.0309596   0.0309129   0.0308949   0.0308683   0.0308082   0.0307039
   6.4291647   0.0314755   0.0312995   0.0310979   0.0312137   0.0313398   0.0314212   0.0314383   0.0314007   0.0313270   0.0312305
   6.7213995   0.0287611   0.0321988   0.0328647   0.0326339   0.0322187   0.0318298   0.0315258   0.0313037   0.0311419   0.0310179
   7.0136342   0.0263352   0.0270657   0.0279546   0.0287099   0.0292410   0.0296125   0.0298647   0.0300234   0.0301100   0.0301420
   7.3058690   0.0314098   0.0308469   0.0301837   0.0297938   0.0295685   0.0294454   0.0293727   0.0293165   0.0292574   0.0291867
   7.5981038   0.0286844   0.0297104   0.0295500   0.0292477   0.0289727   0.0286927   0.0284078   0.0281361   0.0278912   0.0276784
   7.8903385   0.0245420   0.0251413   0.0251513   0.0251472   0.0251476   0.0251361   0.0251104   0.0250774   0.0250433   0.0250122
   8.1825733   0.0199636   0.0206215   0.0208544   0.0209536   0.0210830   0.0212775   0.0215111   0.0217512   0.0219769   0.0221791
   8.4748080   0.0184177   0.0177099   0.0185440   0.0191809   0.0195714   0.0198228   0.0200088   0.0201697   0.0203239   0.0204770
   8.7670428   0.0211052   0.0215489   0.0211920   0.0206851   0.0202906   0.0200324   0.0198776   0.0197936   0.0197577   0.0197560
   9.0592776   0.0184839   0.0181980   0.0183684   0.0186541   0.0189022   0.0190731   0.0191677   0.0192055   0.0192086   0.0191951
   9.3515123   0.0185920   0.0192268   0.0191788   0.0190351   0.0188882   0.0187592   0.0186614   0.0185943   0.0185492   0.0185176
   9.6437471   0.0185159   0.0180360   0.0177983   0.0176491   0.0176097   0.0176196   0.0176407   0.0176606   0.0176773   0.0176912
   9.9359818   0.0157217   0.0162101   0.0163178   0.0164418   0.0165795   0.0166967   0.0167866   0.0168530   0.0169015   0.0169371
  10.2282166   0.0179035   0.0172770   0.0169813   0.0168282   0.0166811   0.0165521   0.0164588   0.0164001   0.0163672   0.0163520
  10.5204514   0.0164995   0.0154325   0.0152854   0.0154122   0.0155497   0.0156448   0.0156995   0.0157269   0.0157400   0.0157479
  10.8126861   0.0164423   0.0159845   0.0155808   0.0153218   0.0151879   0.0151316   0.0151221   0.0151378   0.0151646   0.0151947
  11.1049209   0.0146153   0.0141517   0.0142268   0.0144303   0.0145784   0.0146721   0.0147315   0.0147726   0.0148059   0.0148372
  11.3971556   0.0132773   0.0145488   0.0148157   0.0147971   0.0147396   0.0146919   0.0146655   0.0146593   0.0146679   0.0146868
  11.6893904   0.0139334   0.0144909   0.0144855   0.0144700   0.0144971   0.0145447   0.0145925   0.0146352   0.0146733   0.0147076
  11.9816252   0.0143444   0.0148082   0.0148100   0.0148033   0.0148221   0.0148515   0.0148801   0.0149030   0.0149189   0.0149283
  12.2738599   0.0162052   0.0155613   0.0155316   0.0155365   0.0154945   0.0154247   0.0153512   0.0152843   0.0152257   0.0151737
  12.5660947   0.0161226   0.0155866   0.0153961   0.0153347   0.0153078   0.0152867   0.0152578   0.0152178   0.0151697   0.0151186
  12.8583294   0.0150196   0.0149355   0.0149497   0.0149078   0.0148576   0.0148163   0.0147847   0.0147623   0.0147481   0.0147411
  13.1505642   0.0115654   0.0132476   0.0137537   0.0139278   0.0140102   0.0140728   0.0141376   0.0142085   0.0142828   0.0143561
  13.4427990   0.0128574   0.0132896   0.0135342   0.0137061   0.0138525   0.0139953   0.0141279   0.0142425   0.0143372   0.0144147
  13.7350337   0.0152889   0.0154707   0.0154212   0.0153510   0.0152644   0.0151670   0.0150716   0.0149892   0.0149256   0.0148816
  14.0272685   0.0172604   0.0164226   0.0159663   0.0157260   0.0155552   0.0154272   0.0153345   0.0152681   0.0152188   0.0151798
  14.3195032   0.0137175   0.0139671   0.0140787   0.0143667   0.0146637   0.0149037   0.0150750   0.0151842   0.0152439   0.0152664
  14.6117380   0.0182255   0.0170268   0.0165996   0.0162903   0.0160139   0.0157908   0.0156219   0.0154951   0.0153962   0.0153137
  14.9039728   0.0137182   0.0144230   0.0149910   0.0151927   0.0152411   0.0152175   0.0151536   0.0150691   0.0149773   0.0148861
  15.1962075   0.0122694   0.0132476   0.0137402   0.0138489   0.0138711   0.0138881   0.0139050   0.0139144   0.0139120   0.0138980
  15.4884423   0.0124941   0.0125361   0.0126615   0.0127097   0.0127143   0.0127124   0.0127133   0.0127207   0.0127364   0.0127607
  15.7806770   0.0112947   0.0114520   0.0115330   0.0115318   0.0115401   0.0115647   0.0116057   0.0116643   0.0117406   0.0118336
  16.0729118   0.0116244   0.0107432   0.0106026   0.0106348   0.0107460   0.0108926   0.0110578   0.0112350   0.0114200   0.0116096
  16.3651466   0.0124259   0.0117111   0.0115441   0.0116066   0.0117479   0.0119134   0.0120897   0.0122705   0.0124492   0.0126214
  16.6573813   0.0148073   0.0149627   0.0147752   0.0146988   0.0146979   0.0147101   0.0147121   0.0147044   0.0146946   0.0146914
  16.9496161   0.0189645   0.0185147   0.0183163   0.0180298   0.0177375   0.0174730   0.0172456   0.0170608   0.0169227   0.0168325
  17.2418508   0.0159945   0.0169166   0.0175838   0.0178635   0.0180292   0.0181528   0.0182732   0.0184071   0.0185533   0.0187026
  17.5340856   0.0200699   0.0191064   0.0190323   0.0192344   0.0196021   0.0200589   0.0205172   0.0209203   0.0212468   0.0214980
  17.8263204   0.0276771   0.0262980   0.0264132   0.0265973   0.0265520   0.0263616   0.0261171   0.0258730   0.0256559   0.0254740
  18.1185551   0.0310871   0.0323675   0.0321472   0.0314982   0.0307934   0.0301528   0.0296129   0.0291702   0.0288059   0.0284976
  18.4107899   0.0266559   0.0266368   0.0272128   0.0278273   0.0284729   0.0290428   0.0294678   0.0297233   0.0298168   0.0297747
  18.7030246   0.0334432   0.0329060   0.0323148   0.0319626   0.0317360   0.0314555   0.0311169   0.0307595   0.0304071   0.0300666
  18.9952594   0.0428366   0.0382559   0.0347883   0.0327043   0.0313354   0.0303571   0.0296167   0.0290414   0.0285913   0.0282384
  19.2874942   0.0157158   0.0176629   0.0190250   0.0205391   0.0217996   0.0227503   0.0234548   0.0239741   0.0243563   0.0246392
  19.5797289   0.0194777   0.0204574   0.0209767   0.0211059   0.0211224   0.0212073   0.0214132   0.0217074   0.0220424   0.0223835
  19.8719637   0.0257282   0.0231619   0.0224480   0.0222720   0.0222221   0.0221806   0.0221383   0.0221214   0.0221541   0.0222452
  20.1641984   0.0268632   0.0248206   0.0234925   0.0229656   0.0227902   0.0227660   0.0228066   0.0228775   0.0229664   0.0230706
  20.4564332   0.0212930   0.0223323   0.0229057   0.0233390   0.0236649   0.0239286   0.0241567   0.0243569   0.0245309   0.0246811
  20.7486680   0.0238148   0.0256561   0.0267394   0.0271296   0.0272278   0.0272229   0.0271919   0.0271619   0.0271403   0.0271280
  21.0409027   0.0321688   0.0314518   0.0311888   0.0307845   0.0304357   0.0301796   0.0299801   0.0298116   0.0296702   0.0295607
  21.3331375   0.0317055   0.0304822   0.0307069   0.0310644   0.0312585   0.0313286   0.0313575   0.0313928   0.0314508   0.0315356
  21.6253722   0.0324522   0.0330191   0.0324107   0.0322107   0.0323880   0.0327158   0.0330863   0.0334688   0.0338574   0.0342495
  21.9176070   0.0403214   0.0391898   0.0381926   0.0376931   0.0376366   0.0378428   0.0381882   0.0386058   0.0390521   0.0394914
  22.2098418   0.0434018   0.0433714   0.0446022   0.0456968   0.0463753   0.0468014   0.0470955   0.0472823   0.0473603   0.0473337
  22.5020765   0.0607464   0.0594840   0.0591599   0.0591988   0.0588733   0.0582190   0.0573648   0.0564000   0.0553853   0.0543636
  22.7943113   0.0722655   0.0706866   0.0672998   0.0645545   0.0623866   0.0605665   0.0589514   0.0574857   0.0561507   0.0549384
  23.0865460   0.0397251   0.0439898   0.0454009   0.0462800   0.0470591   0.0476514   0.0480462   0.0482863   0.0484172   0.0484761
  23.3787808   0.0349554   0.0346036   0.0354403   0.0362070   0.0369873   0.0378804   0.0388872   0.0399574   0.0410376   0.0420930
  23.6710156   0.0372003   0.0369723   0.0368825   0.0372595   0.0378052   0.0384577   0.0392241   0.0401132   0.0411267   0.0422573
  23.9632503   0.0519237   0.0475540   0.0465332   0.0464147   0.0466590   0.0470953   0.0476775   0.0484247   0.0493480   0.0504241
  24.2554851   0.0571485   0.0596651   0.0608114   0.0609969   0.0613484   0.0620942   0.0631315   0.0642696   0.0653509   0.0662862
  24.5477198   0.0722266   0.0766176   0.0807226   0.0844228   0.0868852   0.0882169   0.0886633   0.0884736   0.0878582   0.0869736
  24.8399546   0.1400797   0.1393142   0.1334338   0.1268889   0.1208049   0.1155566   0.1110894   0.1072366   0.1038504   0.1008244
  25.1321894   0.0822476   0.0922149   0.0970313   0.0998707   0.1013732   0.1017122   0.1011811   0.1000909   0.0986748   0.0970832
  25.4244241   0.0836128   0.0816156   0.0800718   0.0791111   0.0790361   0.0796294   0.0805119   0.0813782   0.0820495   0.0824535
  25.7166589   0.0625521   0.0642759   0.0649997   0.0657448   0.0663644   0.0668083   0.0671816   0.0675845   0.0680479   0.0685464
  26.0088936   0.0626877   0.0601193   0.0587875   0.0581702   0.0578186   0.0576138   0.0575272   0.0575346   0.0576228   0.0577890
  26.3011284   0.0545606   0.0490630   0.0478157   0.0476744   0.0478235   0.0480046   0.0481600   0.0483000   0.0484473   0.0486195
  26.5933632   0.0397436   0.0401365   0.0398574   0.0397087   0.0397098   0.0398134   0.0399988   0.0402403   0.0405162   0.0408139
  26.8855979   0.0326911   0.0317127   0.0322420   0.0328750   0.0333661   0.0337480   0.0340776   0.0343944   0.0347168   0.0350480
  27.1778327   0.0296781   0.0314468   0.0313331   0.0310008   0.0308142   0.0308126   0.0309275   0.0310936   0.0312774   0.0314673
  27.4700674   0.0253888   0.0267984   0.0280798   0.0288924   0.0292545   0.0293480   0.0293213   0.0292561   0.0291902   0.0291395
  27.7623022   0.0300750   0.0293793   0.0286127   0.0280359   0.0276217   0.0273216   0.0270931   0.0269091   0.0267575   0.0266347
  28.0545370   0.0259835   0.0242144   0.0234842   0.0232078   0.0231948   0.0232692   0.0233496   0.0234184   0.0234778   0.0235327
  28.3467717   0.0181253   0.0188099   0.0191846   0.0194987   0.0197543   0.0199700   0.0201754   0.0203812   0.0205845   0.0207796
  28.6390065   0.0178669   0.0182918   0.0184427   0.0185278   0.0186023   0.0186959   0.0188093   0.0189353   0.0190691   0.0192085
  28.9312412   0.0185235   0.0187349   0.0187319   0.0186963   0.0186545   0.0186107   0.0185737   0.0185515   0.0185485   0.0185653
  29.2234760   0.0199153   0.0187196   0.0183843   0.0182759   0.0182311   0.0182040   0.0181870   0.0181755   0.0181649   0.0181542
  29.5157108   0.0190647   0.0178244   0.0174995   0.0174870   0.0175790   0.0176646   0.0177088   0.0177164   0.0177046   0.0176910
  29.8079455   0.0187497   0.0187557   0.0184103   0.0179885   0.0176375   0.0173779   0.0172136   0.0171399   0.0171460   0.0172163
  30.1001803   0.0135171   0.0137258   0.0143141   0.0149049   0.0154076   0.0158597   0.0163000   0.0167338   0.0171441   0.0175113
  30.3924150   0.0173680   0.0171869   0.0172473   0.0175775   0.0181074   0.0186837   0.0191676   0.0195074   0.0197103   0.0198048
  30.6846498   0.0279985   0.0285663   0.0289063   0.0281574   0.0269640   0.0257378   0.0246253   0.0236636   0.0228510   0.0221713
  30.9768846   0.0144412   0.0186989   0.0214033   0.0224176   0.0225888   0.0223933   0.0220536   0.0216690   0.0212842   0.0209208
  31.2691193   0.0147363   0.0139060   0.0139148   0.0141390   0.0146557   0.0153485   0.0160495   0.0166627   0.0171576   0.0175395
  31.5613541   0.0171320   0.0156451   0.0152217   0.0150277   0.0149778   0.0150177   0.0151403   0.0153507   0.0156398   0.0159869
  31.8535888   0.0160926   0.0162566   0.0162648   0.0162710   0.0162586   0.0162557   0.0163043   0.0164299   0.0166389   0.0169242
  32.1458236   0.0170167   0.0167895   0.0169563   0.0172878   0.0177330   0.0182516   0.0187823   0.0192821   0.0197332   0.0201345
  32.4380584   0.0225104   0.0234985   0.0245256   0.0250284   0.0252864   0.0254379   0.0255353   0.0255969   0.0256307   0.0256427
  32.7302931   0.0358681   0.0352556   0.0351947   0.0347517   0.0341064   0.0334130   0.0327450   0.0321356   0.0315934   0.0311145
  33.0225279   0.0356605   0.0360176   0.0357435   0.0353840   0.0351557   0.0349823   0.0347805   0.0345223   0.0342134   0.0338701
  33.3147626   0.0324668   0.0331070   0.0336582   0.0340298   0.0342342   0.0343448   0.0343991   0.0344066   0.0343649   0.0342721
  33.6069974   0.0328119   0.0334342   0.0340292   0.0341616   0.0341267   0.0340480   0.0339639   0.0338849   0.0338118   0.0337422
  33.8992322   0.0336872   0.0336022   0.0334456   0.0332234   0.0330478   0.0329312   0.0328522   0.0327989   0.0327684   0.0327585
  34.1914669   0.0303647   0.0303061   0.0304806   0.0307395   0.0309624   0.0311546   0.0313346   0.0315091   0.0316738   0.0318215
  34.4837017   0.0305880   0.0304470   0.0305859   0.0307238   0.0309119   0.0311312   0.0313348   0.0314955   0.0316119   0.0316956
  34.7759364   0.0329687   0.0333752   0.0336982   0.0336384   0.0333496   0.0329785   0.0326201   0.0323269   0.0321144   0.0319751
  35.0681712   0.0303813   0.0316269   0.0317873   0.0316152   0.0314809   0.0314681   0.0315336   0.0316199   0.0316942   0.0317478
  35.3604060   0.0247374   0.0264173   0.0280177   0.0292600   0.0301818   0.0308113   0.0312147   0.0314683   0.0316339   0.0317541
  35.6526407   0.0410175   0.0390294   0.0371502   0.0355111   0.0342340   0.0333468   0.0327930   0.0324974   0.0323876   0.0324026
  35.9448755   0.0254565   0.0269214   0.0282742   0.0295826   0.0307249   0.0316579   0.0323833   0.0329350   0.0333574   0.0336868
  36.2371103   0.0335846   0.0351621   0.0358976   0.0362031   0.0362733   0.0363146   0.0363977   0.0365020   0.0365853   0.0366190
  36.5293450   0.0437619   0.0438766   0.0435401   0.0430417   0.0425376   0.0419793   0.0413476   0.0406764   0.0400060   0.0393604
  36.8215798   0.0450997   0.0450335   0.0441366   0.0430021   0.0419954   0.0411331   0.0403490   0.0395985   0.0388676   0.0381615
  37.1138145   0.0261223   0.0283910   0.0304893   0.0317910   0.0324683   0.0327542   0.0328311   0.0328062   0.0327358   0.0326517
  37.4060493   0.0274155   0.0257541   0.0249315   0.0244818   0.0243570   0.0245244   0.0248984   0.0254046   0.0259947   0.0266376
  37.6982841   0.0174814   0.0178133   0.0182900   0.0189252   0.0197463   0.0206836   0.0216923   0.0227564   0.0238643   0.0249993
  37.9905188   0.0223075   0.0232328   0.0243715   0.0253491   0.0262037   0.0270572   0.0279509   0.0288760   0.0298173   0.0307641
  38.2827536   0.0400587   0.0421147   0.0424025   0.0425267   0.0425032   0.0424293   0.0423868   0.0424092   0.0424972   0.0426372
  38.5749883   0.0624466   0.0606584   0.0593778   0.0585259   0.0580091   0.0576109   0.0572007   0.0567360   0.0562177   0.0556621
  38.8672231   0.0706825   0.0704076   0.0701237   0.0696903   0.0691919   0.0685560   0.0677848   0.0669099   0.0659596   0.0649558
  39.1594579   0.0783945   0.0744379   0.0737385   0.0730494   0.0722544   0.0713784   0.0704583   0.0695098   0.0685280   0.0675012
  39.4516926   0.0713555   0.0662052   0.0654017   0.0651842   0.0650954   0.0649850   0.0647497   0.0643435   0.0637669   0.0630430
  39.7439274   0.0554567   0.0556754   0.0561982   0.0563693   0.0561115   0.0556168   0.0550194   0.0543834   0.0537347   0.0530826
  40.0361621   0.0382484   0.0411937   0.0416593   0.0412073   0.0406214   0.0400876   0.0396505   0.0393141   0.0390705   0.0389063
  40.3283969   0.0185844   0.0179463   0.0181728   0.0188569   0.0197291   0.0206645   0.0215893   0.0224743   0.0233119   0.0241015
  40.6206317   0.0079636   0.0079380   0.0081886   0.0087039   0.0094128   0.0102504   0.0111712   0.0121373   0.0131166   0.0140856
  40.9128664   0.0088929   0.0091244   0.0091826   0.0091741   0.0091687   0.0092046   0.0093100   0.0095032   0.0097913   0.0101714
  41.2051012   0.0095133   0.0099646   0.0100241   0.0098995   0.0097109   0.0095281   0.0093802   0.0092828   0.0092469   0.0092802
  41.4973359   0.0067983   0.0074346   0.0078412   0.0081429   0.0083727   0.0085683   0.0087368   0.0088795   0.0090002   0.0091062
  41.7895707   0.0083670   0.0085704   0.0088219   0.0089511   0.0090542   0.0091628   0.0092783   0.0093910   0.0094921   0.0095785
  42.0818055   0.0124027   0.0114199   0.0112374   0.0111185   0.0110242   0.0109138   0.0107908   0.0106759   0.0105833   0.0105185
  42.3740402   0.0136991   0.0132849   0.0124856   0.0119268   0.0116091   0.0114348   0.0113333   0.0112722   0.0112401   0.0112331
  42.6662750   0.0088528   0.0092863   0.0098707   0.0104445   0.0108567   0.0111675   0.0114275   0.0116593   0.0118695   0.0120609
  42.9585097   0.0106638   0.0119191   0.0126948   0.0129895   0.0131590   0.0133210   0.0134917   0.0136651   0.0138408   0.0140236
  43.2507445   0.0166942   0.0174312   0.0176832   0.0175525   0.0173564   0.0171852   0.0170777   0.0170549   0.0171162   0.0172455
  43.5429793   0.0225937   0.0200615   0.0196751   0.0197168   0.0199534   0.0203058   0.0206938   0.0210579   0.0213711   0.0216285
  43.8352140   0.0267160   0.0252600   0.0256283   0.0264173   0.0269724   0.0272706   0.0274022   0.0274336   0.0274025   0.0273301
  44.1274488   0.0387143   0.0400857   0.0387252   0.0372155   0.0359925   0.0349983   0.0341716   0.0334762   0.0328844   0.0323716
  44.4196835   0.0355291   0.0349292   0.0348642   0.0349268   0.0350745   0.0351729   0.0351582   0.0350257   0.0347959   0.0344958
  44.7119183   0.0346373   0.0336590   0.0338783   0.0343233   0.0345955   0.0346916   0.0346874   0.0346247   0.0345144   0.0343572
  45.0041531   0.0428055   0.0380939   0.0361722   0.0350568   0.0343434   0.0338701   0.0335378   0.0332845   0.0330755   0.0328896
  45.2963878   0.0291805   0.0287572   0.0289637   0.0294924   0.0299376   0.0302067   0.0303321   0.0303632   0.0303373   0.0302781
  45.5886226   0.0280283   0.0282502   0.0280170   0.0277209   0.0274530   0.0272820   0.0271954   0.0271593   0.0271498   0.0271548
  45.8808573   0.0187768   0.0217209   0.0230354   0.0235247   0.0237073   0.0237870   0.0238453   0.0239161   0.0240100   0.0241244
  46.1730921   0.0171840   0.0190627   0.0198939   0.0202764   0.0205686   0.0208675   0.0211671   0.0214494   0.0217022   0.0219192
  46.4653269   0.0200927   0.0208590   0.0209382   0.0208749   0.0208529   0.0208754   0.0209055   0.0209185   0.0209032   0.0208576
  46.7575616   0.0229194   0.0220180   0.0219329   0.0218072   0.0215401   0.0211538   0.0206979   0.0202200   0.0197529   0.0193162
  47.0497964   0.0212141   0.0194237   0.0186036   0.0178931   0.0172707   0.0167370   0.0162783   0.0158793   0.0155295   0.0152225
  47.3420311   0.0049298   0.0055709   0.0062726   0.0069428   0.0075487   0.0080684   0.0085037   0.0088649   0.0091638   0.0094108
  47.6342659   0.0025804   0.0026824   0.0027698   0.0028911   0.0030855   0.0033659   0.0037147   0.0041034   0.0045063   0.0049045
  47.9265007   0.0021717   0.0022684   0.0022719   0.0022793   0.0023010   0.0023427   0.0024132   0.0025214   0.0026713   0.0028605
  48.2187354   0.0018851   0.0020790   0.0021140   0.0021311   0.0021420   0.0021519   0.0021645   0.0021836   0.0022146   0.0022627
  48.5109702   0.0019439   0.0020596   0.0020947   0.0021005   0.0021012   0.0021020   0.0021042   0.0021083   0.0021150   0.0021254
  48.8032049   0.0021189   0.0020933   0.0020782   0.0020741   0.0020762   0.0020809   0.0020856   0.0020895   0.0020925   0.0020951
  49.0954397   0.0021696   0.0021310   0.0021152   0.0021130   0.0021095   0.0021040   0.0020981   0.0020928   0.0020884   0.0020852
  49.3876745   0.0021143   0.0020910   0.0020861   0.0020809   0.0020743   0.0020692   0.0020659   0.0020638   0.0020621   0.0020605
  49.6799092   0.0018080   0.0018939   0.0019459   0.0019759   0.0019958   0.0020089   0.0020171   0.0020218   0.0020242   0.0020252
  49.9721440   0.0021455   0.0021037   0.0020742   0.0020494   0.0020279   0.0020120   0.0020016   0.0019955   0.0019923   0.0019908
  50.2643787   0.0018780   0.0018699   0.0018865   0.0019041   0.0019206   0.0019337   0.0019427   0.0019482   0.0019511   0.0019523
  50.5566135   0.0018546   0.0019329   0.0019475   0.0019405   0.0019329   0.0019277   0.0019238   0.0019203   0.0019166   0.0019126
  50.8488483   0.0018055   0.0018708   0.0019065   0.0019091   0.0018993   0.0018866   0.0018741   0.0018630   0.0018533   0.0018447
  51.1410830   0.0016371   0.0016537   0.0016862   0.0017076   0.0017196   0.0017268   0.0017306   0.0017316   0.0017304   0.0017276
  51.4333178   0.0015574   0.0016233   0.0016166   0.0016043   0.0015960   0.0015914   0.0015892   0.0015879   0.0015861   0.0015826
  51.7255525   0.0014554   0.0014417   0.0014366   0.0014376   0.0014409   0.0014420   0.0014379   0.0014286   0.0014152   0.0013993
  52.0177873   0.0013280   0.0013252   0.0013234   0.0013032   0.0012687   0.0012296   0.0011919   0.0011581   0.0011287   0.0011036
  52.3100221   0.0006408   0.0006331   0.0006441   0.0006512   0.0006550   0.0006577   0.0006605   0.0006638   0.0006677   0.0006722
  52.6022568   0.0000000   0.0000002   0.0000071   0.0000313   0.0000702   0.0001151   0.0001597   0.0002012   0.0002387   0.0002723
  52.8944916   0.0000000   0.0000000   0.0000000   0.0000001   0.0000009   0.0000045   0.0000130   0.0000267   0.0000449   0.0000661
  53.1867263   0.0000000   0.0000000   0.0000000   0.0000000   0.0000000   0.0000000   0.0000003   0.0000014   0.0000041   0.0000090
  53.4789611   0.0000000   0.0000000   0.0000000   0.0000000   0.0000000   0.0000000   0.0000000   0.0000000   0.0000002   0.0000007
  53.7711959   0.0000000   0.0000000   0.0000000   0.0000000   0.0000000   0.0000000   0.0000000   0.0000000   0.0000000   0.0000001
  54.0634306   0.0000000   0.0000000   0.0000000   0.0000000   0.0000000   0.0000000   0.0000000   0.0000002   0.0000007   0.0000025
  54.3556654   0.0000000   0.0000000   0.0000000   0.0000000   0.0000000   0.0000003   0.0000016   0.0000057   0.0000145   0.0000298
  54.6479001   0.0000000   0.0000000   0.0000000   0.0000008   0.0000061   0.0000207   0.0000477   0.0000885   0.0001423   0.0002075
  54.9401349   0.0000005   0.0000176   0.0000712   0.0001529   0.0002518   0.0003637   0.0004863   0.0006149   0.0007434   0.0008662
  55.2323697   0.0016352   0.0016095   0.0016391   0.0017171   0.0018330   0.0019559   0.0020638   0.0021487   0.0022108   0.0022530
  55.5246044   0.0048891   0.0051294   0.0050950   0.0049399   0.0047387   0.0045275   0.0043236   0.0041342   0.0039608   0.0038024
  55.8168392   0.0053991   0.0053820   0.0054316   0.0053982   0.0052877   0.0051354   0.0049634   0.0047829   0.0046000   0.0044181
  56.1090739   0.0038813   0.0038714   0.0038811   0.0039078   0.0039514   0.0039903   0.0040063   0.0039920   0.0039487   0.0038811
  56.4013087   0.0031286   0.0031512   0.0030813   0.0030071   0.0029408   0.0028855   0.0028438   0.0028153   0.0027960   0.0027805
  56.6935435   0.0012644   0.0012905   0.0013175   0.0013558   0.0013932   0.0014288   0.0014638   0.0014996   0.0015371   0.0015766
  56.9857782   0.0000036   0.0000391   0.0000953   0.0001626   0.0002377   0.0003181   0.0004004   0.0004817   0.0005606   0.0006364
  57.2780130   0.0000000   0.0000000   0.0000001   0.0000015   0.0000078   0.0000222   0.0000460   0.0000788   0.0001193   0.0001658
  57.5702477   0.0000000   0.0000000   0.0000000   0.0000000   0.0000000   0.0000004   0.0000018   0.0000058   0.0000136   0.0000261
  57.8624825   0.0000000   0.0000000   0.0000000   0.0000000   0.0000000   0.0000000   0.0000000   0.0000002   0.0000008   0.0000024
  58.1547173   0.0000000   0.0000000   0.0000000   0.0000000   0.0000000   0.0000000   0.0000000   0.0000000   0.0000000   0.0000001
  58.4469520   0.0000000   0.0000000   0.0000000   0.0000000   0.0000000   0.0000000   0.0000000   0.0000000   0.0000000   0.0000000
  58.7391868   0.0000000   0.0000000   0.0000000   0.0000000   0.0000000   0.0000000   0.0000000   0.0000000   0.0000000   0.0000000
  59.0314215   0.0000000   0.0000000   0.0000000   0.0000000   0.0000000   0.0000000   0.0000000   0.0000000   0.0000000   0.0000000
  59.3236563   0.0000000   0.0000000   0.0000000   0.0000000   0.0000000   0.0000000   0.0000000   0.0000000   0.0000000   0.0000000
  59.6158911   0.0000000   0.0000000   0.0000000   0.0000000   0.0000000   0.0000000   0.0000000   0.0000000   0.0000000   0.0000000
  59.9081258   0.0000000   0.0000000   0.0000000   0.0000000   0.0000000   0.0000000   0.0000000   0.0000000   0.0000000   0.0000000
  60.2003606   0.0000000   0.0000000   0.0000000   0.0000000   0.0000000   0.0000000   0.0000000   0.0000000   0.0000000   0.0000000
  60.4925953   0.0000000   0.0000000   0.0000000   0.0000000   0.0000000   0.0000000   0.0000000   0.0000000   0.0000000   0.0000000
  60.7848301   0.0000000   0.0000000   0.0000000   0.0000000   0.0000000   0.0000000   0.0000000   0.0000000   0.0000000   0.0000000
  61.0770649   0.0000000   0.0000000   0.0000000   0.0000000   0.0000000   0.0000000   0.0000000   0.0000000   0.0000000   0.0000000
  61.3692996   0.0000000   0.0000000   0.0000000   0.0000000   0.0000000   0.0000000   0.0000000   0.0000000   0.0000000   0.0000000
  61.6615344   0.0000000   0.0000000   0.0000000   0.0000000   0.0000000   0.0000000   0.0000000   0.0000000   0.0000000   0.0000000
  61.9537691   0.0000000   0.0000000   0.0000000   0.0000000   0.0000000   0.0000000   0.0000000   0.0000000   0.0000000   0.0000000
  62.2460039   0.0000000   0.0000000   0.0000000   0.0000000   0.0000000   0.0000000   0.0000000   0.0000000   0.0000000   0.0000000
  62.5382387   0.0000000   0.0000000   0.0000000   0.0000000   0.0000000   0.0000000   0.0000000   0.0000000   0.0000000   0.0000000
  62.8304734   0.0000000   0.0000000   0.0000000   0.0000000   0.0000000   0.0000000   0.0000000   0.0000000   0.0000000   0.0000000
  63.1227082   0.0000000   0.0000000   0.0000000   0.0000000   0.0000000   0.0000000   0.0000000   0.0000000   0.0000000   0.0000000
  63.4149429   0.0000000   0.0000000   0.0000000   0.0000000   0.0000000   0.0000000   0.0000000   0.0000000   0.0000000   0.0000000
  63.7071777   0.0000000   0.0000000   0.0000000   0.0000000   0.0000000   0.0000000   0.0000000   0.0000000   0.0000000   0.0000000
  63.9994125   0.0000000   0.0000000   0.0000000   0.0000000   0.0000000   0.0000000   0.0000000   0.0000000   0.0000000   0.0000000
  64.2916472   0.0000000   0.0000000   0.0000000   0.0000000   0.0000000   0.0000000   0.0000000   0.0000000   0.0000000   0.0000000
  64.5838820   0.0000000   0.0000000   0.0000000   0.0000000   0.0000000   0.0000000   0.0000000   0.0000000   0.0000000   0.0000000
  64.8761167   0.0000000   0.0000000   0.0000000   0.0000000   0.0000000   0.0000000   0.0000000   0.0000000   0.0000000   0.0000000
  65.1683515   0.0000000   0.0000000   0.0000000   0.0000000   0.0000000   0.0000000   0.0000000   0.0000000   0.0000000   0.0000000
  65.4605863   0.0000000   0.0000000   0.0000000   0.0000000   0.0000000   0.0000000   0.0000000   0.0000000   0.0000000   0.0000000
  65.7528210   0.0000000   0.0000000   0.0000000   0.0000000   0.0000000   0.0000000   0.0000000   0.0000000   0.0000000   0.0000000
  66.0450558   0.0000000   0.0000000   0.0000000   0.0000000   0.0000000   0.0000000   0.0000000   0.0000000   0.0000000   0.0000000
  66.3372905   0.0000000   0.0000000   0.0000000   0.0000000   0.0000000   0.0000000   0.0000000   0.0000000   0.0000000   0.0000000
  66.6295253   0.0000000   0.0000000   0.0000000   0.0000000   0.0000000   0.0000000   0.0000000   0.0000000   0.0000000   0.0000000
  66.9217601   0.0000000   0.0000000   0.0000000   0.0000000   0.0000000   0.0000000   0.0000000   0.0000000   0.0000000   0.0000000
  67.2139948   0.0000000   0.0000000   0.0000000   0.0000000   0.0000000   0.0000000   0.0000000   0.0000000   0.0000000   0.0000000
  67.5062296   0.0000000   0.0000000   0.0000000   0.0000000   0.0000000   0.0000000   0.0000000   0.0000000   0.0000000   0.0000000
  67.7984643   0.0000000   0.0000000   0.0000000   0.0000000   0.0000000   0.0000000   0.0000000   0.0000000   0.0000000   0.0000000
  68.0906991   0.0000000   0.0000000   0.0000000   0.0000000   0.0000000   0.0000000   0.0000000   0.0000000   0.0000000   0.0000000
  68.3829339   0.0000000   0.0000000   0.0000000   0.0000000   0.0000000   0.0000000   0.0000000   0.0000000   0.0000000   0.0000000
  68.6751686   0.0000000   0.0000000   0.0000000   0.0000000   0.0000000   0.0000000   0.0000000   0.0000000   0.0000000   0.0000000
  68.9674034   0.0000000   0.0000000   0.0000000   0.0000000   0.0000000   0.0000000   0.0000000   0.0000000   0.0000000   0.0000000
  69.2596381   0.0000000   0.0000000   0.0000000   0.0000000   0.0000000   0.0000000   0.0000000   0.0000000   0.0000000   0.0000000
  69.5518729   0.0000000   0.0000000   0.0000000   0.0000000   0.0000000   0.0000000   0.0000000   0.0000000   0.0000000   0.0000000
  69.8441077   0.0000000   0.0000000   0.0000000   0.0000000   0.0000000   0.0000000   0.0000000   0.0000000   0.0000000   0.0000000
  70.1363424   0.0000000   0.0000000   0.0000000   0.0000000   0.0000000   0.0000000   0.0000000   0.0000000   0.0000000   0.0000000
  70.4285772   0.0000000   0.0000000   0.0000000   0.0000000   0.0000000   0.0000000   0.0000000   0.0000000   0.0000000   0.0000000
  70.7208119   0.0000000   0.0000000   0.0000000   0.0000000   0.0000000   0.0000000   0.0000000   0.0000000   0.0000000   0.0000000
  71.0130467   0.0000000   0.0000000   0.0000000   0.0000000   0.0000000   0.0000000   0.0000000   0.0000000   0.0000000   0.0000000
  71.3052815   0.0000000   0.0000000   0.0000000   0.0000000   0.0000000   0.0000000   0.0000000   0.0000000   0.0000000   0.0000000
  71.5975162   0.0000000   0.0000000   0.0000000   0.0000000   0.0000000   0.0000000   0.0000000   0.0000000   0.0000000   0.0000003
  71.8897510   0.0000000   0.0000000   0.0000000   0.0000000   0.0000000   0.0000000   0.0000000   0.0000003   0.0000022   0.0000089
  72.1819857   0.0000000   0.0000000   0.0000000   0.0000000   0.0000000   0.0000003   0.0000034   0.0000177   0.0000558   0.0001288
  72.4742205   0.0000000   0.0000000   0.0000000   0.0000002   0.0000074   0.0000511   0.0001689   0.0003753   0.0006595   0.0010006
  72.7664553   0.0000000   0.0000001   0.0000393   0.0003208   0.0008972   0.0016252   0.0023751   0.0030836   0.0037350   0.0043349
  73.0586900   0.0070092   0.0090632   0.0097444   0.0101743   0.0103964   0.0105268   0.0106536   0.0108151   0.0110231   0.0112808
  73.3509248   0.0220150   0.0221932   0.0218834   0.0215485   0.0211588   0.0207713   0.0204558   0.0202551   0.0201847   0.0202434
  73.6431595   0.0295879   0.0286741   0.0278680   0.0276585   0.0278641   0.0282998   0.0288192   0.0293502   0.0298775   0.0304121
  73.9353943   0.0342640   0.0366162   0.0381890   0.0394128   0.0403430   0.0411080   0.0418307   0.0425777   0.0433702   0.0442042
  74.2276291   0.0614362   0.0614595   0.0611751   0.0609087   0.0608471   0.0610500   0.0614910   0.0621061   0.0628236   0.0635769
  74.5198638   0.0857984   0.0835384   0.0836177   0.0844037   0.0853564   0.0862343   0.0869349   0.0874121   0.0876578   0.0876913
  74.8120986   0.1260361   0.1219640   0.1206303   0.1197679   0.1187717   0.1174878   0.1159614   0.1142838   0.1125390   0.1107896
  75.1043333   0.1471455   0.1462071   0.1427206   0.1392151   0.1359119   0.1328175   0.1299671   0.1273697   0.1249980   0.1228079
  75.3965681   0.1160605   0.1157875   0.1166108   0.1182056   0.1197966   0.1210533   0.1218500   0.1221718   0.1220699   0.1216226
  75.6888029   0.1154358   0.1139308   0.1142982   0.1147159   0.1149685   0.1151544   0.1153433   0.1155259   0.1156591   0.1157033
  75.9810376   0.1163212   0.1161251   0.1148566   0.1134084   0.1121776   0.1111762   0.1103950   0.1098358   0.1094826   0.1092982
  76.2732724   0.0958373   0.0971977   0.0980531   0.0987472   0.0995651   0.1003980   0.1011170   0.1016903   0.1021500   0.1025480
  76.5655071   0.0868794   0.0920280   0.0943580   0.0953596   0.0958018   0.0961110   0.0964890   0.0969889   0.0975880   0.0982385
  76.8577419   0.0937341   0.0949731   0.0952401   0.0953906   0.0956299   0.0960378   0.0965685   0.0971409   0.0976909   0.0981812
  77.1499767   0.1005891   0.0996046   0.0996821   0.1003582   0.1010905   0.1015692   0.1017077   0.1015600   0.1012202   0.1007719
  77.4422114   0.1204337   0.1187524   0.1156760   0.1126049   0.1096715   0.1070806   0.1048841   0.1030373   0.1014723   0.1001293
  77.7344462   0.0810210   0.0850279   0.0880632   0.0903732   0.0917880   0.0924923   0.0927189   0.0926426   0.0923847   0.0920269
  78.0266809   0.0817153   0.0795526   0.0785458   0.0780322   0.0780683   0.0785365   0.0792275   0.0799710   0.0806703   0.0812855
  78.3189157   0.0706244   0.0710960   0.0712052   0.0714174   0.0716921   0.0719588   0.0722721   0.0726964   0.0732451   0.0738925
  78.6111505   0.0691178   0.0689700   0.0683160   0.0681078   0.0683539   0.0688192   0.0693644   0.0699302   0.0705063   0.0711012
  78.9033852   0.0737066   0.0711433   0.0706729   0.0708250   0.0710401   0.0712296   0.0714411   0.0717037   0.0720082   0.0723255
  79.1956200   0.0782171   0.0772567   0.0761364   0.0758377   0.0758397   0.0759115   0.0759637   0.0759319   0.0757758   0.0754844
  79.4878547   0.0845116   0.0835567   0.0823115   0.0819001   0.0815348   0.0808998   0.0799433   0.0787279   0.0773515   0.0759053
  79.7800895   0.0862323   0.0857927   0.0835166   0.0807689   0.0779094   0.0751601   0.0726718   0.0704896   0.0685981   0.0669614
  80.0723243   0.0398206   0.0406062   0.0417551   0.0433387   0.0448357   0.0460799   0.0470685   0.0478430   0.0484502   0.0489303
  80.3645590   0.0239856   0.0222377   0.0219255   0.0225802   0.0239635   0.0257676   0.0277416   0.0297182   0.0315986   0.0333334
  80.6567938   0.0229421   0.0243632   0.0248026   0.0249636   0.0250936   0.0252875   0.0256364   0.0261864   0.0269313   0.0278341
  80.9490285   0.0301417   0.0293064   0.0293784   0.0293299   0.0291836   0.0290279   0.0288919   0.0288081   0.0288161   0.0289481
  81.2412633   0.0274519   0.0303924   0.0314589   0.0316319   0.0315816   0.0315490   0.0315766   0.0316482   0.0317486   0.0318736
  81.5334981   0.0289639   0.0305664   0.0320432   0.0332464   0.0340376   0.0345753   0.0349842   0.0353166   0.0355882   0.0358039
  81.8257328   0.0484604   0.0446447   0.0427810   0.0418505   0.0414442   0.0412542   0.0411345   0.0410261   0.0409096   0.0407813
  82.1179676   0.0542900   0.0514695   0.0492854   0.0480937   0.0474380   0.0468841   0.0463337   0.0458026   0.0453099   0.0448598
  82.4102023   0.0558518   0.0503000   0.0481026   0.0474581   0.0472281   0.0470892   0.0469505   0.0467758   0.0465538   0.0462872
  82.7024371   0.0420604   0.0436838   0.0444120   0.0451574   0.0456121   0.0458326   0.0459230   0.0459287   0.0458644   0.0457374
  82.9946719   0.0473799   0.0463786   0.0461210   0.0457838   0.0454067   0.0450595   0.0447493   0.0444700   0.0442173   0.0439856
  83.2869066   0.0389199   0.0416259   0.0420609   0.0418277   0.0415677   0.0413630   0.0412025   0.0410669   0.0409444   0.0408310
  83.5791414   0.0370109   0.0339080   0.0343273   0.0351363   0.0357864   0.0362259   0.0365156   0.0367193   0.0368742   0.0369982
  83.8713761   0.0408808   0.0376331   0.0356750   0.0344065   0.0337301   0.0334673   0.0334374   0.0335225   0.0336575   0.0338080
  84.1636109   0.0235150   0.0267880   0.0288586   0.0300023   0.0307032   0.0311061   0.0313253   0.0314470   0.0315214   0.0315747
  84.4558457   0.0316093   0.0316561   0.0314721   0.0310888   0.0306782   0.0303410   0.0300872   0.0298946   0.0297467   0.0296383
  84.7480804   0.0320881   0.0288182   0.0278046   0.0275716   0.0274701   0.0273792   0.0272976   0.0272450   0.0272363   0.0272742
  85.0403152   0.0245251   0.0231115   0.0227008   0.0228796   0.0232513   0.0236793   0.0241390   0.0246010   0.0250374   0.0254323
  85.3325499   0.0280277   0.0241884   0.0233225   0.0235950   0.0241173   0.0246078   0.0250108   0.0253359   0.0256035   0.0258297
  85.6247847   0.0361580   0.0340902   0.0323374   0.0309555   0.0299302   0.0291482   0.0285481   0.0280893   0.0277397   0.0274741
  85.9170195   0.0271151   0.0264559   0.0272119   0.0278961   0.0282894   0.0284295   0.0283974   0.0282592   0.0280637   0.0278457
  86.2092542   0.0283724   0.0269453   0.0269559   0.0269436   0.0268668   0.0268171   0.0268089   0.0268175   0.0268206   0.0268080
  86.5014890   0.0257404   0.0252358   0.0251364   0.0251646   0.0252164   0.0252625   0.0253146   0.0253847   0.0254728   0.0255698
  86.7937237   0.0222772   0.0245602   0.0241301   0.0239554   0.0240693   0.0242781   0.0244889   0.0246718   0.0248222   0.0249437
  87.0859585   0.0285408   0.0267978   0.0259255   0.0256046   0.0254308   0.0252944   0.0251821   0.0250887   0.0250090   0.0249398
  87.3781933   0.0250572   0.0258207   0.0254396   0.0254437   0.0254276   0.0252934   0.0251004   0.0248997   0.0247131   0.0245473
  87.6704280   0.0277282   0.0262989   0.0244625   0.0236061   0.0233212   0.0232655   0.0232701   0.0232728   0.0232588   0.0232309
  87.9626628   0.0197368   0.0212351   0.0212584   0.0212135   0.0212791   0.0213558   0.0214289   0.0215078   0.0215931   0.0216780
  88.2548975   0.0202268   0.0193084   0.0195811   0.0198731   0.0200373   0.0201730   0.0203025   0.0204218   0.0205301   0.0206320
  88.5471323   0.0152161   0.0181082   0.0197343   0.0202314   0.0202892   0.0202396   0.0201902   0.0201694   0.0201843   0.0202343
  88.8393671   0.0150408   0.0182379   0.0194115   0.0197472   0.0198471   0.0199026   0.0199806   0.0200923   0.0202254   0.0203650
  89.1316018   0.0263460   0.0213637   0.0199597   0.0197920   0.0200827   0.0204848   0.0208343   0.0210893   0.0212628   0.0213795
  89.4238366   0.0316843   0.0274912   0.0262813   0.0254700   0.0247531   0.0241462   0.0236733   0.0233264   0.0230792   0.0229033
  89.7160713   0.0192004   0.0203358   0.0219516   0.0229365   0.0234642   0.0237021   0.0237804   0.0237701   0.0237100   0.0236234
  90.0083061   0.0263836   0.0248235   0.0239718   0.0236233   0.0235166   0.0235419   0.0236121   0.0236737   0.0237035   0.0236973
  90.3005409   0.0254293   0.0257598   0.0251285   0.0246523   0.0243629   0.0241336   0.0239288   0.0237553   0.0236198   0.0235187
  90.5927756   0.0249368   0.0228863   0.0227359   0.0227770   0.0227944   0.0228019   0.0228158   0.0228345   0.0228504   0.0228587
  90.8850104   0.0164128   0.0195224   0.0204427   0.0209360   0.0213323   0.0216443   0.0218737   0.0220318   0.0221324   0.0221883
  91.1772451   0.0246007   0.0248420   0.0239654   0.0233222   0.0228100   0.0224260   0.0221450   0.0219336   0.0217711   0.0216460
  91.4694799   0.0195642   0.0197774   0.0200147   0.0205151   0.0207653   0.0207891   0.0207179   0.0206301   0.0205547   0.0204984
  91.7617147   0.0207692   0.0200249   0.0185779   0.0180138   0.0180272   0.0182557   0.0185220   0.0187608   0.0189562   0.0191112
  92.0539494   0.0221807   0.0207110   0.0193517   0.0186794   0.0184133   0.0183253   0.0183171   0.0183553   0.0184215   0.0184992
  92.3461842   0.0123812   0.0163351   0.0175743   0.0182177   0.0184790   0.0185546   0.0185507   0.0185091   0.0184486   0.0183813
  92.6384189   0.0168380   0.0169896   0.0182539   0.0187164   0.0186898   0.0185273   0.0183439   0.0181629   0.0179918   0.0178359
  92.9306537   0.0116677   0.0156709   0.0168282   0.0169381   0.0168176   0.0166764   0.0165645   0.0164893   0.0164425   0.0164112
  93.2228885   0.0117861   0.0133531   0.0131567   0.0131924   0.0134926   0.0138758   0.0142202   0.0144895   0.0146847   0.0148185
  93.5151232   0.0157742   0.0156375   0.0151808   0.0147309   0.0144205   0.0141982   0.0140310   0.0139080   0.0138221   0.0137651
  93.8073580   0.0122408   0.0128187   0.0131803   0.0133545   0.0132602   0.0130669   0.0128721   0.0127083   0.0125809   0.0124868
  94.0995927   0.0045674   0.0073826   0.0086332   0.0093021   0.0097562   0.0101025   0.0103699   0.0105662   0.0107012   0.0107876
  94.3918275   0.0125401   0.0108827   0.0102169   0.0098360   0.0095983   0.0094706   0.0094109   0.0093908   0.0093917   0.0094004
  94.6840623   0.0080456   0.0087566   0.0087094   0.0086281   0.0085589   0.0084672   0.0083588   0.0082499   0.0081507   0.0080645
  94.9762970   0.0061094   0.0063997   0.0063144   0.0062985   0.0063248   0.0063545   0.0063641   0.0063472   0.0063095   0.0062619
  95.2685318   0.0047809   0.0044535   0.0045042   0.0044432   0.0043355   0.0042285   0.0041521   0.0041171   0.0041215   0.0041571
  95.5607665   0.0005177   0.0007197   0.0009022   0.0010840   0.0012848   0.0015084   0.0017449   0.0019823   0.0022141   0.0024381
  95.8530013   0.0000315   0.0001205   0.0003044   0.0005740   0.0008705   0.0011525   0.0014128   0.0016573   0.0018905   0.0021144
  96.1452361   0.0052303   0.0048276   0.0042248   0.0037690   0.0034691   0.0032867   0.0031880   0.0031478   0.0031491   0.0031807
  96.4374708   0.0038566   0.0039282   0.0041481   0.0044568   0.0046582   0.0047379   0.0047428   0.0047092   0.0046590   0.0046065
  96.7297056   0.0097291   0.0075034   0.0066031   0.0062751   0.0061151   0.0060097   0.0059269   0.0058565   0.0057944   0.0057382
  97.0219403   0.0060479   0.0075330   0.0071001   0.0067349   0.0065812   0.0065297   0.0065211   0.0065276   0.0065356   0.0065387
  97.3141751   0.0059700   0.0059220   0.0061247   0.0065278   0.0068626   0.0070744   0.0071945   0.0072598   0.0072941   0.0073102
  97.6064099   0.0105775   0.0107963   0.0098999   0.0092406   0.0087906   0.0085024   0.0083264   0.0082192   0.0081516   0.0081073
  97.8986446   0.0052777   0.0068475   0.0075396   0.0080253   0.0083658   0.0085667   0.0086635   0.0087017   0.0087146   0.0087198
  98.1908794   0.0087498   0.0100308   0.0099521   0.0096374   0.0093711   0.0092421   0.0092211   0.0092556   0.0093086   0.0093611
  98.4831141   0.0062195   0.0073286   0.0084560   0.0093212   0.0098061   0.0100572   0.0101829   0.0102441   0.0102735   0.0102869
  98.7753489   0.0130368   0.0128059   0.0127137   0.0123662   0.0120038   0.0117366   0.0115536   0.0114228   0.0113208   0.0112340
  99.0675837   0.0080925   0.0106285   0.0115390   0.0117616   0.0118561   0.0118963   0.0118873   0.0118389   0.0117642   0.0116740
  99.3598184   0.0139978   0.0117862   0.0117200   0.0118135   0.0118215   0.0117745   0.0117056   0.0116308   0.0115540   0.0114762
  99.6520532   0.0138473   0.0122108   0.0116484   0.0112582   0.0110410   0.0109263   0.0108599   0.0108177   0.0107905   0.0107732
  99.9442879   0.0094748   0.0086630   0.0089768   0.0092127   0.0093975   0.0095569   0.0096943   0.0098122   0.0099134   0.0100020
 100.2365227   0.0073208   0.0081933   0.0089616   0.0092698   0.0093945   0.0094591   0.0095131   0.0095768   0.0096541   0.0097415
 100.5287575   0.0093532   0.0101891   0.0103244   0.0101073   0.0099529   0.0099074   0.0099255   0.0099705   0.0100247   0.0100816
 100.8209922   0.0092259   0.0091165   0.0097593   0.0102734   0.0105635   0.0107125   0.0107781   0.0107995   0.0108013   0.0107973
 101.1132270   0.0145569   0.0128546   0.0127302   0.0124813   0.0121628   0.0119049   0.0117310   0.0116186   0.0115449   0.0114972
 101.4054617   0.0091654   0.0097968   0.0105350   0.0110767   0.0114605   0.0116998   0.0118339   0.0119122   0.0119721   0.0120334
 101.6976965   0.0150613   0.0144578   0.0136836   0.0129931   0.0126037   0.0124749   0.0125188   0.0126585   0.0128378   0.0130205
 101.9899313   0.0105376   0.0111362   0.0120426   0.0129424   0.0136905   0.0142431   0.0146190   0.0148592   0.0150021   0.0150757
 102.2821660   0.0224554   0.0217651   0.0211513   0.0204428   0.0197140   0.0190619   0.0185101   0.0180410   0.0176291   0.0172549
 102.5744008   0.0185478   0.0190377   0.0192246   0.0192258   0.0190905   0.0188334   0.0184806   0.0180687   0.0176325   0.0171973
 102.8666355   0.0146280   0.0150900   0.0150095   0.0149291   0.0148525   0.0147842   0.0147184   0.0146428   0.0145477   0.0144306
 103.1588703   0.0101727   0.0096574   0.0096665   0.0097419   0.0098964   0.0100757   0.0102572   0.0104369   0.0106112   0.0107738
 103.4511051   0.0076214   0.0072969   0.0070120   0.0069135   0.0069871   0.0071565   0.0073663   0.0075905   0.0078189   0.0080469
 103.7433398   0.0050963   0.0057349   0.0060386   0.0062609   0.0063607   0.0064088   0.0064634   0.0065425   0.0066452   0.0067664
 104.0355746   0.0060365   0.0058938   0.0059450   0.0060877   0.0062137   0.0062879   0.0063223   0.0063367   0.0063483   0.0063686
 104.3278093   0.0116647   0.0089890   0.0076621   0.0069598   0.0065789   0.0063763   0.0062723   0.0062228   0.0062035   0.0062007
 104.6200441   0.0038864   0.0042574   0.0046641   0.0051114   0.0054859   0.0057417   0.0059017   0.0059977   0.0060529   0.0060830
 104.9122789   0.0058491   0.0072451   0.0070464   0.0067716   0.0065320   0.0063538   0.0062316   0.0061493   0.0060938   0.0060564
 105.2045136   0.0044199   0.0057761   0.0059330   0.0059914   0.0059895   0.0059618   0.0059296   0.0059029   0.0058854   0.0058770
 105.4967484   0.0039610   0.0041934   0.0045326   0.0048281   0.0050654   0.0052579   0.0054132   0.0055343   0.0056259   0.0056945
 105.7889831   0.0071796   0.0067338   0.0064429   0.0062140   0.0060511   0.0059399   0.0058723   0.0058403   0.0058333   0.0058410
 106.0812179   0.0070846   0.0063313   0.0061358   0.0060770   0.0060915   0.0061219   0.0061353   0.0061281   0.0061078   0.0060827
 106.3734527   0.0060817   0.0060943   0.0064055   0.0064537   0.0064051   0.0063405   0.0062845   0.0062391   0.0062001   0.0061643
 106.6656874   0.0041853   0.0051364   0.0056701   0.0059252   0.0060251   0.0060564   0.0060601   0.0060527   0.0060406   0.0060261
 106.9579222   0.0060709   0.0060395   0.0058965   0.0057926   0.0057447   0.0057385   0.0057504   0.0057653   0.0057769   0.0057834
 107.2501569   0.0065562   0.0057194   0.0056048   0.0055758   0.0055753   0.0055760   0.0055702   0.0055618   0.0055547   0.0055505
 107.5423917   0.0045086   0.0053939   0.0054598   0.0054120   0.0053651   0.0053332   0.0053144   0.0053057   0.0053053   0.0053123
 107.8346265   0.0040920   0.0043750   0.0046336   0.0048057   0.0048939   0.0049527   0.0050060   0.0050592   0.0051118   0.0051621
 108.1268612   0.0037606   0.0044595   0.0047674   0.0049176   0.0050153   0.0050954   0.0051650   0.0052244   0.0052736   0.0053136
 108.4190960   0.0065968   0.0063519   0.0061875   0.0060667   0.0059663   0.0058853   0.0058174   0.0057599   0.0057117   0.0056714
 108.7113308   0.0058601   0.0061348   0.0061973   0.0061579   0.0061064   0.0060509   0.0059920   0.0059312   0.0058708   0.0058130
 109.0035655   0.0061518   0.0054401   0.0054742   0.0055493   0.0055968   0.0056218   0.0056308   0.0056294   0.0056218   0.0056107
 109.2958003   0.0048526   0.0053348   0.0053645   0.0052956   0.0052439   0.0052266   0.0052353   0.0052594   0.0052910   0.0053251
 109.5880350   0.0033944   0.0042170   0.0045765   0.0047660   0.0049025   0.0050038   0.0050821   0.0051475   0.0052047   0.0052548
 109.8802698   0.0058091   0.0059703   0.0057410   0.0055876   0.0055094   0.0054823   0.0054757   0.0054726   0.0054684   0.0054638
 110.1725046   0.0058770   0.0057320   0.0059855   0.0060639   0.0060217   0.0059350   0.0058426   0.0057620   0.0056990   0.0056533
 110.4647393   0.0035687   0.0047186   0.0052046   0.0053752   0.0054465   0.0054964   0.0055429   0.0055857   0.0056210   0.0056468
 110.7569741   0.0050946   0.0051016   0.0052236   0.0052986   0.0053981   0.0055106   0.0056058   0.0056735   0.0057173   0.0057440
 111.0492088   0.0058555   0.0067560   0.0069330   0.0067826   0.0065620   0.0063560   0.0061900   0.0060690   0.0059885   0.0059398
 111.3414436   0.0043989   0.0047174   0.0051944   0.0054781   0.0056384   0.0057478   0.0058301   0.0058934   0.0059426   0.0059813
 111.6336784   0.0049494   0.0051261   0.0054205   0.0056056   0.0057337   0.0058605   0.0059814   0.0060834   0.0061623   0.0062197
 111.9259131   0.0056077   0.0068522   0.0073209   0.0073745   0.0072659   0.0071132   0.0069703   0.0068556   0.0067702   0.0067085
 112.2181479   0.0071305   0.0071712   0.0070701   0.0070572   0.0070546   0.0070504   0.0070338   0.0070027   0.0069613   0.0069157
 112.5103826   0.0060568   0.0068701   0.0068063   0.0067403   0.0067367   0.0067608   0.0067877   0.0068096   0.0068250   0.0068335
 112.8026174   0.0063584   0.0065805   0.0067700   0.0067805   0.0067494   0.0067244   0.0067183   0.0067271   0.0067427   0.0067585
 113.0948522   0.0062302   0.0059445   0.0061573   0.0064164   0.0066018   0.0067075   0.0067583   0.0067752   0.0067724   0.0067598
 113.3870869   0.0103322   0.0090304   0.0080538   0.0075093   0.0072046   0.0070101   0.0068735   0.0067748   0.0067040   0.0066543
 113.6793217   0.0085301   0.0067436   0.0061728   0.0060521   0.0060866   0.0061515   0.0062105   0.0062593   0.0063009   0.0063383
 113.9715564   0.0048657   0.0050002   0.0052823   0.0055194   0.0056939   0.0058294   0.0059501   0.0060612   0.0061597   0.0062430
 114.2637912   0.0071237   0.0066862   0.0066991   0.0067066   0.0066865   0.0066616   0.0066382   0.0066161   0.0065961   0.0065800
 114.5560260   0.0068636   0.0077254   0.0076955   0.0075541   0.0074093   0.0072688   0.0071355   0.0070175   0.0069218   0.0068502
 114.8482607   0.0065746   0.0065669   0.0065996   0.0065892   0.0065803   0.0065998   0.0066459   0.0067042   0.0067615   0.0068109
 115.1404955   0.0048827   0.0048850   0.0053209   0.0057916   0.0061819   0.0064743   0.0066852   0.0068359   0.0069440   0.0070221
 115.4327302   0.0120175   0.0104349   0.0095874   0.0089422   0.0084671   0.0081346   0.0079075   0.0077552   0.0076544   0.0075883
 115.7249650   0.0055630   0.0067896   0.0073185   0.0076105   0.0078117   0.0079251   0.0079649   0.0079573   0.0079253   0.0078842
 116.0171998   0.0068049   0.0078134   0.0079650   0.0079282   0.0078723   0.0078486   0.0078560   0.0078767   0.0078967   0.0079093
 116.3094345   0.0079475   0.0076395   0.0076976   0.0078423   0.0079191   0.0079442   0.0079478   0.0079476   0.0079506   0.0079574
 116.6016693   0.0091457   0.0086087   0.0082373   0.0080819   0.0080338   0.0080294   0.0080389   0.0080494   0.0080566   0.0080608
 116.8939040   0.0092341   0.0086411   0.0083734   0.0082784   0.0082484   0.0082319   0.0082167   0.0082025   0.0081897   0.0081779
 117.1861388   0.0086248   0.0083127   0.0082657   0.0082855   0.0082912   0.0082859   0.0082736   0.0082571   0.0082403   0.0082260
 117.4783736   0.0065481   0.0077516   0.0081287   0.0082332   0.0082224   0.0081930   0.0081787   0.0081804   0.0081916   0.0082068
 117.7706083   0.0060919   0.0069162   0.0073620   0.0076838   0.0078952   0.0080382   0.0081359   0.0082043   0.0082538   0.0082909
 118.0628431   0.0078827   0.0095739   0.0094174   0.0090551   0.0088217   0.0086957   0.0086281   0.0085904   0.0085688   0.0085564
 118.3550778   0.0092939   0.0085038   0.0086010   0.0087488   0.0088327   0.0088581   0.0088499   0.0088284   0.0088039   0.0087811
 118.6473126   0.0089706   0.0089458   0.0088391   0.0088188   0.0088312   0.0088476   0.0088614   0.0088716   0.0088792   0.0088858
 118.9395474   0.0107830   0.0097878   0.0093423   0.0091150   0.0090035   0.0089586   0.0089527   0.0089705   0.0090009   0.0090354
 119.2317821   0.0078711   0.0081843   0.0085394   0.0087858   0.0089841   0.0091387   0.0092503   0.0093249   0.0093714   0.0093984
 119.5240169   0.0098706   0.0104523   0.0106194   0.0105574   0.0104092   0.0102503   0.0101126   0.0100025   0.0099167   0.0098503
 119.8162516   0.0108647   0.0103291   0.0101972   0.0101682   0.0101436   0.0101154   0.0100809   0.0100433   0.0100074   0.0099762
 120.1084864   0.0090126   0.0093391   0.0094061   0.0094451   0.0095184   0.0096152   0.0097158   0.0098061   0.0098808   0.0099406
 120.4007212   0.0101699   0.0097058   0.0098189   0.0099814   0.0100622   0.0100907   0.0101068   0.0101303   0.0101653   0.0102095
 120.6929559   0.0116944   0.0113333   0.0110647   0.0108436   0.0107520   0.0107288   0.0107327   0.0107482   0.0107718   0.0108041
 120.9851907   0.0130524   0.0117674   0.0114717   0.0114197   0.0114353   0.0114725   0.0115167   0.0115641   0.0116150   0.0116717
 121.2774254   0.0109766   0.0119877   0.0122939   0.0124853   0.0126010   0.0126698   0.0127235   0.0127847   0.0128656   0.0129690
 121.5696602   0.0137270   0.0145134   0.0145618   0.0144290   0.0143564   0.0143841   0.0145016   0.0146758   0.0148714   0.0150622
 121.8618950   0.0170982   0.0157487   0.0159192   0.0164843   0.0170908   0.0175833   0.0179230   0.0181264   0.0182262   0.0182536
 122.1541297   0.0285038   0.0281164   0.0265753   0.0253550   0.0243540   0.0235083   0.0227996   0.0222079   0.0217115   0.0212920
 122.4463645   0.0250054   0.0232583   0.0228982   0.0230170   0.0230664   0.0229678   0.0227723   0.0225339   0.0222863   0.0220460
 122.7385992   0.0192225   0.0197421   0.0195631   0.0195865   0.0198430   0.0202090   0.0205840   0.0209093   0.0211629   0.0213442
 123.0308340   0.0210942   0.0206809   0.0208266   0.0209860   0.0210342   0.0210481   0.0210843   0.0211592   0.0212617   0.0213697
 123.3230688   0.0207748   0.0218097   0.0222645   0.0223990   0.0224220   0.0223996   0.0223435   0.0222540   0.0221337   0.0219863
 123.6153035   0.0235378   0.0236308   0.0237423   0.0235819   0.0233370   0.0230580   0.0227331   0.0223563   0.0219356   0.0214873
 123.9075383   0.0214580   0.0212862   0.0215020   0.0213127   0.0208644   0.0202926   0.0196841   0.0190886   0.0185290   0.0180130
 124.1997730   0.0120150   0.0120748   0.0118690   0.0116508   0.0115290   0.0114839   0.0114782   0.0114872   0.0114982   0.0115061
 124.4920078   0.0001845   0.0004222   0.0007999   0.0013731   0.0020428   0.0027239   0.0033726   0.0039729   0.0045205   0.0050160
 124.7842426   0.0000000   0.0000000   0.0000015   0.0000162   0.0000705   0.0001933   0.0003972   0.0006760   0.0010144   0.0013964
 125.0764773   0.0000000   0.0000000   0.0000000   0.0000002   0.0000026   0.0000143   0.0000495   0.0001258   0.0002587   0.0004563
 125.3687121   0.0000001   0.0000025   0.0000204   0.0000730   0.0001685   0.0003087   0.0004916   0.0007122   0.0009645   0.0012434
 125.6609468   0.0011770   0.0013078   0.0015333   0.0018420   0.0021997   0.0025794   0.0029601   0.0033277   0.0036737   0.0039942
 125.9531816   0.0084710   0.0084130   0.0084714   0.0085194   0.0085553   0.0085843   0.0086080   0.0086250   0.0086352   0.0086396
 126.2454164   0.0162452   0.0161427   0.0158914   0.0155750   0.0152045   0.0147990   0.0143872   0.0139914   0.0136230   0.0132847
 126.5376511   0.0180180   0.0180648   0.0177065   0.0173996   0.0171715   0.0169690   0.0167538   0.0165097   0.0162360   0.0159390
 126.8298859   0.0163735   0.0163508   0.0165058   0.0167176   0.0168590   0.0169142   0.0168995   0.0168312   0.0167195   0.0165711
 127.1221206   0.0173892   0.0174627   0.0171780   0.0168949   0.0166503   0.0164608   0.0163199   0.0162106   0.0161167   0.0160256
 127.4143554   0.0139658   0.0140209   0.0142709   0.0145079   0.0146776   0.0147879   0.0148493   0.0148727   0.0148693   0.0148470
 127.7065902   0.0127315   0.0135951   0.0136679   0.0136470   0.0135928   0.0135373   0.0134964   0.0134688   0.0134476   0.0134269
 127.9988249   0.0123623   0.0123491   0.0120868   0.0119931   0.0119662   0.0119515   0.0119314   0.0119058   0.0118794   0.0118560
 128.2910597   0.0104868   0.0106071   0.0103336   0.0102031   0.0101547   0.0101357   0.0101307   0.0101357   0.0101480   0.0101655
 128.5832944   0.0075802   0.0081638   0.0081394   0.0081634   0.0082367   0.0083185   0.0083975   0.0084729   0.0085455   0.0086157
 128.8755292   0.0073093   0.0073283   0.0072304   0.0072072   0.0072255   0.0072649   0.0073170   0.0073763   0.0074393   0.0075044
 129.1677640   0.0070873   0.0067195   0.0066988   0.0067378   0.0067591   0.0067662   0.0067706   0.0067797   0.0067969   0.0068230
 129.4599987   0.0062135   0.0063689   0.0063680   0.0063473   0.0063265   0.0063171   0.0063202   0.0063317   0.0063481   0.0063680
 129.7522335   0.0058359   0.0056262   0.0056848   0.0057930   0.0058817   0.0059446   0.0059880   0.0060191   0.0060435   0.0060652
 130.0444682   0.0064187   0.0064226   0.0062367   0.0060891   0.0059921   0.0059335   0.0059021   0.0058896   0.0058902   0.0059000
 130.3367030   0.0051910   0.0054287   0.0055018   0.0055791   0.0056512   0.0057072   0.0057494   0.0057836   0.0058145   0.0058454
 130.6289378   0.0059080   0.0059083   0.0058476   0.0058263   0.0058310   0.0058510   0.0058803   0.0059162   0.0059581   0.0060056
 130.9211725   0.0059372   0.0063407   0.0063499   0.0063199   0.0063073   0.0063149   0.0063423   0.0063870   0.0064439   0.0065073
 131.2134073   0.0068929   0.0066319   0.0067136   0.0068603   0.0070025   0.0071295   0.0072370   0.0073227   0.0073858   0.0074275
 131.5056420   0.0088047   0.0091623   0.0091623   0.0090873   0.0090063   0.0089199   0.0088244   0.0087192   0.0086050   0.0084831
 131.7978768   0.0102153   0.0105779   0.0104549   0.0102367   0.0099859   0.0097258   0.0094643   0.0092052   0.0089517   0.0087060
 132.0901116   0.0077566   0.0078035   0.0079565   0.0080343   0.0080213   0.0079501   0.0078423   0.0077098   0.0075607   0.0074018
 132.3823463   0.0047583   0.0049161   0.0049619   0.0049688   0.0049730   0.0049853   0.0050027   0.0050197   0.0050322   0.0050378
 132.6745811   0.0019773   0.0020128   0.0020235   0.0020507   0.0021135   0.0022024   0.0023067   0.0024199   0.0025376   0.0026557
 132.9668158   0.0000000   0.0000313   0.0001352   0.0002573   0.0003779   0.0004985   0.0006223   0.0007503   0.0008822   0.0010169
 133.2590506   0.0000000   0.0000000   0.0000000   0.0000016   0.0000108   0.0000338   0.0000714   0.0001226   0.0001857   0.0002593
 133.5512854   0.0000000   0.0000000   0.0000000   0.0000000   0.0000000   0.0000005   0.0000027   0.0000089   0.0000210   0.0000405
 133.8435201   0.0000000   0.0000000   0.0000000   0.0000000   0.0000000   0.0000000   0.0000000   0.0000003   0.0000012   0.0000036
 134.1357549   0.0000000   0.0000000   0.0000000   0.0000000   0.0000000   0.0000000   0.0000000   0.0000000   0.0000000   0.0000002
 134.4279896   0.0000000   0.0000000   0.0000000   0.0000000   0.0000000   0.0000000   0.0000000   0.0000000   0.0000000   0.0000000
 134.7202244   0.0000000   0.0000000   0.0000000   0.0000000   0.0000000   0.0000000   0.0000000   0.0000000   0.0000000   0.0000000
 135.0124592   0.0000000   0.0000000   0.0000000   0.0000000   0.0000000   0.0000000   0.0000000   0.0000000   0.0000000   0.0000000
 135.3046939   0.0000000   0.0000000   0.0000000   0.0000000   0.0000000   0.0000000   0.0000000   0.0000000   0.0000000   0.0000000
 135.5969287   0.0000000   0.0000000   0.0000000   0.0000000   0.0000000   0.0000000   0.0000000   0.0000000   0.0000000   0.0000000
 135.8891634   0.0000000   0.0000000   0.0000000   0.0000000   0.0000000   0.0000000   0.0000000   0.0000000   0.0000000   0.0000000
 136.1813982   0.0000000   0.0000000   0.0000000   0.0000000   0.0000000   0.0000000   0.0000000   0.0000000   0.0000000   0.0000000
 136.4736330   0.0000000   0.0000000   0.0000000   0.0000000   0.0000000   0.0000000   0.0000000   0.0000000   0.0000000   0.0000000
 136.7658677   0.0000000   0.0000000   0.0000000   0.0000000   0.0000000   0.0000000   0.0000000   0.0000000   0.0000000   0.0000000
 137.0581025   0.0000000   0.0000000   0.0000000   0.0000000   0.0000000   0.0000000   0.0000000   0.0000000   0.0000000   0.0000000
 137.3503372   0.0000000   0.0000000   0.0000000   0.0000000   0.0000000   0.0000000   0.0000000   0.0000000   0.0000000   0.0000000
 137.6425720   0.0000000   0.0000000   0.0000000   0.0000000   0.0000000   0.0000000   0.0000000   0.0000000   0.0000000   0.0000000
 137.9348068   0.0000000   0.0000000   0.0000000   0.0000000   0.0000000   0.0000000   0.0000000   0.0000000   0.0000000   0.0000000
 138.2270415   0.0000000   0.0000000   0.0000000   0.0000000   0.0000000   0.0000000   0.0000000   0.0000000   0.0000000   0.0000000
 138.5192763   0.0000000   0.0000000   0.0000000   0.0000000   0.0000000   0.0000000   0.0000000   0.0000000   0.0000000   0.0000000
 138.8115110   0.0000000   0.0000000   0.0000000   0.0000000   0.0000000   0.0000000   0.0000000   0.0000000   0.0000000   0.0000000
 139.1037458   0.0000000   0.0000000   0.0000000   0.0000000   0.0000000   0.0000000   0.0000000   0.0000000   0.0000000   0.0000000
 139.3959806   0.0000000   0.0000000   0.0000000   0.0000000   0.0000000   0.0000000   0.0000000   0.0000000   0.0000000   0.0000000
 139.6882153   0.0000000   0.0000000   0.0000000   0.0000000   0.0000000   0.0000000   0.0000000   0.0000000   0.0000000   0.0000000
 139.9804501   0.0000000   0.0000000   0.0000000   0.0000000   0.0000000   0.0000000   0.0000000   0.0000000   0.0000000   0.0000000
 140.2726848   0.0000000   0.0000000   0.0000000   0.0000000   0.0000000   0.0000000   0.0000000   0.0000000   0.0000000   0.0000000
 140.5649196   0.0000000   0.0000000   0.0000000   0.0000000   0.0000000   0.0000000   0.0000000   0.0000000   0.0000000   0.0000000
 140.8571544   0.0000000   0.0000000   0.0000000   0.0000000   0.0000000   0.0000000   0.0000000   0.0000000   0.0000000   0.0000000
 141.1493891   0.0000000   0.0000000   0.0000000   0.0000000   0.0000000   0.0000000   0.0000000   0.0000000   0.0000000   0.0000000
 141.4416239   0.0000000   0.0000000   0.0000000   0.0000000   0.0000000   0.0000000   0.0000000   0.0000000   0.0000000   0.0000000
 141.7338586   0.0000000   0.0000000   0.0000000   0.0000000   0.0000000   0.0000000   0.0000000   0.0000000   0.0000000   0.0000000
 142.0260934   0.0000000   0.0000000   0.0000000   0.0000000   0.0000000   0.0000000   0.0000000   0.0000000   0.0000000   0.0000000
 142.3183282   0.0000000   0.0000000   0.0000000   0.0000000   0.0000000   0.0000000   0.0000000   0.0000000   0.0000000   0.0000000
 142.6105629   0.0000000   0.0000000   0.0000000   0.0000000   0.0000000   0.0000000   0.0000000   0.0000000   0.0000000   0.0000000
 142.9027977   0.0000000   0.0000000   0.0000000   0.0000000   0.0000000   0.0000000   0.0000000   0.0000000   0.0000000   0.0000000
 143.1950324   0.0000000   0.0000000   0.0000000   0.0000000   0.0000000   0.0000000   0.0000000   0.0000000   0.0000000   0.0000000
 143.4872672   0.0000000   0.0000000   0.0000000   0.0000000   0.0000000   0.0000000   0.0000000   0.0000000   0.0000000   0.0000000
 143.7795020   0.0000000   0.0000000   0.0000000   0.0000000   0.0000000   0.0000000   0.0000000   0.0000000   0.0000000   0.0000000
 144.0717367   0.0000000   0.0000000   0.0000000   0.0000000   0.0000000   0.0000000   0.0000000   0.0000000   0.0000000   0.0000000
 144.3639715   0.0000000   0.0000000   0.0000000   0.0000000   0.0000000   0.0000000   0.0000000   0.0000000   0.0000000   0.0000000
 144.6562062   0.0000000   0.0000000   0.0000000   0.0000000   0.0000000   0.0000000   0.0000000   0.0000000   0.0000000   0.0000000
 144.9484410   0.0000000   0.0000000   0.0000000   0.0000000   0.0000000   0.0000000   0.0000000   0.0000000   0.0000000   0.0000000
 145.2406758   0.0000000   0.0000000   0.0000000   0.0000000   0.0000000   0.0000000   0.0000000   0.0000000   0.0000000   0.0000000
 145.5329105   0.0000000   0.0000000   0.0000000   0.0000000   0.0000000   0.0000000   0.0000000   0.0000000   0.0000000   0.0000000
 145.8251453   0.0000000   0.0000000   0.0000000   0.0000000   0.0000000   0.0000000   0.0000000   0.0000000   0.0000000   0.0000000
 146.1173800   0.0000000   0.0000000   0.0000000   0.0000000   0.0000000   0.0000000   0.0000000   0.0000000   0.0000000   0.0000000

