0 -6261.10937717
1 -6261.10921828
2 -6261.10874444
3 -6261.10797918
4 -6261.10694015
5 -6261.10564640
6 -6261.10411288
7 -6261.10235725
8 -6261.10038455
9 -6261.09821035
10 -6261.09584547
11 -6261.09329448
12 -6261.09056245
13 -6261.08765927
14 -6261.08458063
15 -6261.08132909
16 -6261.07791043
17 -6261.07432524
18 -6261.07055678
19 -6261.06662648
20 -6261.06250418
21 -6261.05819723
22 -6261.05370522
23 -6261.04902008
24 -6261.04412417
25 -6261.03901051
26 -6261.03367510
27 -6261.02809976
28 -6261.02229144
29 -6261.01623202
30 -6261.00990520
31 -6261.00328613
32 -6260.99639001
33 -6260.98918450
34 -6260.98168435
35 -6260.97383302
36 -6260.96567913
37 -6260.95715768
38 -6260.94826633
39 -6260.93900219
40 -6260.92935994
