0 -6260.85773859
1 -6260.85773824
2 -6260.85768291
3 -6260.85766411
4 -6260.85762725
5 -6260.85758413
6 -6260.85752775
7 -6260.85745675
8 -6260.85737494
9 -6260.85727367
10 -6260.85716720
11 -6260.85703608
12 -6260.85688907
13 -6260.85672076
14 -6260.85653247
15 -6260.85631748
16 -6260.85607894
17 -6260.85581069
18 -6260.85551388
19 -6260.85518026
20 -6260.85481335
21 -6260.85440737
22 -6260.85396150
23 -6260.85346467
24 -6260.85292430
25 -6260.85233871
26 -6260.85169879
27 -6260.85100021
28 -6260.85024016
29 -6260.84942330
30 -6260.84854454
31 -6260.84758406
32 -6260.84656496
33 -6260.84547683
34 -6260.84429952
35 -6260.84303212
36 -6260.84170421
37 -6260.84028321
38 -6260.83877175
39 -6260.83716111
40 -6260.83548418
