0 -6261.10937773
1 -6261.10938732
2 -6261.10941602
3 -6261.10946298
4 -6261.10952722
5 -6261.10960882
6 -6261.10970387
7 -6261.10981325
8 -6261.10993203
9 -6261.11005829
10 -6261.11019112
11 -6261.11032504
12 -6261.11045735
13 -6261.11058629
14 -6261.11070538
15 -6261.11081201
16 -6261.11090384
17 -6261.11097336
18 -6261.11101894
19 -6261.11103464
20 -6261.11101645
21 -6261.11095951
22 -6261.11085992
23 -6261.11071407
24 -6261.11051393
25 -6261.11026038
26 -6261.10994844
27 -6261.10956514
28 -6261.10911808
29 -6261.10859592
30 -6261.10799704
31 -6261.10731384
32 -6261.10653875
33 -6261.10569057
34 -6261.10474011
35 -6261.10368190
36 -6261.10253559
37 -6261.10128776
38 -6261.09991555
39 -6261.09843312
40 -6261.09683720
