0 -6260.62759910
1 -6260.62933224
2 -6260.63067447
3 -6260.63160189
4 -6260.63211279
5 -6260.63222916
6 -6260.63196736
7 -6260.63134042
8 -6260.63035561
9 -6260.62902919
10 -6260.62737447
11 -6260.62537716
12 -6260.62306741
13 -6260.62045059
14 -6260.61752901
15 -6260.61431064
16 -6260.61081437
17 -6260.60703776
18 -6260.60296522
19 -6260.59860047
20 -6260.59394327
21 -6260.58898635
22 -6260.58372823
23 -6260.57814325
24 -6260.57224686
25 -6260.56601067
26 -6260.55944096
27 -6260.55253005
28 -6260.54526361
29 -6260.53765654
30 -6260.52968842
31 -6260.52131576
32 -6260.51258884
33 -6260.50346753
34 -6260.49395597
35 -6260.48401431
36 -6260.47371080
37 -6260.46302536
38 -6260.45200543
39 -6260.44065633
40 -6260.42891422
