0 -6260.85773859
1 -6260.85858908
2 -6260.85908268
3 -6260.85921790
4 -6260.85900232
5 -6260.85845651
6 -6260.85759625
7 -6260.85643651
8 -6260.85498424
9 -6260.85325506
10 -6260.85126099
11 -6260.84899701
12 -6260.84648157
13 -6260.84372168
14 -6260.84071325
15 -6260.83745490
16 -6260.83395830
17 -6260.83022503
18 -6260.82624052
19 -6260.82201614
20 -6260.81753943
21 -6260.81280992
22 -6260.80783133
23 -6260.80258727
24 -6260.79707848
25 -6260.79128749
26 -6260.78521639
27 -6260.77885029
28 -6260.77218836
29 -6260.76523376
30 -6260.75798861
31 -6260.75041994
32 -6260.74257586
33 -6260.73441872
34 -6260.72592055
35 -6260.71703083
36 -6260.70780645
37 -6260.69818164
38 -6260.68815175
39 -6260.67773140
40 -6260.66695381
