0 -6260.51013477
1 -6260.51011436
2 -6260.50989582
3 -6260.50968706
4 -6260.50938776
5 -6260.50900332
6 -6260.50851782
7 -6260.50792501
8 -6260.50722846
9 -6260.50640183
10 -6260.50544753
11 -6260.50434469
12 -6260.50309329
13 -6260.50167714
14 -6260.50010194
15 -6260.49834429
16 -6260.49638345
17 -6260.49422692
18 -6260.49186526
19 -6260.48922495
20 -6260.48639757
21 -6260.48330502
22 -6260.47993709
23 -6260.47623129
24 -6260.47228173
25 -6260.46800877
26 -6260.46343831
27 -6260.45849171
28 -6260.45319195
29 -6260.44755937
30 -6260.44155871
31 -6260.43509045
32 -6260.42834398
33 -6260.42119975
34 -6260.41361416
35 -6260.40550008
36 -6260.39722374
37 -6260.38850919
38 -6260.37939819
39 -6260.36979327
40 -6260.35992872
