0 -6261.00649876
1 -6261.00650327
2 -6261.00649369
3 -6261.00650899
4 -6261.00652529
5 -6261.00654777
6 -6261.00657244
7 -6261.00659921
8 -6261.00662696
9 -6261.00665240
10 -6261.00668159
11 -6261.00670405
12 -6261.00672280
13 -6261.00673454
14 -6261.00673877
15 -6261.00673074
16 -6261.00671057
17 -6261.00667378
18 -6261.00662018
19 -6261.00654560
20 -6261.00644832
21 -6261.00632523
22 -6261.00617446
23 -6261.00598973
24 -6261.00577188
25 -6261.00551864
26 -6261.00522399
27 -6261.00488409
28 -6261.00449461
29 -6261.00405692
30 -6261.00356750
31 -6261.00301200
32 -6261.00240526
33 -6261.00173574
34 -6261.00099172
35 -6261.00016717
36 -6260.99928697
37 -6260.99832324
38 -6260.99727786
39 -6260.99613726
40 -6260.99492677
