0 -6260.62759910
1 -6260.62759214
2 -6260.62746936
3 -6260.62740270
4 -6260.62729042
5 -6260.62715449
6 -6260.62698315
7 -6260.62677329
8 -6260.62653560
9 -6260.62625331
10 -6260.62595320
11 -6260.62560181
12 -6260.62521609
13 -6260.62478749
14 -6260.62431948
15 -6260.62380263
16 -6260.62324421
17 -6260.62263568
18 -6260.62198054
19 -6260.62126517
20 -6260.62050230
21 -6260.61968468
22 -6260.61881265
23 -6260.61786800
24 -6260.61686692
25 -6260.61580894
26 -6260.61468131
27 -6260.61348079
28 -6260.61220564
29 -6260.61086633
30 -6260.60945589
31 -6260.60794831
32 -6260.60637640
33 -6260.60473110
34 -6260.60297932
35 -6260.60112494
36 -6260.59920144
37 -6260.59717235
38 -6260.59503825
39 -6260.59278942
40 -6260.59045022
