0 -6260.62759911
1 -6260.62758512
2 -6260.62741560
3 -6260.62725852
4 -6260.62703175
5 -6260.62673894
6 -6260.62636545
7 -6260.62590501
8 -6260.62535831
9 -6260.62470218
10 -6260.62393606
11 -6260.62304006
12 -6260.62201147
13 -6260.62083028
14 -6260.61949578
15 -6260.61798305
16 -6260.61627356
17 -6260.61437415
18 -6260.61227303
19 -6260.60989980
20 -6260.60734115
21 -6260.60452224
22 -6260.60144384
23 -6260.59804560
24 -6260.59440314
25 -6260.59043648
26 -6260.58617300
27 -6260.58153491
28 -6260.57656067
29 -6260.57125833
30 -6260.56559662
31 -6260.55948964
32 -6260.55315680
33 -6260.54647027
34 -6260.53937541
35 -6260.53174665
36 -6260.52391939
37 -6260.51559961
38 -6260.50685832
39 -6260.49764540
40 -6260.48822050
