0 -6261.10937717
1 -6261.10938600
2 -6261.10941144
3 -6261.10945543
4 -6261.10951568
5 -6261.10959269
6 -6261.10968458
7 -6261.10979245
8 -6261.10991098
9 -6261.11004112
10 -6261.11018334
11 -6261.11033319
12 -6261.11048966
13 -6261.11065120
14 -6261.11081570
15 -6261.11097966
16 -6261.11114158
17 -6261.11129752
18 -6261.11144581
19 -6261.11158628
20 -6261.11171110
21 -6261.11181991
22 -6261.11190957
23 -6261.11197737
24 -6261.11201837
25 -6261.11203064
26 -6261.11201019
27 -6261.11195427
28 -6261.11185702
29 -6261.11171748
30 -6261.11153322
31 -6261.11129414
32 -6261.11100837
33 -6261.11066414
34 -6261.11025578
35 -6261.10977400
36 -6261.10923916
37 -6261.10862765
38 -6261.10794082
39 -6261.10716507
40 -6261.10632391
