0 -6261.10937717
1 -6261.10932847
2 -6261.10920049
3 -6261.10899815
4 -6261.10872598
5 -6261.10838833
6 -6261.10798934
7 -6261.10753297
8 -6261.10702303
9 -6261.10646312
10 -6261.10585673
11 -6261.10520718
12 -6261.10451767
13 -6261.10379128
14 -6261.10303094
15 -6261.10223951
16 -6261.10141971
17 -6261.10057418
18 -6261.09970544
19 -6261.09881594
20 -6261.09790803
21 -6261.09698398
22 -6261.09604601
23 -6261.09509624
24 -6261.09413676
25 -6261.09316957
26 -6261.09219663
27 -6261.09121984
28 -6261.09024102
29 -6261.08926196
30 -6261.08828440
31 -6261.08731001
32 -6261.08634043
33 -6261.08537726
34 -6261.08442204
35 -6261.08347630
36 -6261.08254150
37 -6261.08161907
38 -6261.08071041
39 -6261.07981685
40 -6261.07893969
