0 -3130.37072440
1 -3130.37138591
2 -3130.37185040
3 -3130.37212751
4 -3130.37221855
5 -3130.37212822
6 -3130.37186628
7 -3130.37144269
8 -3130.37085985
9 -3130.37011931
10 -3130.36923312
11 -3130.36820167
12 -3130.36703256
13 -3130.36572208
14 -3130.36427883
15 -3130.36270529
16 -3130.36100230
17 -3130.35917647
18 -3130.35722835
19 -3130.35516405
20 -3130.35298821
21 -3130.35069947
22 -3130.34829632
23 -3130.34578354
24 -3130.34315787
25 -3130.34042528
26 -3130.33758584
27 -3130.33464279
28 -3130.33159614
29 -3130.32844507
30 -3130.32518531
31 -3130.32182803
32 -3130.31836378
33 -3130.31479772
34 -3130.31112856
35 -3130.30735509
36 -3130.30348674
37 -3130.29951171
38 -3130.29543338
39 -3130.29125115
40 -3130.28696760
