0 -6260.51013476
1 -6260.51012459
2 -6260.50996822
3 -6260.50987815
4 -6260.50972883
5 -6260.50954743
6 -6260.50931977
7 -6260.50904193
8 -6260.50872801
9 -6260.50835724
10 -6260.50796286
11 -6260.50750432
12 -6260.50700282
13 -6260.50644840
14 -6260.50584576
15 -6260.50518466
16 -6260.50447627
17 -6260.50371207
18 -6260.50289660
19 -6260.50201361
20 -6260.50107771
21 -6260.50008027
22 -6260.49902338
23 -6260.49788688
24 -6260.49669167
25 -6260.49544008
26 -6260.49411459
27 -6260.49271231
28 -6260.49123033
29 -6260.48968005
30 -6260.48805129
31 -6260.48631343
32 -6260.48450287
33 -6260.48261214
34 -6260.48060338
35 -6260.47848684
36 -6260.47629914
37 -6260.47400082
38 -6260.47159284
39 -6260.46906802
40 -6260.46644921
