0 -6261.10937717
1 -6261.10091078
2 -6261.09243700
3 -6261.08395818
4 -6261.07547484
5 -6261.06698714
6 -6261.05849507
7 -6261.04999842
8 -6261.04149663
9 -6261.03295467
10 -6261.02414172
11 -6261.01532249
12 -6261.00649876
13 -6260.99767107
14 -6260.98883966
15 -6260.98000466
16 -6260.97116616
17 -6260.96232421
18 -6260.95347883
19 -6260.94463005
20 -6260.93577790
21 -6260.92692240
22 -6260.91806358
23 -6260.90920148
24 -6260.90033613
25 -6260.89146758
26 -6260.88259588
27 -6260.87372105
28 -6260.86484313
29 -6260.85596215
30 -6260.84707815
31 -6260.83819114
32 -6260.82930114
33 -6260.82040816
34 -6260.81151220
35 -6260.80261326
36 -6260.79371132
37 -6260.78480636
38 -6260.77589835
39 -6260.76698722
40 -6260.75807289
41 -6260.74915524
42 -6260.74023404
43 -6260.73130893
44 -6260.72237891
45 -6260.71335640
46 -6260.70425689
47 -6260.69515058
48 -6260.68603823
49 -6260.67692056
50 -6260.66779812
51 -6260.65867113
52 -6260.64953947
53 -6260.64040240
54 -6260.63125853
55 -6260.62210827
56 -6260.61295293
57 -6260.60379309
58 -6260.59462895
59 -6260.58546058
60 -6260.57628803
61 -6260.56711141
62 -6260.55793089
63 -6260.54874663
64 -6260.53955878
65 -6260.53036746
66 -6260.52117276
67 -6260.51197475
68 -6260.50277350
69 -6260.49356906
70 -6260.48436144
71 -6260.47515068
72 -6260.46593678
73 -6260.45671972
74 -6260.44749948
75 -6260.43827600
76 -6260.42904919
77 -6260.41981890
78 -6260.41058485
79 -6260.40134648
80 -6260.39210170
