0 -3130.19430167
1 -3130.19565447
2 -3130.19678465
3 -3130.19770199
4 -3130.19840204
5 -3130.19888669
6 -3130.19916890
7 -3130.19926115
8 -3130.19916358
9 -3130.19887401
10 -3130.19841067
11 -3130.19777160
12 -3130.19696818
13 -3130.19599103
14 -3130.19485434
15 -3130.19355916
16 -3130.19210283
17 -3130.19049672
18 -3130.18873680
19 -3130.18682946
20 -3130.18478033
21 -3130.18258859
22 -3130.18025164
23 -3130.17777632
24 -3130.17515342
25 -3130.17239078
26 -3130.16948688
27 -3130.16644700
28 -3130.16327249
29 -3130.15996225
30 -3130.15651041
31 -3130.15293913
32 -3130.14923090
33 -3130.14539462
34 -3130.14142767
35 -3130.13732714
36 -3130.13311035
37 -3130.12875509
38 -3130.12426792
39 -3130.11964838
40 -3130.11489921
