0 -3130.25332763
1 -3130.25444784
2 -3130.25535397
3 -3130.25605578
4 -3130.25655072
5 -3130.25684163
6 -3130.25694042
7 -3130.25685872
8 -3130.25659744
9 -3130.25615565
10 -3130.25554950
11 -3130.25477765
12 -3130.25384954
13 -3130.25275680
14 -3130.25151217
15 -3130.25011956
16 -3130.24857913
17 -3130.24689936
18 -3130.24507516
19 -3130.24311189
20 -3130.24101598
21 -3130.23878856
22 -3130.23642896
23 -3130.23394335
24 -3130.23132307
25 -3130.22857377
26 -3130.22569375
27 -3130.22268756
28 -3130.21955634
29 -3130.21629926
30 -3130.21291090
31 -3130.20940939
32 -3130.20577988
33 -3130.20203061
34 -3130.19816041
35 -3130.19416779
36 -3130.19006774
37 -3130.18584118
38 -3130.18149334
39 -3130.17702431
40 -3130.17243760
