0 -6260.39210169
1 -6260.39208859
2 -6260.39189950
3 -6260.39178747
4 -6260.39160314
5 -6260.39137886
6 -6260.39109801
7 -6260.39075604
8 -6260.39037020
9 -6260.38991598
10 -6260.38943329
11 -6260.38887482
12 -6260.38826632
13 -6260.38759697
14 -6260.38687282
15 -6260.38608166
16 -6260.38523625
17 -6260.38432573
18 -6260.38335623
19 -6260.38231055
20 -6260.38120556
21 -6260.38003189
22 -6260.37879286
23 -6260.37746571
24 -6260.37607429
25 -6260.37461973
26 -6260.37307985
27 -6260.37145336
28 -6260.36973576
29 -6260.36794428
30 -6260.36606927
31 -6260.36407551
32 -6260.36200689
33 -6260.35985764
34 -6260.35758280
35 -6260.35519565
36 -6260.35273438
37 -6260.35015446
38 -6260.34745902
39 -6260.34464629
40 -6260.34173876
