0 -6261.10937717
1 -6261.10930516
2 -6261.10910012
3 -6261.10878059
4 -6261.10836287
5 -6261.10786470
6 -6261.10729465
7 -6261.10667088
8 -6261.10600008
9 -6261.10529344
10 -6261.10455996
11 -6261.10380848
12 -6261.10304388
13 -6261.10228356
14 -6261.10151148
15 -6261.10074809
16 -6261.10000420
17 -6261.09926460
18 -6261.09853427
19 -6261.09784233
20 -6261.09715896
21 -6261.09651008
22 -6261.09586835
23 -6261.09525179
24 -6261.09467043
25 -6261.09409500
26 -6261.09352042
27 -6261.09299526
28 -6261.09245820
29 -6261.09192244
30 -6261.09138252
31 -6261.09084674
32 -6261.09029192
33 -6261.08966790
34 -6261.08902661
35 -6261.08834026
36 -6261.08756864
37 -6261.08667592
38 -6261.08573744
39 -6261.08467469
40 -6261.08344013