0 -6261.07547484
1 -6261.07545864
2 -6261.07512115
3 -6261.07448243
4 -6261.07355874
5 -6261.07236932
6 -6261.07092923
7 -6261.06925561
8 -6261.06735403
9 -6261.06523987
10 -6261.06292404
11 -6261.06040988
12 -6261.05770431
13 -6261.05481666
14 -6261.05174281
15 -6261.04848469
16 -6261.04504873
17 -6261.04143584
18 -6261.03762957
19 -6261.03364946
20 -6261.02946854
21 -6261.02509258
22 -6261.02052197
23 -6261.01574721
24 -6261.01075360
25 -6261.00553271
26 -6261.00008135
27 -6260.99438151
28 -6260.98843971
29 -6260.98223979
30 -6260.97576494
31 -6260.96898920
32 -6260.96193089
33 -6260.95455680
34 -6260.94688116
35 -6260.93884809
36 -6260.93050844
37 -6260.92179672
38 -6260.91270998
39 -6260.90324766
40 -6260.89341223
