0 -6260.51013476
1 -6260.51230727
2 -6260.51407234
3 -6260.51539484
4 -6260.51626852
5 -6260.51671616
6 -6260.51675454
7 -6260.51639591
8 -6260.51564760
9 -6260.51452643
10 -6260.51304652
11 -6260.51118946
12 -6260.50899691
13 -6260.50648302
14 -6260.50364567
15 -6260.50047612
16 -6260.49699215
17 -6260.49319345
18 -6260.48906880
19 -6260.48462265
20 -6260.47985702
21 -6260.47475831
22 -6260.46933710
23 -6260.46357101
24 -6260.45747606
25 -6260.45101619
26 -6260.44419895
27 -6260.43702014
28 -6260.42946951
29 -6260.42159045
30 -6260.41335944
31 -6260.40471676
32 -6260.39572033
33 -6260.38632722
34 -6260.37655362
35 -6260.36634911
36 -6260.35576439
37 -6260.34473920
38 -6260.33325051
39 -6260.32135211
40 -6260.30902674
