0 -6261.04149663
1 -6261.04150236
2 -6261.04150386
3 -6261.04152765
4 -6261.04155711
5 -6261.04159587
6 -6261.04164064
7 -6261.04169169
8 -6261.04174665
9 -6261.04180358
10 -6261.04186663
11 -6261.04192741
12 -6261.04198763
13 -6261.04204451
14 -6261.04209713
15 -6261.04214117
16 -6261.04217608
17 -6261.04219767
18 -6261.04220525
19 -6261.04219562
20 -6261.04216535
21 -6261.04211188
22 -6261.04203285
23 -6261.04192300
24 -6261.04178163
25 -6261.04160637
26 -6261.04139214
27 -6261.04113536
28 -6261.04083133
29 -6261.04048068
30 -6261.04008038
31 -6261.03961704
32 -6261.03910388
33 -6261.03852901
34 -6261.03788255
35 -6261.03715736
36 -6261.03637747
37 -6261.03551578
38 -6261.03457436
39 -6261.03353920
40 -6261.03243571
