0 -6261.10937717
1 -6261.10938458
2 -6261.10940885
3 -6261.10945060
4 -6261.10950921
5 -6261.10958539
6 -6261.10967795
7 -6261.10978878
8 -6261.10991225
9 -6261.11005069
10 -6261.11021013
11 -6261.11036957
12 -6261.11054572
13 -6261.11073182
14 -6261.11092516
15 -6261.11112362
16 -6261.11132616
17 -6261.11152884
18 -6261.11172945
19 -6261.11193059
20 -6261.11212161
21 -6261.11230419
22 -6261.11247504
23 -6261.11263333
24 -6261.11277118
25 -6261.11288842
26 -6261.11298075
27 -6261.11304696
28 -6261.11308076
29 -6261.11308058
30 -6261.11304354
31 -6261.11296281
32 -6261.11284086
33 -6261.11267020
34 -6261.11244592
35 -6261.11216029
36 -6261.11182547
37 -6261.11142410
38 -6261.11095736
39 -6261.11041294
40 -6261.10980802
