0 -6261.10937717
1 -6261.10936508
2 -6261.10934044
3 -6261.10930729
4 -6261.10926797
5 -6261.10922597
6 -6261.10918319
7 -6261.10914502
8 -6261.10910634
9 -6261.10907324
10 -6261.10904902
11 -6261.10903181
12 -6261.10902229
13 -6261.10902331
14 -6261.10903145
15 -6261.10904673
16 -6261.10907365
17 -6261.10910617
18 -6261.10914102
19 -6261.10919401
20 -6261.10923917
21 -6261.10928955
22 -6261.10934154
23 -6261.10939849
24 -6261.10944478
25 -6261.10948683
26 -6261.10951793
27 -6261.10954473
28 -6261.10955617
29 -6261.10955025
30 -6261.10952373
31 -6261.10948177
32 -6261.10940253
33 -6261.10929976
34 -6261.109152425
35 -6261.10900509
36 -6261.10879470
37 -6261.10854468
38 -6261.10824922
39 -6261.10790602
40 -6261.10750733