0 -6260.97116617
1 -6260.97117281
2 -6260.97115409
3 -6260.97115916
4 -6260.97115993
5 -6260.97115506
6 -6260.97113387
7 -6260.97109086
8 -6260.97101708
9 -6260.97090000
10 -6260.97073139
11 -6260.97049470
12 -6260.97018188
13 -6260.96977306
14 -6260.96926287
15 -6260.96863005
16 -6260.96785074
17 -6260.96692260
18 -6260.96583586
19 -6260.96452442
20 -6260.96305170
21 -6260.96135084
22 -6260.95941833
23 -6260.95720426
24 -6260.95476046
25 -6260.95203333
26 -6260.94903535
27 -6260.94568107
28 -6260.94202958
29 -6260.93805992
30 -6260.93375522
31 -6260.92901225
32 -6260.92402274
33 -6260.91862716
34 -6260.91282670
35 -6260.90649167
36 -6260.89996793
37 -6260.89296360
38 -6260.88553372
39 -6260.87756966
40 -6260.86937499
