0 -6260.85773860
1 -6260.85773782
2 -6260.85766729
3 -6260.85761571
4 -6260.85753722
5 -6260.85743229
6 -6260.85728918
7 -6260.85710225
8 -6260.85686629
9 -6260.85656529
10 -6260.85619373
11 -6260.85573422
12 -6260.85518039
13 -6260.85451230
14 -6260.85372600
15 -6260.85279882
16 -6260.85170722
17 -6260.85045061
18 -6260.84901887
19 -6260.84734265
20 -6260.84549303
21 -6260.84340006
22 -6260.84106019
23 -6260.83842007
24 -6260.83554178
25 -6260.83236447
26 -6260.82890641
27 -6260.82508307
28 -6260.82094835
29 -6260.81649066
30 -6260.81168952
31 -6260.80646133
32 -6260.80100876
33 -6260.79516747
34 -6260.78894417
35 -6260.78220987
36 -6260.77530389
37 -6260.76793224
38 -6260.76014517
39 -6260.75183182
40 -6260.74324662
