0 -6261.04149664
1 -6261.04150802
2 -6261.04152210
3 -6261.04156324
4 -6261.04161450
5 -6261.04167343
6 -6261.04173002
7 -6261.04177892
8 -6261.04180879
9 -6261.04180930
10 -6261.04177068
11 -6261.04167682
12 -6261.04151851
13 -6261.04127594
14 -6261.04094262
15 -6261.04049788
16 -6261.03991761
17 -6261.03919802
18 -6261.03832913
19 -6261.03724657
20 -6261.03600852
21 -6261.03454950
22 -6261.03286585
23 -6261.03090903
24 -6261.02872451
25 -6261.02626286
26 -6261.02353300
27 -6261.02044745
28 -6261.01706958
29 -6261.01337178
30 -6261.00933986
31 -6261.00486931
32 -6261.00015320
33 -6260.99502502
34 -6260.98949263
35 -6260.98342234
36 -6260.97718957
37 -6260.97050125
38 -6260.96338705
39 -6260.95573464
40 -6260.94784529
