0 -6260.39210170
1 -6260.39472203
2 -6260.39691901
3 -6260.39864607
4 -6260.39989229
5 -6260.40068121
6 -6260.40102992
7 -6260.40095011
8 -6260.40044968
9 -6260.39954805
10 -6260.39826409
11 -6260.39657878
12 -6260.39453694
13 -6260.39214147
14 -6260.38938469
15 -6260.38625729
16 -6260.38278203
17 -6260.37896261
18 -6260.37478868
19 -6260.37025531
20 -6260.36536995
21 -6260.36012834
22 -6260.35453850
23 -6260.34856513
24 -6260.34223330
25 -6260.33550792
26 -6260.32840177
27 -6260.32092513
28 -6260.31307889
29 -6260.30490221
30 -6260.29637955
31 -6260.28747229
32 -6260.27820294
33 -6260.26850910
34 -6260.25838645
35 -6260.24780343
36 -6260.23682993
37 -6260.22541143
38 -6260.21352467
39 -6260.20121707
40 -6260.18846742
