0 -6261.07547485
1 -6261.07548931
2 -6261.07552176
3 -6261.07558443
4 -6261.07566579
5 -6261.07576286
6 -6261.07586596
7 -6261.07597004
8 -6261.07606202
9 -6261.07613300
10 -6261.07617253
11 -6261.07616455
12 -6261.07609917
13 -6261.07595679
14 -6261.07573006
15 -6261.07539869
16 -6261.07493862
17 -6261.07434509
18 -6261.07360792
19 -6261.07266469
20 -6261.07156949
21 -6261.07025873
22 -6261.06872846
23 -6261.06693160
24 -6261.06490952
25 -6261.06261557
26 -6261.06005671
27 -6261.05714593
28 -6261.05394761
29 -6261.05043155
30 -6261.04658494
31 -6261.04230369
32 -6261.03777973
33 -6261.03284418
34 -6261.02750878
35 -6261.02163492
36 -6261.01557143
37 -6261.00904296
38 -6261.00210104
39 -6260.99462001
40 -6260.98688737
