0 -6261.10937717
1 -6261.10933027
2 -6261.10920821
3 -6261.10901661
4 -6261.10876071
5 -6261.10844547
6 -6261.10807564
7 -6261.10765076
8 -6261.10719009
9 -6261.10668276
10 -6261.10613768
11 -6261.10555857
12 -6261.10494896
13 -6261.10431226
14 -6261.10365169
15 -6261.10297032
16 -6261.10227110
17 -6261.10155681
18 -6261.10083012
19 -6261.10009354
20 -6261.09934950
21 -6261.09860029
22 -6261.09784809
23 -6261.09709498
24 -6261.09634296
25 -6261.09559391
26 -6261.09484962
27 -6261.09411179
28 -6261.09338204
29 -6261.09266186
30 -6261.09195270
31 -6261.09125588
32 -6261.09057269
33 -6261.08990429
34 -6261.08925179
35 -6261.08861621
36 -6261.08799851
37 -6261.08739954
38 -6261.08682009
39 -6261.08626087
40 -6261.08572248
