0 -6261.10937717
1 -6261.10938173
2 -6261.10939949
3 -6261.10943188
4 -6261.10947880
5 -6261.10954145
6 -6261.10961928
7 -6261.10971489
8 -6261.10982264
9 -6261.10994567
10 -6261.11008481
11 -6261.11023699
12 -6261.11040157
13 -6261.11057851
14 -6261.11076486
15 -6261.11095896
16 -6261.11116109
17 -6261.11136674
18 -6261.11157333
19 -6261.11178685
20 -6261.11199262
21 -6261.11219517
22 -6261.11239114
23 -6261.11258078
24 -6261.11275403
25 -6261.11291247
26 -6261.11305117
27 -6261.11317083
28 -6261.11326399
29 -6261.11332888
30 -6261.11336248
31 -6261.11336111
32 -6261.11332100
33 -6261.11323979
34 -6261.11311253
35 -6261.11293339
36 -6261.11270652
37 -6261.11242120
38 -6261.11207697
39 -6261.11166396
40 -6261.11119280