0 -6261.00649877
1 -6261.00650771
2 -6261.00650518
3 -6261.00652790
4 -6261.00655338
5 -6261.00657971
6 -6261.00659653
7 -6261.00659839
8 -6261.00657520
9 -6261.00651549
10 -6261.00641025
11 -6261.00624319
12 -6261.00600570
13 -6261.00567793
14 -6261.00525401
15 -6261.00471300
16 -6261.00403092
17 -6261.00320478
18 -6261.00222478
19 -6261.00102569
20 -6260.99966855
21 -6260.99808732
22 -6260.99627865
23 -6260.99419353
24 -6260.99188077
25 -6260.98928877
26 -6260.98642796
27 -6260.98321179
28 -6260.97970101
29 -6260.97587123
30 -6260.97170669
31 -6260.96710319
32 -6260.96225302
33 -6260.95699284
34 -6260.95132709
35 -6260.94512177
36 -6260.93872209
37 -6260.93183576
38 -6260.92452066
39 -6260.91668161
40 -6260.90864106
