0 -6261.04149663
1 -6261.04162367
2 -6261.04142307
3 -6261.04091141
4 -6261.04010356
5 -6261.03901891
6 -6261.03767259
7 -6261.03608121
8 -6261.03425081
9 -6261.03219659
10 -6261.02992952
11 -6261.02745167
12 -6261.02477181
13 -6261.02189872
14 -6261.01882847
15 -6261.01556239
16 -6261.01210759
17 -6261.00846529
18 -6261.00461942
19 -6261.00058761
20 -6260.99634618
21 -6260.99189927
22 -6260.98724815
23 -6260.98238187
24 -6260.97728866
25 -6260.97195866
26 -6260.96638945
27 -6260.96056305
28 -6260.95448555
29 -6260.94814262
30 -6260.94151679
31 -6260.93458091
32 -6260.92735634
33 -6260.91980898
34 -6260.91195236
35 -6260.90373095
36 -6260.89519753
37 -6260.88628566
38 -6260.87699150
39 -6260.86733443
40 -6260.85731293
