0 -3130.42903378
1 -3130.42947319
2 -3130.42972413
3 -3130.42979615
4 -3130.42969247
5 -3130.42941872
6 -3130.42898358
7 -3130.42839612
8 -3130.42765947
9 -3130.42677639
10 -3130.42575682
11 -3130.42460195
12 -3130.42331845
13 -3130.42190491
14 -3130.42036820
15 -3130.41871098
16 -3130.41693492
17 -3130.41504500
18 -3130.41304194
19 -3130.41092898
20 -3130.40871128
21 -3130.40639198
22 -3130.40397184
23 -3130.40145257
24 -3130.39882990
25 -3130.39610756
26 -3130.39328618
27 -3130.39036963
28 -3130.38735905
29 -3130.38425511
30 -3130.38105497
31 -3130.37776639
32 -3130.37438229
33 -3130.37090597
34 -3130.36733594
35 -3130.36367090
36 -3130.35991730
37 -3130.35606668
38 -3130.35212126
39 -3130.34808006
40 -3130.34394531
