0 -6261.10937717
1 -6261.109368
2 -6261.10935070
3 -6261.10932182
4 -6261.10928284
5 -6261.10923396
6 -6261.10917538
7 -6261.10910730
8 -6261.10902992
9 -6261.10894342
10 -6261.10884800
11 -6261.10874383
12 -6261.10863111
13 -6261.10851000
14 -6261.10838069
15 -6261.10824335
16 -6261.10809815
17 -6261.10794526
18 -6261.10778485
19 -6261.10761707
20 -6261.10744208
21 -6261.10726006
22 -6261.10707114
23 -6261.10687549
24 -6261.10667325
25 -6261.10646458
26 -6261.10626458
27 -6261.10600138
28 -6261.10580138
29 -6261.10556840
30 -6261.10532969
31 -6261.10508539
32 -6261.10483563
33 -6261.10458055
34 -6261.10432027
35 -6261.10405493
36 -6261.10378465
37 -6261.10350956
38 -6261.10322978
39 -6261.10294544
40 -6261.10265664