0 -3130.50363550
1 -3130.50377915
2 -3130.50374552
3 -3130.50354411
4 -3130.50318067
5 -3130.50266202
6 -3130.50199550
7 -3130.50118908
8 -3130.50024683
9 -3130.49917312
10 -3130.49797520
11 -3130.49665532
12 -3130.49521891
13 -3130.49366757
14 -3130.49200592
15 -3130.49023681
16 -3130.48836290
17 -3130.48638718
18 -3130.48431208
19 -3130.48213964
20 -3130.47987283
21 -3130.47751301
22 -3130.47506193
23 -3130.47252236
24 -3130.46989378
25 -3130.46717899
26 -3130.46437878
27 -3130.46149562
28 -3130.45853003
29 -3130.45548353
30 -3130.45235516
31 -3130.44914922
32 -3130.44586316
33 -3130.44249942
34 -3130.43905745
35 -3130.43553678
36 -3130.43194051
37 -3130.42826493
38 -3130.42451088
39 -3130.42067693
40 -3130.41676454
