0 -3130.53763205
1 -3130.53762662
2 -3130.53744915
3 -3130.53710915
4 -3130.53661353
5 -3130.53596973
6 -3130.53518443
7 -3130.53426515
8 -3130.53321643
9 -3130.53204339
10 -3130.53075207
11 -3130.52934527
12 -3130.52782788
13 -3130.52620295
14 -3130.52447411
15 -3130.52264434
16 -3130.52071686
17 -3130.51869377
18 -3130.51657837
19 -3130.51437227
20 -3130.51207818
21 -3130.50969762
22 -3130.50723273
23 -3130.50468575
24 -3130.50205710
25 -3130.49934904
26 -3130.49656262
27 -3130.49370000
28 -3130.49076164
29 -3130.48774938
30 -3130.48466292
31 -3130.48150467
32 -3130.47827386
33 -3130.47497227
34 -3130.47159961
35 -3130.46815563
36 -3130.46464183
37 -3130.46105658
38 -3130.45740009
39 -3130.45367069
40 -3130.44986951
