0 -6261.10937717
1 -6261.10933328
2 -6261.10922105
3 -6261.10904729
4 -6261.10881826
5 -6261.10853990
6 -6261.10821780
7 -6261.10785722
8 -6261.10746310
9 -6261.10704007
10 -6261.10659247
11 -6261.10541548
12 -6261.10527843
13 -6261.10514139
14 -6261.10463330
15 -6261.10411824
16 -6261.10359898
17 -6261.10307805
18 -6261.10255776
19 -6261.10204021
20 -6261.10152728
21 -6261.10102066
22 -6261.10052187
23 -6261.10003220
24 -6261.09955281
25 -6261.09908467
26 -6261.09862859
27 -6261.09818521
28 -6261.09775501
29 -6261.09733832
30 -6261.09693534
31 -6261.09654609
32 -6261.09617048
33 -6261.09580829
34 -6261.09545914
35 -6261.09512255
36 -6261.09479789
37 -6261.09448443
38 -6261.09418128
39 -6261.09388745
40 -6261.09360179
