0 -6252.84282028
1 -6253.29827190
2 -6253.75116440
3 -6254.20098135
4 -6254.64781606
5 -6255.09126262
6 -6255.52776455
7 -6255.95895504
8 -6256.38593232
9 -6256.80894171
10 -6257.22901651
11 -6257.64275911
12 -6258.04982995
13 -6258.45202657
14 -6258.84918200
15 -6259.24305788
16 -6259.63276271
17 -6260.01598158
18 -6260.39210169
19 -6260.75807289
20 -6261.10937717
21 -6261.40652638
22 -6261.69957744
23 -6261.98939464
24 -6262.27646124
25 -6262.55998179
26 -6262.84071939
27 -6263.11908691
28 -6263.39519525
29 -6263.66874333
30 -6263.93978305
31 -6264.20859494
32 -6264.47527224
33 -6264.73981733
34 -6265.00194263
35 -6265.26151225
36 -6265.51883456
37 -6265.77390533
38 -6266.02651578
39 -6266.27661142
40 -6266.52330767