0 -6260.74380296
1 -6260.74379910
2 -6260.74370951
3 -6260.74366573
4 -6260.74358973
5 -6260.74349839
6 -6260.74338231
7 -6260.74323925
8 -6260.74307657
9 -6260.74288146
10 -6260.74267439
11 -6260.74242896
12 -6260.74215791
13 -6260.74185420
14 -6260.74152022
15 -6260.74114786
16 -6260.74074218
17 -6260.74029585
18 -6260.73981135
19 -6260.73927722
20 -6260.73870120
21 -6260.73807586
22 -6260.73740089
23 -6260.73666200
24 -6260.73587188
25 -6260.73502871
26 -6260.73412132
27 -6260.73314526
28 -6260.73209799
29 -6260.73098712
30 -6260.72980669
31 -6260.72853194
32 -6260.72719259
33 -6260.72577911
34 -6260.72426435
35 -6260.72265158
36 -6260.72097425
37 -6260.71920036
38 -6260.71733911
39 -6260.71537117
40 -6260.71332512
