0 -6261.07547484
1 -6261.07548211
2 -6261.07549554
3 -6261.07552937
4 -6261.07557414
5 -6261.07563192
6 -6261.07570013
7 -6261.07577946
8 -6261.07586607
9 -6261.07595947
10 -6261.07606197
11 -6261.07616716
12 -6261.07627541
13 -6261.07638454
14 -6261.07649307
15 -6261.07659708
16 -6261.07669555
17 -6261.07678444
18 -6261.07686257
19 -6261.07692827
20 -6261.07697589
21 -6261.07700400
22 -6261.07700983
23 -6261.07698943
24 -6261.07693994
25 -6261.07685920
26 -6261.07674270
27 -6261.07658727
28 -6261.07638762
29 -6261.07614358
30 -6261.07585241
31 -6261.07550239
32 -6261.07510414
33 -6261.07464586
34 -6261.07411979
35 -6261.07351772
36 -6261.07286179
37 -6261.07212670
38 -6261.07131412
39 -6261.07041033
40 -6261.06943968
