0 -6260.39210171
1 -6260.39207542
2 -6260.39180963
3 -6260.39155208
4 -6260.39118427
5 -6260.39071341
6 -6260.39012219
7 -6260.38940478
8 -6260.38856742
9 -6260.38758148
10 -6260.38645362
11 -6260.38516370
12 -6260.38371438
13 -6260.38208822
14 -6260.38028842
15 -6260.37829114
16 -6260.37607760
17 -6260.37365876
18 -6260.37102536
19 -6260.36810229
20 -6260.36498377
21 -6260.36158906
22 -6260.35790903
23 -6260.35387708
24 -6260.34958873
25 -6260.34495550
26 -6260.34001308
27 -6260.33469137
28 -6260.32900651
29 -6260.32298962
30 -6260.31660171
31 -6260.30974798
32 -6260.30262237
33 -6260.29512218
34 -6260.28718945
35 -6260.27872310
36 -6260.27005266
37 -6260.26091049
38 -6260.25137642
39 -6260.24138929
40 -6260.23113174
