0 -6260.74380297
1 -6260.74379516
2 -6260.74367397
3 -6260.74356750
4 -6260.74341182
5 -6260.74320899
6 -6260.74294571
7 -6260.74261594
8 -6260.74221765
9 -6260.74173107
10 -6260.74115315
11 -6260.74046534
12 -6260.73966303
13 -6260.73872613
14 -6260.73765247
15 -6260.73641797
16 -6260.73500018
17 -6260.73340063
18 -6260.73160899
19 -6260.72955269
20 -6260.72731160
21 -6260.72481242
22 -6260.72205201
23 -6260.71897319
24 -6260.71564856
25 -6260.71200968
26 -6260.70808010
27 -6260.70377571
28 -6260.69916237
29 -6260.69425195
30 -6260.68900446
31 -6260.68333025
32 -6260.67740476
33 -6260.67108502
34 -6260.66437651
35 -6260.65719135
36 -6260.64985685
37 -6260.64205362
38 -6260.63383470
39 -6260.62510315
40 -6260.61610382
