0 -3130.31214125
1 -3130.31303040
2 -3130.31371403
3 -3130.31420183
4 -3130.31449319
5 -3130.31459191
6 -3130.31450882
7 -3130.31425471
8 -3130.31383125
9 -3130.31323874
10 -3130.31249130
11 -3130.31158842
12 -3130.31053863
13 -3130.30933583
14 -3130.30799030
15 -3130.30650439
16 -3130.30487896
17 -3130.30312413
18 -3130.30123890
19 -3130.29922633
20 -3130.29708918
21 -3130.29482789
22 -3130.29244346
23 -3130.28994278
24 -3130.28732032
25 -3130.28458143
26 -3130.28172426
27 -3130.27875167
28 -3130.27566382
29 -3130.27246018
30 -3130.26913630
31 -3130.26570708
32 -3130.26216031
33 -3130.25850243
34 -3130.25473191
35 -3130.25084750
36 -3130.24686200
37 -3130.24276064
38 -3130.23854805
39 -3130.23422386
40 -3130.22979084
