0 -6260.74380296
1 -6260.74510751
2 -6260.74603763
3 -6260.74658063
4 -6260.74673953
5 -6260.74653556
6 -6260.74598475
7 -6260.74510103
8 -6260.74389159
9 -6260.74237222
10 -6260.74055548
11 -6260.73843173
12 -6260.73602515
13 -6260.73334150
14 -6260.73037637
15 -6260.72712636
16 -6260.72360587
17 -6260.71981641
18 -6260.71574401
19 -6260.71139596
20 -6260.70676673
21 -6260.70185260
22 -6260.69665933
23 -6260.69116664
24 -6260.68538302
25 -6260.67928724
26 -6260.67288360
27 -6260.66615935
28 -6260.65912717
29 -6260.65180313
30 -6260.64416897
31 -6260.63620449
32 -6260.62792822
33 -6260.61928145
34 -6260.61026934
35 -6260.60084721
36 -6260.59107902
37 -6260.58089831
38 -6260.57031646
39 -6260.55940665
40 -6260.54816694
