0 -6261.10937717
1 -6261.10937752
2 -6261.10938504
3 -6261.10940181
4 -6261.10942847
5 -6261.10946675
6 -6261.10951680
7 -6261.10958202
8 -6261.10965681
9 -6261.10974519
10 -6261.10984872
11 -6261.10996462
12 -6261.11009260
13 -6261.11023352
14 -6261.11038419
15 -6261.11054345
16 -6261.11071291
17 -6261.11088751
18 -6261.11106437
19 -6261.11125274
20 -6261.11143409
21 -6261.11161576
22 -6261.11179428
23 -6261.11197096
24 -6261.11213371
25 -6261.11228577
26 -6261.11242161
27 -6261.11254384
28 -6261.11264382
29 -6261.11271963
30 -6261.11276816
31 -6261.11278873
32 -6261.11277149
33 -6261.11271930
34 -6261.11262692
35 -6261.11249058
36 -6261.11230656
37 -6261.11207069
38 -6261.11178081
39 -6261.11142953
40 -6261.11102117