0 -6261.10937717
1 -6261.10932664
2 -6261.10919335
3 -6261.10898215
4 -6261.10869750
5 -6261.10834369
6 -6261.10792480
7 -6261.10744472
8 -6261.10690719
9 -6261.10631576
10 -6261.10567387
11 -6261.10498479
12 -6261.10425165
13 -6261.10347750
14 -6261.10266523
15 -6261.10181765
16 -6261.10093746
17 -6261.10002726
18 -6261.09908956
19 -6261.09812678
20 -6261.09714125
21 -6261.09613526
22 -6261.09511100
23 -6261.09407062
24 -6261.09301621
25 -6261.09194980
26 -6261.09087337
27 -6261.08978885
28 -6261.08869812
29 -6261.08760300
30 -6261.08650529
31 -6261.08540673
32 -6261.08430904
33 -6261.08321389
34 -6261.08212295
35 -6261.08103783
36 -6261.07996011
37 -6261.07889136
38 -6261.07783309
39 -6261.07678681
40 -6261.07575396