0 -6260.97116616
1 -6260.97156969
2 -6260.97163421
3 -6260.97136935
4 -6260.97078714
5 -6260.96990741
6 -6260.96874553
7 -6260.96731745
8 -6260.96562965
9 -6260.96369748
10 -6260.96153236
11 -6260.95913375
12 -6260.95651422
13 -6260.95368197
14 -6260.95063311
15 -6260.94736805
16 -6260.94389559
17 -6260.94021718
18 -6260.93631734
19 -6260.93221125
20 -6260.92787958
21 -6260.92332480
22 -6260.91854916
23 -6260.91353990
24 -6260.90829036
25 -6260.90278778
26 -6260.89703185
27 -6260.89100624
28 -6260.88471407
29 -6260.87814600
30 -6260.87128457
31 -6260.86410830
32 -6260.85665710
33 -6260.84889359
34 -6260.84082610
35 -6260.83240465
36 -6260.82367131
37 -6260.81454884
38 -6260.80503227
39 -6260.79512636
40 -6260.78482489
