0 -6261.10937717
1 -6261.10937195
2 -6261.10936530
3 -6261.10936016
4 -6261.10935791
5 -6261.10936108
6 -6261.10937062
7 -6261.10939084
8 -6261.10941631
9 -6261.10945202
10 -6261.10950035
11 -6261.10955891
12 -6261.10962785
13 -6261.10970897
14 -6261.10979893
15 -6261.10989712
16 -6261.11000656
17 -6261.11012167
18 -6261.11023932
19 -6261.11037207
20 -6261.11049758
21 -6261.11062604
22 -6261.11075390
23 -6261.11088350
24 -6261.11100090
25 -6261.11111094
26 -6261.11120749
27 -6261.11129515
28 -6261.11136410
29 -6261.11141232
30 -6261.11143664
31 -6261.11143933
32 -6261.11140448
33 -6261.11134038
34 -6261.11124133
35 -6261.11110562
36 -6261.11092184
37 -6261.11069233
38 -6261.11041314
39 -6261.11007941
40 -6261.10968933