0 -6252.81490673
1 -6253.27150377
2 -6253.72470792
3 -6254.17500406
4 -6254.62266078
5 -6255.06698541
6 -6255.50480829
7 -6255.93648542
8 -6256.36445150
9 -6256.78817699
10 -6257.20825480
11 -6257.62265931
12 -6258.03188533
13 -6258.43667251
14 -6258.83587245
15 -6259.23104888
16 -6259.62239504
17 -6260.00680488
18 -6260.38451967
19 -6260.75414750
20 -6261.11017938
21 -6261.40662522
22 -6261.69910692
23 -6261.98846547
24 -6262.27505552
25 -6262.55798441
26 -6262.83805309
27 -6263.11595094
28 -6263.39142950
29 -6263.66454372
30 -6263.93536909
31 -6264.20393990
32 -6264.47035823
33 -6264.73452491
34 -6264.99641756
35 -6265.25593282
36 -6265.51312458
37 -6265.76794465
38 -6266.02048024
39 -6266.27066320
40 -6266.51774901
