0 -6261.00649876
1 -6261.00676453
2 -6261.00669688
3 -6261.00630892
4 -6261.00561410
5 -6261.00463201
6 -6261.00337788
7 -6261.00186797
8 -6261.00010856
9 -6260.99811489
10 -6260.99589813
11 -6260.99345908
12 -6260.99080842
13 -6260.98795466
14 -6260.98489394
15 -6260.98162718
16 -6260.97816230
17 -6260.97450066
18 -6260.97062649
19 -6260.96655614
20 -6260.96226826
21 -6260.95776617
22 -6260.95305180
23 -6260.94811340
24 -6260.94294197
25 -6260.93752614
26 -6260.93186455
27 -6260.92594010
28 -6260.91975738
29 -6260.91330482
30 -6260.90656505
31 -6260.89950999
32 -6260.89216868
33 -6260.88451119
34 -6260.87654430
35 -6260.86820863
36 -6260.85955680
37 -6260.85052154
38 -6260.84109841
39 -6260.83129040
40 -6260.82109913
