0 -3130.52064734
1 -3130.52071638
2 -3130.52061076
3 -3130.52034000
4 -3130.51991042
5 -3130.51932915
6 -3130.51860320
7 -3130.51774031
8 -3130.51674480
9 -3130.51562140
10 -3130.51437677
11 -3130.51301342
12 -3130.51153652
13 -3130.50994839
14 -3130.50825315
15 -3130.50645372
16 -3130.50455304
17 -3130.50255364
18 -3130.50045841
19 -3130.49826915
20 -3130.49598870
21 -3130.49361852
22 -3130.49116053
23 -3130.48861724
24 -3130.48598862
25 -3130.48327717
26 -3130.48048383
27 -3130.47761091
28 -3130.47465890
29 -3130.47162948
30 -3130.46852202
31 -3130.46533989
32 -3130.46208142
33 -3130.45874873
34 -3130.45534141
35 -3130.45185910
36 -3130.44830410
37 -3130.44467376
38 -3130.44096861
39 -3130.43718710
40 -3130.43333054
