0 -6260.97116616
1 -6260.97116952
2 -6260.97114905
3 -6260.97115624
4 -6260.97115990
5 -6260.97116677
6 -6260.97117214
7 -6260.97117562
8 -6260.97117724
9 -6260.97117244
10 -6260.97116919
11 -6260.97115487
12 -6260.97113386
13 -6260.97110233
14 -6260.97106025
15 -6260.97100244
16 -6260.97092980
17 -6260.97083757
18 -6260.97072599
19 -6260.97058996
20 -6260.97042902
21 -6260.97023933
22 -6260.97001915
23 -6260.96976094
24 -6260.96946698
25 -6260.96913522
26 -6260.96875900
27 -6260.96833449
28 -6260.96785784
29 -6260.96733121
30 -6260.96675071
31 -6260.96610074
32 -6260.96539803
33 -6260.96463134
34 -6260.96378698
35 -6260.96286013
36 -6260.96187664
37 -6260.96080769
38 -6260.95965510
39 -6260.95840556
40 -6260.95708453
