0 -3130.48659548
1 -3130.48681389
2 -3130.48685238
3 -3130.48672046
4 -3130.48642328
5 -3130.48596737
6 -3130.48536036
7 -3130.48461048
8 -3130.48372156
9 -3130.48269758
10 -3130.48154640
11 -3130.48027000
12 -3130.47887409
13 -3130.47735954
14 -3130.47573146
15 -3130.47399264
16 -3130.47214549
17 -3130.47019341
18 -3130.46813843
19 -3130.46598278
20 -3130.46372960
21 -3130.46138013
22 -3130.45893596
23 -3130.45640012
24 -3130.45377162
25 -3130.45105353
26 -3130.44824652
27 -3130.44535318
28 -3130.44237409
29 -3130.43931059
30 -3130.43616139
31 -3130.43293172
32 -3130.42961812
33 -3130.42622336
34 -3130.42274675
35 -3130.41918768
36 -3130.41555005
37 -3130.41182905
38 -3130.40802585
39 -3130.40413911
40 -3130.40017041
