0
1 -6260.85888863
2 -6260.85890316
3 -6260.85892140
4 -6260.85892311
5 -6260.85891068
6 -6260.85888147
7 -6260.85883426
8 -6260.85877032
9 -6260.85868389
10 -6260.85858209
11 -6260.85845428
12
13 -6260.85812946
14 -6260.85792740
15 -6260.85769475
16 -6260.85743267
17 -6260.85713598
18 -6260.85680519
19 -6260.85643178
20 -6260.85602078
21 -6260.85556477
22 -6260.85506351
23 -6260.85450614
24 -6260.85390048
25 -6260.85324229
26 -6260.85252486
27 -6260.85174375
28 -6260.85089555
29 -6260.84998476
30 -6260.84900669
31 -6260.84794090
32 -6260.84681094
33 -6260.84560639
34 -6260.84430714
35 -6260.84291160
36 -6260.84144998
37 -6260.83988934
38 -6260.83823388
39 -6260.83647291
40 -6260.83464009
