0 -3130.42955779
1 -3130.43001719
2 -3130.43028552
3 -3130.43037187
4 -3130.43028448
5 -3130.43002844
6 -3130.42961120
7 -3130.42903928
8 -3130.42831710
9 -3130.42745274
10 -3130.42644774
11 -3130.42530779
12 -3130.42403681
13 -3130.42263881
14 -3130.42111553
15 -3130.41947100
16 -3130.41770774
17 -3130.41582799
18 -3130.41383721
19 -3130.41173360
20 -3130.40952098
21 -3130.40720199
22 -3130.40477811
23 -3130.40225100
24 -3130.39962097
25 -3130.39689116
26 -3130.39406218
27 -3130.39113542
28 -3130.38811217
29 -3130.38499407
30 -3130.38178007
31 -3130.37847371
32 -3130.37507502
33 -3130.37158419
34 -3130.36800076
35 -3130.36432622
36 -3130.36055997
37 -3130.35670193
38 -3130.35275371
39 -3130.34871122
40 -3130.34457362
