   0.2949813   0.0000000   0.0000000   0.0000105   0.0002353   0.0012566   0.0033011   0.0060135   0.0090048   0.0120634   0.0151009
   0.5899626   0.0009306   0.0061730   0.0166840   0.0260725   0.0319039   0.0357807   0.0388933   0.0417193   0.0444034   0.0469703
   0.8849439   0.0974636   0.1045664   0.1040893   0.1015594   0.0992882   0.0975966   0.0964337   0.0956785   0.0951804   0.0948047
   1.1799252   0.1363444   0.1618134   0.1591865   0.1539134   0.1512994   0.1498613   0.1482362   0.1460395   0.1433556   0.1403723
   1.4749065   0.1742651   0.1907901   0.1919689   0.1912512   0.1879686   0.1835130   0.1787992   0.1741802   0.1696902   0.1652784
   1.7698878   0.1583127   0.1606723   0.1659490   0.1691387   0.1702046   0.1698621   0.1685956   0.1666532   0.1642200   0.1614490
   2.0648690   0.1233239   0.1493698   0.1473241   0.1435609   0.1412575   0.1400579   0.1393987   0.1389127   0.1384057   0.1377816
   2.3598503   0.0971333   0.0996752   0.1004895   0.1021875   0.1038081   0.1050750   0.1060891   0.1070272   0.1079603   0.1088769
   2.6548316   0.0824613   0.0805352   0.0787514   0.0779340   0.0783922   0.0795873   0.0810703   0.0826096   0.0841259   0.0856115
   2.9498129   0.0669084   0.0686736   0.0690635   0.0695094   0.0696027   0.0696067   0.0697860   0.0702504   0.0709943   0.0719592
   3.2447942   0.0502199   0.0557115   0.0583822   0.0602077   0.0614909   0.0625473   0.0634762   0.0643020   0.0650516   0.0657579
   3.5397755   0.0580811   0.0622409   0.0646312   0.0647530   0.0644681   0.0643175   0.0642621   0.0642230   0.0641703   0.0641066
   3.8347568   0.0512937   0.0608510   0.0662161   0.0672436   0.0667158   0.0657451   0.0646895   0.0636909   0.0628148   0.0620847
   4.1297381   0.0536964   0.0528479   0.0556052   0.0566504   0.0567170   0.0565807   0.0564630   0.0563842   0.0563311   0.0562971
   4.4247194   0.0389115   0.0405635   0.0423081   0.0437464   0.0451201   0.0464323   0.0476297   0.0486909   0.0496191   0.0504269
   4.7197007   0.0508428   0.0515281   0.0496209   0.0483532   0.0478277   0.0477295   0.0478764   0.0481915   0.0486252   0.0491319
   5.0146820   0.0560327   0.0533493   0.0519911   0.0515455   0.0514150   0.0513681   0.0513461   0.0513430   0.0513630   0.0514103
   5.3096633   0.0522251   0.0525836   0.0533856   0.0541971   0.0546836   0.0548625   0.0548421   0.0546946   0.0544701   0.0542087
   5.6046446   0.0602932   0.0622410   0.0606041   0.0593858   0.0583449   0.0574562   0.0567267   0.0561365   0.0556537   0.0552487
   5.8996259   0.0493676   0.0526749   0.0524544   0.0525673   0.0529853   0.0534044   0.0537064   0.0538909   0.0539863   0.0540165
   6.1946071   0.0522034   0.0525147   0.0521051   0.0517893   0.0516981   0.0518113   0.0520299   0.0522683   0.0524746   0.0526267
   6.4895884   0.0430474   0.0486426   0.0512767   0.0524092   0.0527415   0.0526782   0.0524650   0.0522239   0.0520061   0.0518263
   6.7845697   0.0555321   0.0533280   0.0526075   0.0520595   0.0515136   0.0510788   0.0507513   0.0504935   0.0502786   0.0500932
   7.0795510   0.0445184   0.0451264   0.0454421   0.0457656   0.0461849   0.0465853   0.0468969   0.0471099   0.0472396   0.0473062
   7.3745323   0.0439947   0.0454436   0.0452574   0.0450668   0.0449088   0.0447725   0.0446765   0.0446283   0.0446201   0.0446392
   7.6695136   0.0433022   0.0435854   0.0428108   0.0424580   0.0422987   0.0422058   0.0421569   0.0421459   0.0421651   0.0422065
   7.9644949   0.0392194   0.0391514   0.0384629   0.0385685   0.0389475   0.0393291   0.0396371   0.0398661   0.0400310   0.0401501
   8.2594762   0.0443080   0.0417454   0.0406350   0.0399815   0.0395154   0.0391786   0.0389485   0.0388014   0.0387132   0.0386649
   8.5544575   0.0323665   0.0351102   0.0362945   0.0367841   0.0370390   0.0371420   0.0371535   0.0371235   0.0370846   0.0370544
   8.8494388   0.0375240   0.0357854   0.0352987   0.0350474   0.0349294   0.0349340   0.0350163   0.0351301   0.0352480   0.0353584
   9.1444201   0.0329064   0.0327002   0.0328430   0.0332483   0.0335734   0.0337867   0.0339441   0.0340776   0.0341996   0.0343142
   9.4394014   0.0402833   0.0359408   0.0345580   0.0342185   0.0341241   0.0340644   0.0340154   0.0339839   0.0339726   0.0339797
   9.7343827   0.0405480   0.0370955   0.0353928   0.0344296   0.0340416   0.0339101   0.0338611   0.0338337   0.0338156   0.0338078
  10.0293640   0.0322747   0.0320727   0.0327034   0.0331187   0.0333278   0.0334308   0.0334948   0.0335520   0.0336127   0.0336782
  10.3243452   0.0283724   0.0308856   0.0324587   0.0331092   0.0333724   0.0335158   0.0336389   0.0337637   0.0338881   0.0340052
  10.6193265   0.0362973   0.0347777   0.0347993   0.0347971   0.0347824   0.0348320   0.0349061   0.0349665   0.0350024   0.0350175
  10.9143078   0.0370748   0.0361936   0.0368517   0.0371453   0.0370972   0.0368954   0.0366495   0.0364128   0.0362047   0.0360283
  11.2092891   0.0304205   0.0360026   0.0368799   0.0367579   0.0365778   0.0364429   0.0363403   0.0362500   0.0361641   0.0360814
  11.5042704   0.0381584   0.0349829   0.0343864   0.0345544   0.0348223   0.0350514   0.0352453   0.0354073   0.0355290   0.0356055
  11.7992517   0.0431979   0.0382969   0.0359884   0.0353769   0.0353918   0.0354806   0.0355023   0.0354646   0.0354003   0.0353347
  12.0942330   0.0445010   0.0432722   0.0400337   0.0378479   0.0365747   0.0357904   0.0352884   0.0349751   0.0347981   0.0347212
  12.3892143   0.0276911   0.0271105   0.0282955   0.0298669   0.0311282   0.0320483   0.0327390   0.0332857   0.0337374   0.0341220
  12.6841956   0.0369153   0.0340583   0.0339652   0.0341744   0.0342714   0.0344475   0.0347298   0.0350595   0.0353914   0.0357068
  12.9791769   0.0305086   0.0379669   0.0398176   0.0403683   0.0403215   0.0400439   0.0397310   0.0394746   0.0393056   0.0392203
  13.2741582   0.0385136   0.0418022   0.0427148   0.0426597   0.0425669   0.0425952   0.0426588   0.0426953   0.0426877   0.0426428
  13.5691395   0.0428750   0.0430307   0.0448448   0.0454405   0.0456616   0.0457655   0.0457984   0.0457775   0.0457084   0.0455939
  13.8641208   0.0498341   0.0496563   0.0498859   0.0496976   0.0493748   0.0490057   0.0486144   0.0482264   0.0478568   0.0475087
  14.1591021   0.0485135   0.0509103   0.0500496   0.0492000   0.0486371   0.0482741   0.0480024   0.0477574   0.0475131   0.0472626
  14.4540833   0.0383618   0.0411180   0.0428337   0.0439784   0.0446611   0.0450397   0.0452382   0.0453305   0.0453524   0.0453225
  14.7490646   0.0421917   0.0441112   0.0443070   0.0438720   0.0434633   0.0432040   0.0430540   0.0429694   0.0429257   0.0429105
  15.0440459   0.0374776   0.0398022   0.0401385   0.0402181   0.0402290   0.0402347   0.0402615   0.0403214   0.0404173   0.0405454
  15.3390272   0.0355374   0.0358170   0.0358551   0.0365471   0.0371567   0.0376583   0.0381014   0.0385021   0.0388666   0.0392016
  15.6340085   0.0421467   0.0405608   0.0396352   0.0393997   0.0393236   0.0393277   0.0394034   0.0395353   0.0397074   0.0399069
  15.9289898   0.0382059   0.0420712   0.0423059   0.0421246   0.0420683   0.0420442   0.0420200   0.0420064   0.0420160   0.0420546
  16.2239711   0.0463431   0.0459272   0.0450721   0.0446420   0.0445217   0.0445237   0.0445590   0.0445981   0.0446329   0.0446654
  16.5189524   0.0478631   0.0477788   0.0473455   0.0473046   0.0473647   0.0474143   0.0474403   0.0474586   0.0474819   0.0475134
  16.8139337   0.0506373   0.0509249   0.0508461   0.0507170   0.0505705   0.0504869   0.0504809   0.0505183   0.0505673   0.0506117
  17.1089150   0.0474852   0.0506402   0.0517304   0.0527598   0.0534362   0.0537876   0.0539376   0.0539782   0.0539671   0.0539393
  17.4038963   0.0654322   0.0638494   0.0612487   0.0595968   0.0585790   0.0579327   0.0575240   0.0572803   0.0571517   0.0571012
  17.6988776   0.0574889   0.0580193   0.0575387   0.0577261   0.0582555   0.0588377   0.0593381   0.0597326   0.0600461   0.0603151
  17.9938589   0.0587966   0.0613257   0.0631459   0.0639483   0.0642039   0.0642867   0.0643833   0.0645625   0.0648409   0.0652135
  18.2888402   0.0621293   0.0695076   0.0706957   0.0708286   0.0708593   0.0709763   0.0712874   0.0717892   0.0724215   0.0731205
  18.5838214   0.0878475   0.0819956   0.0783346   0.0785008   0.0800390   0.0817251   0.0831520   0.0842665   0.0851159   0.0857535
  18.8788027   0.1332399   0.1203737   0.1136228   0.1096665   0.1071210   0.1053798   0.1041143   0.1031036   0.1022120   0.1013696
  19.1737840   0.1022229   0.1099896   0.1147792   0.1175578   0.1184218   0.1178913   0.1165973   0.1149739   0.1132638   0.1115837
  19.4687653   0.1353560   0.1263409   0.1220729   0.1190805   0.1167411   0.1151330   0.1140185   0.1131065   0.1122173   0.1112760
  19.7637466   0.0849210   0.0914500   0.0955494   0.0987268   0.1011354   0.1027034   0.1036268   0.1041155   0.1043101   0.1042887
  20.0587279   0.1179487   0.1081675   0.1028532   0.0999711   0.0982526   0.0971928   0.0965694   0.0962263   0.0960425   0.0959349
  20.3537092   0.0989819   0.0916277   0.0877312   0.0867411   0.0867994   0.0869960   0.0870923   0.0870986   0.0870677   0.0870360
  20.6486905   0.0775531   0.0780647   0.0772402   0.0768770   0.0770161   0.0772446   0.0774703   0.0776817   0.0778677   0.0780232
  20.9436718   0.0777805   0.0728111   0.0709038   0.0701794   0.0698536   0.0697197   0.0696850   0.0697025   0.0697590   0.0698535
  21.2386531   0.0578344   0.0591421   0.0606559   0.0616624   0.0620567   0.0621460   0.0621716   0.0622387   0.0623710   0.0625594
  21.5336344   0.0489416   0.0527927   0.0536371   0.0539437   0.0543416   0.0548655   0.0554261   0.0559477   0.0563999   0.0567846
  21.8286157   0.0523854   0.0534608   0.0531885   0.0531142   0.0531593   0.0531852   0.0531692   0.0531437   0.0531399   0.0531714
  22.1235970   0.0583769   0.0558424   0.0539948   0.0528271   0.0519126   0.0512042   0.0506962   0.0503570   0.0501442   0.0500208
  22.4185783   0.0381493   0.0401943   0.0414874   0.0428154   0.0440194   0.0449594   0.0456269   0.0460685   0.0463426   0.0465030
  22.7135595   0.0495685   0.0482708   0.0468895   0.0457270   0.0448750   0.0442923   0.0439236   0.0437075   0.0435899   0.0435309
  23.0085408   0.0418065   0.0408394   0.0404353   0.0406224   0.0407432   0.0407378   0.0406582   0.0405555   0.0404659   0.0404071
  23.3035221   0.0338271   0.0346958   0.0351096   0.0355195   0.0358640   0.0361693   0.0364573   0.0367211   0.0369500   0.0371396
  23.5985034   0.0364868   0.0346093   0.0344532   0.0343511   0.0343464   0.0344184   0.0345307   0.0346527   0.0347640   0.0348539
  23.8934847   0.0355615   0.0343743   0.0341632   0.0340872   0.0340348   0.0339028   0.0336939   0.0334496   0.0332049   0.0329804
  24.1884660   0.0391416   0.0350780   0.0334054   0.0323197   0.0315682   0.0310289   0.0306215   0.0303017   0.0300455   0.0298385
  24.4834473   0.0215703   0.0214903   0.0224983   0.0233780   0.0240338   0.0245272   0.0249093   0.0252068   0.0254376   0.0256168
  24.7784286   0.0190682   0.0196841   0.0205432   0.0210101   0.0212572   0.0214428   0.0216357   0.0218489   0.0220741   0.0222997
  25.0734099   0.0200285   0.0217444   0.0214201   0.0208881   0.0205540   0.0203877   0.0203176   0.0203069   0.0203407   0.0204107
  25.3683912   0.0182753   0.0181381   0.0182716   0.0185472   0.0187809   0.0189438   0.0190455   0.0191074   0.0191482   0.0191810
  25.6633725   0.0173356   0.0183557   0.0184992   0.0184710   0.0183806   0.0182939   0.0182363   0.0182039   0.0181853   0.0181719
  25.9583538   0.0169168   0.0168875   0.0170364   0.0171229   0.0171773   0.0172028   0.0171980   0.0171700   0.0171298   0.0170863
  26.2533351   0.0165005   0.0164652   0.0163705   0.0161908   0.0160460   0.0159373   0.0158561   0.0157976   0.0157577   0.0157331
  26.5483164   0.0146234   0.0138317   0.0137457   0.0138034   0.0138818   0.0139648   0.0140507   0.0141375   0.0142222   0.0143026
  26.8432976   0.0119575   0.0121770   0.0123128   0.0124903   0.0126870   0.0128660   0.0130192   0.0131495   0.0132626   0.0133643
  27.1382789   0.0150755   0.0144259   0.0139098   0.0135888   0.0133564   0.0131930   0.0130907   0.0130389   0.0130262   0.0130431
  27.4332602   0.0129057   0.0121430   0.0121871   0.0124201   0.0126118   0.0127414   0.0128280   0.0128897   0.0129403   0.0129895
  27.7282415   0.0126218   0.0130906   0.0130604   0.0130000   0.0129873   0.0130112   0.0130618   0.0131306   0.0132088   0.0132897
  28.0232228   0.0136368   0.0140782   0.0139460   0.0138461   0.0138438   0.0138910   0.0139505   0.0140089   0.0140640   0.0141160
  28.3182041   0.0153686   0.0151527   0.0152656   0.0153676   0.0153921   0.0153782   0.0153513   0.0153215   0.0152919   0.0152623
  28.6131854   0.0151027   0.0162828   0.0166049   0.0166821   0.0166455   0.0165686   0.0164844   0.0163978   0.0163062   0.0162081
  28.9081667   0.0164737   0.0170162   0.0169390   0.0169279   0.0169320   0.0169067   0.0168381   0.0167321   0.0166045   0.0164722
  29.2031480   0.0188204   0.0181338   0.0174353   0.0169780   0.0166375   0.0163629   0.0161544   0.0160164   0.0159428   0.0159218
  29.4981293   0.0137384   0.0132644   0.0131424   0.0133032   0.0136357   0.0140319   0.0144344   0.0148195   0.0151808   0.0155186
  29.7931106   0.0140919   0.0140503   0.0144652   0.0148964   0.0153066   0.0156998   0.0160869   0.0164687   0.0168360   0.0171775
  30.0880919   0.0214392   0.0219505   0.0218403   0.0216014   0.0213984   0.0212431   0.0211245   0.0210252   0.0209322   0.0208396
  30.3830732   0.0287307   0.0268531   0.0263543   0.0261994   0.0260236   0.0257231   0.0253140   0.0248447   0.0243587   0.0238865
  30.6780545   0.0301410   0.0297291   0.0282500   0.0271293   0.0263300   0.0257095   0.0251997   0.0247666   0.0243893   0.0240541
  30.9730357   0.0202506   0.0191083   0.0192480   0.0198452   0.0204508   0.0209761   0.0214112   0.0217614   0.0220379   0.0222536
  31.2680170   0.0167281   0.0184768   0.0191758   0.0196225   0.0199417   0.0202201   0.0205185   0.0208452   0.0211856   0.0215238
  31.5629983   0.0272210   0.0242757   0.0232182   0.0228215   0.0226587   0.0226032   0.0226096   0.0226658   0.0227738   0.0229359
  31.8579796   0.0266662   0.0260100   0.0254326   0.0252533   0.0252407   0.0252733   0.0253356   0.0254388   0.0255878   0.0257778
  32.1529609   0.0273826   0.0277239   0.0279369   0.0280999   0.0283636   0.0287176   0.0291058   0.0294809   0.0298160   0.0301006
  32.4479422   0.0321914   0.0333907   0.0347936   0.0355745   0.0359389   0.0360980   0.0361477   0.0361251   0.0360497   0.0359356
  32.7429235   0.0447518   0.0455940   0.0456173   0.0451628   0.0444193   0.0436027   0.0428117   0.0420830   0.0414217   0.0408195
  33.0379048   0.0416870   0.0441814   0.0442280   0.0438511   0.0435834   0.0433907   0.0431682   0.0428708   0.0425012   0.0420816
  33.3328861   0.0370334   0.0386329   0.0397455   0.0403266   0.0405864   0.0406653   0.0406484   0.0405853   0.0404998   0.0404019
  33.6278674   0.0389421   0.0383208   0.0381648   0.0378973   0.0376303   0.0374797   0.0374725   0.0375851   0.0377801   0.0380219
  33.9228487   0.0331066   0.0322597   0.0323991   0.0330882   0.0339699   0.0348302   0.0355985   0.0362697   0.0368531   0.0373585
  34.2178300   0.0446880   0.0419910   0.0406124   0.0398748   0.0395544   0.0394535   0.0394469   0.0394716   0.0395014   0.0395303
  34.5128113   0.0443625   0.0450615   0.0455403   0.0453808   0.0449013   0.0442538   0.0435611   0.0429119   0.0423563   0.0419140
  34.8077926   0.0415935   0.0420411   0.0423908   0.0423541   0.0422127   0.0421110   0.0420742   0.0420861   0.0421301   0.0421955
  35.1027738   0.0356932   0.0358201   0.0366791   0.0377737   0.0388457   0.0398619   0.0408082   0.0416613   0.0423971   0.0429998
  35.3977551   0.0479973   0.0471728   0.0467446   0.0465981   0.0466530   0.0467721   0.0468681   0.0469094   0.0468867   0.0467999
  35.6927364   0.0605001   0.0596049   0.0586182   0.0572224   0.0558123   0.0544504   0.0531295   0.0518657   0.0506853   0.0496057
  35.9877177   0.0469700   0.0482483   0.0497180   0.0500595   0.0497060   0.0490517   0.0483039   0.0475412   0.0467847   0.0460417
  36.2826990   0.0287476   0.0315308   0.0330637   0.0341371   0.0351120   0.0359785   0.0366758   0.0371861   0.0375284   0.0377345
  36.5776803   0.0357937   0.0328844   0.0311004   0.0300324   0.0293778   0.0290853   0.0290836   0.0292901   0.0296284   0.0300377
  36.8726616   0.0193761   0.0192927   0.0203169   0.0215540   0.0225580   0.0232849   0.0238304   0.0242952   0.0247519   0.0252426
  37.1676429   0.0265727   0.0245680   0.0235393   0.0228265   0.0224391   0.0223838   0.0225838   0.0229594   0.0234581   0.0240456
  37.4626242   0.0172369   0.0201181   0.0217801   0.0229118   0.0237323   0.0244245   0.0251047   0.0258019   0.0264955   0.0271554
  37.7576055   0.0291888   0.0304926   0.0310471   0.0317868   0.0326330   0.0333724   0.0338885   0.0341715   0.0342656   0.0342274
  38.0525868   0.0595035   0.0568795   0.0538935   0.0510842   0.0485929   0.0464295   0.0445737   0.0429904   0.0416319   0.0404483
  38.3475681   0.0374628   0.0391468   0.0404325   0.0415058   0.0420665   0.0421437   0.0418564   0.0413176   0.0406163   0.0398179
  38.6425494   0.0328904   0.0335254   0.0336213   0.0335562   0.0335353   0.0336220   0.0337389   0.0337946   0.0337400   0.0335661
  38.9375306   0.0245296   0.0257497   0.0266016   0.0267426   0.0265359   0.0262006   0.0258758   0.0256332   0.0254866   0.0254160
  39.2325119   0.0151360   0.0155008   0.0153419   0.0152901   0.0154595   0.0157676   0.0161188   0.0164659   0.0167993   0.0171250
  39.5274932   0.0067165   0.0073091   0.0075996   0.0079626   0.0084159   0.0089089   0.0094191   0.0099383   0.0104582   0.0109708
  39.8224745   0.0066362   0.0069090   0.0070125   0.0070848   0.0071432   0.0072292   0.0073671   0.0075626   0.0078127   0.0081109
  40.1174558   0.0073972   0.0071604   0.0071363   0.0071578   0.0071692   0.0071849   0.0072171   0.0072758   0.0073690   0.0075008
  40.4124371   0.0069325   0.0072250   0.0073175   0.0073803   0.0074572   0.0075553   0.0076717   0.0077951   0.0079163   0.0080317
  40.7074184   0.0090159   0.0086910   0.0086577   0.0088302   0.0090201   0.0091553   0.0092350   0.0092751   0.0092912   0.0092954
  41.0023997   0.0159672   0.0140710   0.0128706   0.0121762   0.0117001   0.0113409   0.0110627   0.0108481   0.0106851   0.0105634
  41.2973810   0.0110555   0.0105616   0.0105416   0.0107184   0.0109048   0.0110442   0.0111394   0.0112021   0.0112403   0.0112598
  41.5923623   0.0094396   0.0107069   0.0110062   0.0111715   0.0113563   0.0115361   0.0116946   0.0118225   0.0119184   0.0119864
  41.8873436   0.0180967   0.0151420   0.0143782   0.0140378   0.0137527   0.0135011   0.0133003   0.0131550   0.0130595   0.0130026
  42.1823249   0.0147476   0.0137016   0.0133547   0.0134579   0.0135929   0.0136933   0.0137634   0.0138067   0.0138271   0.0138317
  42.4773062   0.0144797   0.0143245   0.0141561   0.0142207   0.0143557   0.0144668   0.0145398   0.0145845   0.0146121   0.0146303
  42.7722875   0.0152249   0.0178423   0.0172437   0.0165569   0.0161035   0.0158190   0.0156482   0.0155572   0.0155203   0.0155171
  43.0672687   0.0154200   0.0143380   0.0145557   0.0150391   0.0155063   0.0158749   0.0161385   0.0163181   0.0164377   0.0165174
  43.3622500   0.0182451   0.0191230   0.0188951   0.0186014   0.0183424   0.0181495   0.0180213   0.0179414   0.0178925   0.0178611
  43.6572313   0.0188309   0.0191080   0.0193806   0.0194861   0.0194650   0.0193927   0.0193076   0.0192213   0.0191367   0.0190549
  43.9522126   0.0185040   0.0187486   0.0190528   0.0193639   0.0196159   0.0197638   0.0198260   0.0198289   0.0197929   0.0197326
  44.2471939   0.0263664   0.0241016   0.0223203   0.0213332   0.0207757   0.0204418   0.0202294   0.0200887   0.0199906   0.0199153
  44.5421752   0.0188848   0.0187623   0.0186447   0.0188731   0.0191617   0.0193911   0.0195415   0.0196271   0.0196664   0.0196733
  44.8371565   0.0176853   0.0189522   0.0195181   0.0196415   0.0195967   0.0195195   0.0194566   0.0194074   0.0193612   0.0193111
  45.1321378   0.0180953   0.0185351   0.0190774   0.0192467   0.0192142   0.0191017   0.0189615   0.0188194   0.0186897   0.0185781
  45.4271191   0.0180437   0.0176535   0.0175100   0.0173537   0.0172563   0.0172191   0.0172134   0.0172200   0.0172307   0.0172435
  45.7221004   0.0141929   0.0145556   0.0147676   0.0149645   0.0151713   0.0153664   0.0155452   0.0157111   0.0158653   0.0160055
  46.0170817   0.0161232   0.0154092   0.0152078   0.0151757   0.0151918   0.0152432   0.0153240   0.0154159   0.0154991   0.0155599
  46.3120630   0.0165781   0.0160443   0.0159137   0.0159755   0.0160431   0.0160328   0.0159333   0.0157636   0.0155495   0.0153134
  46.6070443   0.0200155   0.0186713   0.0177363   0.0168822   0.0161286   0.0154561   0.0148592   0.0143339   0.0138739   0.0134718
  46.9020256   0.0087897   0.0084853   0.0086171   0.0088584   0.0090685   0.0092109   0.0092945   0.0093361   0.0093497   0.0093454
  47.1970068   0.0024919   0.0024078   0.0025376   0.0028143   0.0031748   0.0035812   0.0040003   0.0044045   0.0047770   0.0051108
  47.4919881   0.0019898   0.0020858   0.0020931   0.0020889   0.0021030   0.0021520   0.0022473   0.0023911   0.0025768   0.0027927
  47.7869694   0.0019702   0.0018685   0.0018713   0.0018784   0.0018860   0.0018957   0.0019088   0.0019300   0.0019663   0.0020235
  48.0819507   0.0016359   0.0017055   0.0017674   0.0017913   0.0017941   0.0017908   0.0017878   0.0017869   0.0017894   0.0017971
  48.3769320   0.0015116   0.0015679   0.0016232   0.0016470   0.0016571   0.0016624   0.0016661   0.0016694   0.0016732   0.0016779
  48.6719133   0.0016848   0.0016190   0.0015865   0.0015691   0.0015645   0.0015674   0.0015741   0.0015827   0.0015921   0.0016016
  48.9668946   0.0016221   0.0015581   0.0015299   0.0015282   0.0015385   0.0015515   0.0015629   0.0015722   0.0015795   0.0015856
  49.2618759   0.0016036   0.0016673   0.0016763   0.0016692   0.0016555   0.0016407   0.0016278   0.0016175   0.0016095   0.0016035
  49.5568572   0.0015077   0.0015595   0.0015896   0.0016055   0.0016114   0.0016113   0.0016080   0.0016032   0.0015979   0.0015929
  49.8518385   0.0016479   0.0015790   0.0015567   0.0015435   0.0015381   0.0015385   0.0015420   0.0015465   0.0015508   0.0015545
  50.1468198   0.0013992   0.0014549   0.0014704   0.0014855   0.0014988   0.0015092   0.0015172   0.0015237   0.0015294   0.0015346
  50.4418011   0.0015251   0.0015815   0.0015782   0.0015692   0.0015591   0.0015513   0.0015467   0.0015450   0.0015450   0.0015461
  50.7367824   0.0014315   0.0015009   0.0015253   0.0015408   0.0015529   0.0015617   0.0015672   0.0015697   0.0015697   0.0015677
  51.0317637   0.0016966   0.0016712   0.0016487   0.0016351   0.0016238   0.0016130   0.0016018   0.0015902   0.0015783   0.0015662
  51.3267449   0.0017046   0.0016358   0.0016108   0.0015901   0.0015699   0.0015501   0.0015317   0.0015149   0.0014997   0.0014853
  51.6217262   0.0012407   0.0012493   0.0012669   0.0012830   0.0012974   0.0013092   0.0013171   0.0013200   0.0013179   0.0013113
  51.9167075   0.0010942   0.0011223   0.0011362   0.0011402   0.0011368   0.0011274   0.0011143   0.0010996   0.0010844   0.0010696
  52.2116888   0.0010411   0.0009902   0.0009337   0.0008805   0.0008366   0.0008026   0.0007769   0.0007579   0.0007443   0.0007349
  52.5066701   0.0000057   0.0000512   0.0001066   0.0001616   0.0002108   0.0002525   0.0002871   0.0003160   0.0003404   0.0003617
  52.8016514   0.0000000   0.0000000   0.0000001   0.0000017   0.0000082   0.0000213   0.0000401   0.0000626   0.0000869   0.0001114
  53.0966327   0.0000000   0.0000000   0.0000000   0.0000000   0.0000000   0.0000004   0.0000018   0.0000052   0.0000112   0.0000198
  53.3916140   0.0000000   0.0000000   0.0000000   0.0000000   0.0000000   0.0000000   0.0000000   0.0000002   0.0000007   0.0000020
  53.6865953   0.0000000   0.0000000   0.0000000   0.0000000   0.0000000   0.0000000   0.0000000   0.0000000   0.0000001   0.0000005
  53.9815766   0.0000000   0.0000000   0.0000000   0.0000000   0.0000000   0.0000000   0.0000001   0.0000007   0.0000029   0.0000078
  54.2765579   0.0000000   0.0000000   0.0000000   0.0000000   0.0000002   0.0000019   0.0000078   0.0000211   0.0000444   0.0000790
  54.5715392   0.0000000   0.0000000   0.0000011   0.0000107   0.0000381   0.0000871   0.0001575   0.0002461   0.0003473   0.0004548
  54.8665205   0.0001583   0.0003036   0.0004535   0.0006135   0.0007873   0.0009685   0.0011431   0.0012997   0.0014329   0.0015421
  55.1615018   0.0033376   0.0034293   0.0035585   0.0036156   0.0036032   0.0035467   0.0034669   0.0033767   0.0032834   0.0031910
  55.4564830   0.0066980   0.0065344   0.0062322   0.0058950   0.0055641   0.0052535   0.0049672   0.0047056   0.0044669   0.0042488
  55.7514643   0.0039624   0.0039379   0.0039751   0.0040594   0.0041436   0.0041953   0.0042021   0.0041659   0.0040947   0.0039979
  56.0464456   0.0030393   0.0030404   0.0030391   0.0030283   0.0030136   0.0030038   0.0030009   0.0030010   0.0029983   0.0029880
  56.3414269   0.0016937   0.0018264   0.0018506   0.0018411   0.0018247   0.0018108   0.0018042   0.0018070   0.0018195   0.0018395
  56.6364082   0.0002957   0.0003492   0.0003921   0.0004488   0.0005170   0.0005894   0.0006606   0.0007286   0.0007933   0.0008553
  56.9313895   0.0000000   0.0000001   0.0000028   0.0000150   0.0000385   0.0000718   0.0001132   0.0001610   0.0002131   0.0002679
  57.2263708   0.0000000   0.0000000   0.0000000   0.0000000   0.0000004   0.0000022   0.0000072   0.0000168   0.0000317   0.0000520
  57.5213521   0.0000000   0.0000000   0.0000000   0.0000000   0.0000000   0.0000000   0.0000001   0.0000007   0.0000024   0.0000059
  57.8163334   0.0000000   0.0000000   0.0000000   0.0000000   0.0000000   0.0000000   0.0000000   0.0000000   0.0000001   0.0000004
  58.1113147   0.0000000   0.0000000   0.0000000   0.0000000   0.0000000   0.0000000   0.0000000   0.0000000   0.0000000   0.0000000
  58.4062960   0.0000000   0.0000000   0.0000000   0.0000000   0.0000000   0.0000000   0.0000000   0.0000000   0.0000000   0.0000000
  58.7012773   0.0000000   0.0000000   0.0000000   0.0000000   0.0000000   0.0000000   0.0000000   0.0000000   0.0000000   0.0000000
  58.9962586   0.0000000   0.0000000   0.0000000   0.0000000   0.0000000   0.0000000   0.0000000   0.0000000   0.0000000   0.0000000
  59.2912399   0.0000000   0.0000000   0.0000000   0.0000000   0.0000000   0.0000000   0.0000000   0.0000000   0.0000000   0.0000000
  59.5862211   0.0000000   0.0000000   0.0000000   0.0000000   0.0000000   0.0000000   0.0000000   0.0000000   0.0000000   0.0000000
  59.8812024   0.0000000   0.0000000   0.0000000   0.0000000   0.0000000   0.0000000   0.0000000   0.0000000   0.0000000   0.0000000
  60.1761837   0.0000000   0.0000000   0.0000000   0.0000000   0.0000000   0.0000000   0.0000000   0.0000000   0.0000000   0.0000000
  60.4711650   0.0000000   0.0000000   0.0000000   0.0000000   0.0000000   0.0000000   0.0000000   0.0000000   0.0000000   0.0000000
  60.7661463   0.0000000   0.0000000   0.0000000   0.0000000   0.0000000   0.0000000   0.0000000   0.0000000   0.0000000   0.0000000
  61.0611276   0.0000000   0.0000000   0.0000000   0.0000000   0.0000000   0.0000000   0.0000000   0.0000000   0.0000000   0.0000000
  61.3561089   0.0000000   0.0000000   0.0000000   0.0000000   0.0000000   0.0000000   0.0000000   0.0000000   0.0000000   0.0000000
  61.6510902   0.0000000   0.0000000   0.0000000   0.0000000   0.0000000   0.0000000   0.0000000   0.0000000   0.0000000   0.0000000
  61.9460715   0.0000000   0.0000000   0.0000000   0.0000000   0.0000000   0.0000000   0.0000000   0.0000000   0.0000000   0.0000000
  62.2410528   0.0000000   0.0000000   0.0000000   0.0000000   0.0000000   0.0000000   0.0000000   0.0000000   0.0000000   0.0000000
  62.5360341   0.0000000   0.0000000   0.0000000   0.0000000   0.0000000   0.0000000   0.0000000   0.0000000   0.0000000   0.0000000
  62.8310154   0.0000000   0.0000000   0.0000000   0.0000000   0.0000000   0.0000000   0.0000000   0.0000000   0.0000000   0.0000000
  63.1259967   0.0000000   0.0000000   0.0000000   0.0000000   0.0000000   0.0000000   0.0000000   0.0000000   0.0000000   0.0000000
  63.4209780   0.0000000   0.0000000   0.0000000   0.0000000   0.0000000   0.0000000   0.0000000   0.0000000   0.0000000   0.0000000
  63.7159592   0.0000000   0.0000000   0.0000000   0.0000000   0.0000000   0.0000000   0.0000000   0.0000000   0.0000000   0.0000000
  64.0109405   0.0000000   0.0000000   0.0000000   0.0000000   0.0000000   0.0000000   0.0000000   0.0000000   0.0000000   0.0000000
  64.3059218   0.0000000   0.0000000   0.0000000   0.0000000   0.0000000   0.0000000   0.0000000   0.0000000   0.0000000   0.0000000
  64.6009031   0.0000000   0.0000000   0.0000000   0.0000000   0.0000000   0.0000000   0.0000000   0.0000000   0.0000000   0.0000000
  64.8958844   0.0000000   0.0000000   0.0000000   0.0000000   0.0000000   0.0000000   0.0000000   0.0000000   0.0000000   0.0000000
  65.1908657   0.0000000   0.0000000   0.0000000   0.0000000   0.0000000   0.0000000   0.0000000   0.0000000   0.0000000   0.0000000
  65.4858470   0.0000000   0.0000000   0.0000000   0.0000000   0.0000000   0.0000000   0.0000000   0.0000000   0.0000000   0.0000000
  65.7808283   0.0000000   0.0000000   0.0000000   0.0000000   0.0000000   0.0000000   0.0000000   0.0000000   0.0000000   0.0000000
  66.0758096   0.0000000   0.0000000   0.0000000   0.0000000   0.0000000   0.0000000   0.0000000   0.0000000   0.0000000   0.0000000
  66.3707909   0.0000000   0.0000000   0.0000000   0.0000000   0.0000000   0.0000000   0.0000000   0.0000000   0.0000000   0.0000000
  66.6657722   0.0000000   0.0000000   0.0000000   0.0000000   0.0000000   0.0000000   0.0000000   0.0000000   0.0000000   0.0000000
  66.9607535   0.0000000   0.0000000   0.0000000   0.0000000   0.0000000   0.0000000   0.0000000   0.0000000   0.0000000   0.0000000
  67.2557348   0.0000000   0.0000000   0.0000000   0.0000000   0.0000000   0.0000000   0.0000000   0.0000000   0.0000001   0.0000003
  67.5507161   0.0000000   0.0000000   0.0000000   0.0000000   0.0000000   0.0000000   0.0000001   0.0000005   0.0000022   0.0000067
  67.8456973   0.0000000   0.0000000   0.0000000   0.0000000   0.0000001   0.0000011   0.0000056   0.0000173   0.0000389   0.0000718
  68.1406786   0.0000000   0.0000000   0.0000001   0.0000041   0.0000247   0.0000699   0.0001382   0.0002246   0.0003245   0.0004346
  68.4356599   0.0000010   0.0001073   0.0003296   0.0005456   0.0007387   0.0009160   0.0010855   0.0012516   0.0014153   0.0015769
  68.7306412   0.0035791   0.0035302   0.0034554   0.0034011   0.0034025   0.0034429   0.0035061   0.0035836   0.0036715   0.0037683
  69.0256225   0.0071808   0.0069250   0.0068250   0.0067665   0.0067201   0.0066808   0.0066511   0.0066354   0.0066351   0.0066498
  69.3206038   0.0097546   0.0094787   0.0095513   0.0095965   0.0096395   0.0096735   0.0096969   0.0097113   0.0097202   0.0097281
  69.6155851   0.0132805   0.0131007   0.0129523   0.0128984   0.0128719   0.0128557   0.0128484   0.0128500   0.0128614   0.0128830
  69.9105664   0.0172092   0.0162612   0.0159707   0.0159684   0.0159830   0.0160011   0.0160393   0.0160973   0.0161684   0.0162474
  70.2055477   0.0194574   0.0191451   0.0189886   0.0191674   0.0194181   0.0196309   0.0197969   0.0199315   0.0200531   0.0201752
  70.5005290   0.0293713   0.0270631   0.0258936   0.0252691   0.0249247   0.0247437   0.0246857   0.0247216   0.0248221   0.0249610
  70.7955103   0.0295089   0.0284905   0.0284286   0.0287916   0.0292962   0.0297558   0.0301260   0.0304142   0.0306316   0.0307845
  71.0904916   0.0409945   0.0399702   0.0391926   0.0386255   0.0382946   0.0380928   0.0379231   0.0377286   0.0374836   0.0371818
  71.3854729   0.0451420   0.0454684   0.0460151   0.0459328   0.0454446   0.0447207   0.0438794   0.0429918   0.0420980   0.0412199
  71.6804542   0.0452397   0.0443921   0.0442109   0.0438407   0.0432514   0.0425658   0.0418451   0.0411140   0.0403853   0.0396673
  71.9754354   0.0317442   0.0327084   0.0327470   0.0327552   0.0328894   0.0330889   0.0332801   0.0334205   0.0334964   0.0335088
  72.2704167   0.0243242   0.0234420   0.0238314   0.0244263   0.0249347   0.0253785   0.0258010   0.0262206   0.0266345   0.0270315
  72.5653980   0.0219710   0.0220740   0.0219982   0.0218404   0.0217984   0.0218798   0.0220616   0.0223175   0.0226246   0.0229641
  72.8603793   0.0203544   0.0199922   0.0199616   0.0201253   0.0203629   0.0205920   0.0207845   0.0209471   0.0210987   0.0212577
  73.1553606   0.0221824   0.0222011   0.0218189   0.0215610   0.0213032   0.0210672   0.0208885   0.0207767   0.0207295   0.0207454
  73.4503419   0.0193160   0.0195760   0.0195454   0.0196999   0.0198806   0.0200374   0.0201806   0.0203363   0.0205353   0.0208071
  73.7453232   0.0209554   0.0204312   0.0199907   0.0199094   0.0200834   0.0204274   0.0209211   0.0215696   0.0223764   0.0233305
  74.0403045   0.0236531   0.0236520   0.0238102   0.0243438   0.0252334   0.0264262   0.0278785   0.0295195   0.0312581   0.0330102
  74.3352858   0.0394713   0.0404903   0.0419202   0.0437930   0.0459369   0.0480359   0.0499089   0.0514961   0.0528087   0.0538877
  74.6302671   0.0935415   0.0956864   0.0935831   0.0914910   0.0893666   0.0872575   0.0852820   0.0835030   0.0819262   0.0805277
  74.9252484   0.1210258   0.1158282   0.1129614   0.1111372   0.1093477   0.1074166   0.1053685   0.1032514   0.1011155   0.0990064
  75.2202297   0.1085836   0.1051498   0.1051448   0.1057898   0.1063556   0.1065889   0.1064349   0.1059172   0.1050941   0.1040374
  75.5152110   0.1046510   0.1066976   0.1057770   0.1044606   0.1033666   0.1025255   0.1019218   0.1015094   0.1012093   0.1009362
  75.8101922   0.0915684   0.0905743   0.0909958   0.0916418   0.0924870   0.0933900   0.0942037   0.0948662   0.0953749   0.0957438
  76.1051735   0.0867179   0.0877871   0.0899032   0.0911147   0.0916214   0.0918324   0.0919501   0.0920304   0.0920707   0.0920581
  76.4001548   0.0916339   0.0929625   0.0936156   0.0930936   0.0922041   0.0912540   0.0903260   0.0894445   0.0886224   0.0878664
  76.6951361   0.0855208   0.0834488   0.0830004   0.0824766   0.0819989   0.0815213   0.0809855   0.0803941   0.0797781   0.0791696
  76.9901174   0.0666191   0.0658841   0.0658940   0.0659429   0.0660138   0.0661113   0.0662398   0.0663908   0.0665463   0.0666882
  77.2850987   0.0498374   0.0494069   0.0498715   0.0505938   0.0513557   0.0521248   0.0528895   0.0536312   0.0543257   0.0549502
  77.5800800   0.0462715   0.0454236   0.0452239   0.0452872   0.0454856   0.0457702   0.0460694   0.0463328   0.0465474   0.0467224
  77.8750613   0.0428401   0.0434621   0.0438633   0.0437649   0.0431840   0.0423474   0.0414661   0.0406635   0.0399941   0.0394718
  78.1700426   0.0341061   0.0330878   0.0318694   0.0310386   0.0305170   0.0302011   0.0300072   0.0298853   0.0298141   0.0297889
  78.4650239   0.0115112   0.0125753   0.0130728   0.0140703   0.0152927   0.0165101   0.0176255   0.0186180   0.0194960   0.0202759
  78.7600052   0.0129881   0.0134303   0.0134897   0.0134245   0.0133916   0.0134862   0.0137526   0.0141770   0.0147164   0.0153256
  79.0549865   0.0128088   0.0130604   0.0133024   0.0135040   0.0137153   0.0139064   0.0140693   0.0142253   0.0144047   0.0146299
  79.3499678   0.0184903   0.0169094   0.0164554   0.0161926   0.0159933   0.0158579   0.0157843   0.0157588   0.0157673   0.0158021
  79.6449491   0.0170098   0.0164924   0.0166705   0.0169639   0.0171844   0.0173190   0.0173891   0.0174130   0.0174051   0.0173778
  79.9399303   0.0214004   0.0202461   0.0198379   0.0195897   0.0194036   0.0192432   0.0190942   0.0189549   0.0188269   0.0187116
  80.2349116   0.0213180   0.0208138   0.0204540   0.0201321   0.0198866   0.0197111   0.0195852   0.0194936   0.0194280   0.0193837
  80.5298929   0.0152724   0.0166346   0.0176565   0.0183142   0.0187673   0.0190929   0.0193429   0.0195496   0.0197303   0.0198936
  80.8248742   0.0201421   0.0210463   0.0210146   0.0208228   0.0207149   0.0207354   0.0208476   0.0210100   0.0211960   0.0213903
  81.1198555   0.0232243   0.0226114   0.0230676   0.0234488   0.0236760   0.0238117   0.0239058   0.0239879   0.0240729   0.0241660
  81.4148368   0.0279730   0.0279403   0.0279180   0.0278469   0.0277813   0.0277255   0.0276844   0.0276547   0.0276312   0.0276129
  81.7098181   0.0330221   0.0326122   0.0318277   0.0314600   0.0313490   0.0312926   0.0312232   0.0311418   0.0310618   0.0309911
  82.0047994   0.0366091   0.0362543   0.0351785   0.0345450   0.0342267   0.0340770   0.0340159   0.0339971   0.0339915   0.0339823
  82.2997807   0.0326322   0.0340233   0.0348339   0.0356200   0.0361795   0.0365242   0.0367224   0.0368212   0.0368501   0.0368273
  82.5947620   0.0443485   0.0428185   0.0419235   0.0413722   0.0408748   0.0404361   0.0400719   0.0397663   0.0394952   0.0392396
  82.8897433   0.0405861   0.0417673   0.0413601   0.0411533   0.0410937   0.0410063   0.0408363   0.0405951   0.0403072   0.0399915
  83.1847246   0.0411775   0.0415551   0.0407125   0.0401315   0.0397610   0.0394992   0.0392766   0.0390539   0.0388122   0.0385479
  83.4797059   0.0308506   0.0345348   0.0353983   0.0357331   0.0358659   0.0358302   0.0357025   0.0355441   0.0353838   0.0352294
  83.7746872   0.0360466   0.0330097   0.0315702   0.0309502   0.0306873   0.0306295   0.0306756   0.0307589   0.0308464   0.0309251
  84.0696684   0.0246247   0.0245042   0.0247624   0.0253473   0.0258269   0.0261782   0.0264473   0.0266700   0.0268680   0.0270519
  84.3646497   0.0217173   0.0238708   0.0244079   0.0244174   0.0242770   0.0241531   0.0241043   0.0241286   0.0242056   0.0243162
  84.6596310   0.0207005   0.0209859   0.0212898   0.0215522   0.0217832   0.0219960   0.0221641   0.0222845   0.0223741   0.0224508
  84.9546123   0.0206911   0.0211334   0.0216163   0.0216400   0.0214705   0.0212947   0.0211750   0.0211111   0.0210856   0.0210840
  85.2495936   0.0156353   0.0177100   0.0186038   0.0191526   0.0194875   0.0196702   0.0197564   0.0197921   0.0198075   0.0198191
  85.5445749   0.0231864   0.0212416   0.0200121   0.0191836   0.0187609   0.0185931   0.0185537   0.0185716   0.0186112   0.0186571
  85.8395562   0.0162551   0.0165609   0.0167019   0.0169885   0.0172901   0.0174983   0.0176196   0.0176939   0.0177506   0.0178048
  86.1345375   0.0190416   0.0189434   0.0181857   0.0177341   0.0174703   0.0173198   0.0172549   0.0172495   0.0172801   0.0173305
  86.4295188   0.0184786   0.0166408   0.0161961   0.0163523   0.0165976   0.0168137   0.0169814   0.0171033   0.0171913   0.0172570
  86.7245001   0.0178728   0.0177927   0.0179008   0.0179276   0.0178701   0.0177706   0.0176774   0.0176066   0.0175560   0.0175187
  87.0194814   0.0191607   0.0187054   0.0183046   0.0180739   0.0179553   0.0178784   0.0178092   0.0177373   0.0176641   0.0175936
  87.3144627   0.0214520   0.0181201   0.0173653   0.0172684   0.0172752   0.0172871   0.0172899   0.0172821   0.0172654   0.0172432
  87.6094440   0.0147169   0.0164908   0.0166297   0.0166575   0.0166785   0.0166766   0.0166721   0.0166795   0.0167007   0.0167321
  87.9044253   0.0176761   0.0165458   0.0161638   0.0159874   0.0159733   0.0160522   0.0161604   0.0162701   0.0163732   0.0164680
  88.1994065   0.0148327   0.0155570   0.0162167   0.0164235   0.0165022   0.0165591   0.0166155   0.0166716   0.0167224   0.0167650
  88.4943878   0.0137165   0.0162028   0.0172140   0.0175636   0.0176604   0.0176414   0.0175660   0.0174680   0.0173704   0.0172875
  88.7893691   0.0209386   0.0196456   0.0189653   0.0184802   0.0180896   0.0177996   0.0176062   0.0174923   0.0174354   0.0174138
  89.0843504   0.0165097   0.0152565   0.0150528   0.0153911   0.0159103   0.0164138   0.0168316   0.0171502   0.0173779   0.0175292
  89.3793317   0.0219333   0.0203334   0.0195359   0.0192079   0.0189794   0.0187888   0.0186251   0.0184773   0.0183386   0.0182071
  89.6743130   0.0210566   0.0204529   0.0206224   0.0204716   0.0200961   0.0196143   0.0191348   0.0187100   0.0183559   0.0180719
  89.9692943   0.0186996   0.0158769   0.0151783   0.0152119   0.0154905   0.0157868   0.0160373   0.0162364   0.0163912   0.0165099
  90.2642756   0.0187309   0.0165948   0.0147797   0.0140576   0.0140023   0.0142395   0.0145773   0.0149271   0.0152493   0.0155277
  90.5592569   0.0157548   0.0157917   0.0158903   0.0161442   0.0162863   0.0162841   0.0162135   0.0161344   0.0160738   0.0160378
  90.8542382   0.0193443   0.0189630   0.0185768   0.0182160   0.0178301   0.0174719   0.0171632   0.0168964   0.0166643   0.0164649
  91.1492195   0.0159076   0.0150034   0.0151485   0.0154210   0.0156368   0.0157705   0.0158393   0.0158601   0.0158456   0.0158055
  91.4442008   0.0170146   0.0153490   0.0146887   0.0144786   0.0144631   0.0145133   0.0145825   0.0146527   0.0147122   0.0147533
  91.7391821   0.0152654   0.0151080   0.0146001   0.0142436   0.0140643   0.0139877   0.0139417   0.0138985   0.0138569   0.0138226
  92.0341634   0.0085972   0.0110286   0.0125783   0.0131035   0.0131522   0.0130402   0.0129116   0.0128163   0.0127616   0.0127415
  92.3291446   0.0086322   0.0085927   0.0096994   0.0102491   0.0105955   0.0108888   0.0111456   0.0113659   0.0115549   0.0117194
  92.6241259   0.0104286   0.0116864   0.0115533   0.0112843   0.0111450   0.0111517   0.0112448   0.0113746   0.0115132   0.0116469
  92.9191072   0.0115151   0.0113366   0.0118719   0.0123232   0.0125553   0.0126065   0.0125656   0.0124969   0.0124320   0.0123817
  93.2140885   0.0182270   0.0161996   0.0147831   0.0140783   0.0136622   0.0134079   0.0132426   0.0131167   0.0130037   0.0128931
  93.5090698   0.0106377   0.0118972   0.0121360   0.0124290   0.0126704   0.0128181   0.0128691   0.0128468   0.0127777   0.0126815
  93.8040511   0.0109099   0.0121229   0.0130378   0.0129635   0.0126496   0.0123502   0.0121208   0.0119547   0.0118311   0.0117318
  94.0990324   0.0051018   0.0073415   0.0086692   0.0093101   0.0096698   0.0099010   0.0100490   0.0101390   0.0101903   0.0102169
  94.3940137   0.0095228   0.0093986   0.0090117   0.0087911   0.0086715   0.0086303   0.0086398   0.0086748   0.0087179   0.0087594
  94.6889950   0.0090153   0.0084044   0.0078256   0.0076665   0.0076373   0.0076209   0.0075927   0.0075628   0.0075429   0.0075376
  94.9839763   0.0057351   0.0066252   0.0066121   0.0064320   0.0063212   0.0062840   0.0062884   0.0063124   0.0063453   0.0063821
  95.2789576   0.0027394   0.0031471   0.0041204   0.0046833   0.0049566   0.0051168   0.0052370   0.0053363   0.0054176   0.0054813
  95.5739389   0.0029950   0.0038666   0.0046035   0.0049505   0.0050445   0.0050472   0.0050202   0.0049797   0.0049328   0.0048860
  95.8689202   0.0052897   0.0056364   0.0054911   0.0051829   0.0048832   0.0046267   0.0044124   0.0042403   0.0041100   0.0040177
  96.1639015   0.0020993   0.0020770   0.0020084   0.0019953   0.0020901   0.0022350   0.0023878   0.0025308   0.0026581   0.0027693
  96.4588827   0.0001189   0.0002613   0.0004759   0.0007728   0.0010842   0.0013618   0.0016012   0.0018100   0.0019938   0.0021568
  96.7538640   0.0047344   0.0043151   0.0037249   0.0032727   0.0029580   0.0027411   0.0025984   0.0025169   0.0024867   0.0024984
  97.0488453   0.0025043   0.0027218   0.0027374   0.0028251   0.0029147   0.0029808   0.0030276   0.0030660   0.0031050   0.0031493
  97.3438266   0.0032342   0.0029400   0.0030735   0.0032815   0.0034607   0.0036265   0.0037863   0.0039300   0.0040498   0.0041444
  97.6388079   0.0057260   0.0059696   0.0058185   0.0058671   0.0058796   0.0058361   0.0057712   0.0057073   0.0056529   0.0056089
  97.9337892   0.0109825   0.0092983   0.0083752   0.0078573   0.0075584   0.0073612   0.0072041   0.0070679   0.0069487   0.0068441
  98.2287705   0.0056126   0.0068297   0.0072940   0.0073293   0.0073623   0.0074198   0.0074735   0.0075037   0.0075036   0.0074758
  98.5237518   0.0049448   0.0062188   0.0070884   0.0076167   0.0078764   0.0079502   0.0079338   0.0078854   0.0078299   0.0077756
  98.8187331   0.0165027   0.0117457   0.0098267   0.0088876   0.0083667   0.0080758   0.0079124   0.0078185   0.0077657   0.0077392
  99.1137144   0.0064298   0.0060293   0.0059346   0.0062588   0.0066508   0.0069676   0.0072068   0.0073903   0.0075352   0.0076521
  99.4086957   0.0093973   0.0085239   0.0080524   0.0079414   0.0079445   0.0079658   0.0080040   0.0080595   0.0081230   0.0081847
  99.7036770   0.0149451   0.0118791   0.0104761   0.0098442   0.0095720   0.0094363   0.0093384   0.0092456   0.0091544   0.0090687
  99.9986583   0.0116852   0.0101340   0.0100007   0.0100928   0.0100814   0.0099811   0.0098457   0.0097055   0.0095726   0.0094507
 100.2936396   0.0058642   0.0079311   0.0087111   0.0089954   0.0090736   0.0090954   0.0091090   0.0091187   0.0091215   0.0091162
 100.5886208   0.0057393   0.0072389   0.0078350   0.0080812   0.0082184   0.0083366   0.0084457   0.0085418   0.0086233   0.0086908
 100.8836021   0.0071384   0.0084665   0.0087295   0.0087105   0.0086638   0.0086255   0.0086000   0.0085915   0.0085990   0.0086176
 101.1785834   0.0088514   0.0092371   0.0090360   0.0088254   0.0087406   0.0087260   0.0087283   0.0087271   0.0087198   0.0087100
 101.4735647   0.0082704   0.0086003   0.0087322   0.0088341   0.0088696   0.0088588   0.0088273   0.0087935   0.0087671   0.0087511
 101.7685460   0.0088973   0.0084962   0.0086788   0.0087077   0.0086623   0.0086290   0.0086326   0.0086640   0.0087097   0.0087617
 102.0635273   0.0075352   0.0072502   0.0075681   0.0079851   0.0083341   0.0085939   0.0087807   0.0089190   0.0090327   0.0091390
 102.3585086   0.0138404   0.0123051   0.0113795   0.0107934   0.0103987   0.0101596   0.0100523   0.0100488   0.0101180   0.0102294
 102.6534899   0.0082205   0.0092047   0.0097291   0.0102216   0.0107189   0.0111733   0.0115523   0.0118435   0.0120488   0.0121782
 102.9484712   0.0153912   0.0155934   0.0157180   0.0158036   0.0157695   0.0156238   0.0154018   0.0151334   0.0148402   0.0145378
 103.2434525   0.0233662   0.0220758   0.0207581   0.0195891   0.0185271   0.0175795   0.0167542   0.0160456   0.0154382   0.0149129
 103.5384338   0.0085423   0.0095834   0.0101140   0.0107162   0.0113108   0.0117842   0.0121003   0.0122698   0.0123217   0.0122879
 103.8334151   0.0099647   0.0088861   0.0085829   0.0084634   0.0084271   0.0084683   0.0085746   0.0087202   0.0088777   0.0090268
 104.1283964   0.0056170   0.0065755   0.0066532   0.0065980   0.0065266   0.0064624   0.0064286   0.0064403   0.0065008   0.0066043
 104.4233777   0.0037869   0.0035540   0.0035966   0.0037925   0.0040383   0.0042894   0.0045212   0.0047281   0.0049150   0.0050903
 104.7183589   0.0040915   0.0044083   0.0044201   0.0043601   0.0043235   0.0043337   0.0043897   0.0044782   0.0045843   0.0046973
 105.0133402   0.0050666   0.0046406   0.0047330   0.0049416   0.0050718   0.0051209   0.0051219   0.0051012   0.0050756   0.0050553
 105.3083215   0.0070391   0.0071757   0.0066157   0.0062109   0.0059518   0.0057696   0.0056295   0.0055169   0.0054264   0.0053555
 105.6033028   0.0062631   0.0053966   0.0051411   0.0050807   0.0051066   0.0051541   0.0052011   0.0052445   0.0052845   0.0053204
 105.8982841   0.0036609   0.0042335   0.0044222   0.0046238   0.0048198   0.0049947   0.0051505   0.0052857   0.0053981   0.0054874
 106.1932654   0.0065596   0.0068326   0.0065857   0.0064738   0.0063946   0.0063170   0.0062460   0.0061855   0.0061343   0.0060897
 106.4882467   0.0091321   0.0081609   0.0075836   0.0072798   0.0071068   0.0069701   0.0068320   0.0066908   0.0065546   0.0064296
 106.7832280   0.0055320   0.0064219   0.0065310   0.0064039   0.0062857   0.0062071   0.0061567   0.0061189   0.0060835   0.0060462
 107.0782093   0.0023187   0.0029940   0.0038443   0.0044529   0.0048148   0.0050284   0.0051658   0.0052644   0.0053404   0.0053998
 107.3731906   0.0071505   0.0061332   0.0056654   0.0053162   0.0050978   0.0049970   0.0049716   0.0049836   0.0050107   0.0050424
 107.6681719   0.0057216   0.0046311   0.0045856   0.0047554   0.0048915   0.0049516   0.0049574   0.0049380   0.0049139   0.0048952
 107.9631532   0.0065174   0.0058461   0.0053441   0.0050744   0.0048998   0.0047875   0.0047261   0.0046986   0.0046890   0.0046869
 108.2581345   0.0035019   0.0036857   0.0036701   0.0038118   0.0040210   0.0042006   0.0043266   0.0044066   0.0044555   0.0044864
 108.5531158   0.0066988   0.0059740   0.0054495   0.0050762   0.0048218   0.0046446   0.0045266   0.0044580   0.0044278   0.0044246
 108.8480970   0.0040786   0.0038041   0.0038452   0.0039342   0.0040369   0.0041428   0.0042421   0.0043294   0.0044030   0.0044633
 109.1430783   0.0024064   0.0032670   0.0038442   0.0042043   0.0044389   0.0045949   0.0046995   0.0047652   0.0048009   0.0048148
 109.4380596   0.0083503   0.0073661   0.0069226   0.0065657   0.0062163   0.0059042   0.0056448   0.0054382   0.0052777   0.0051544
 109.7330409   0.0050984   0.0047691   0.0046551   0.0047004   0.0047805   0.0048488   0.0048895   0.0049041   0.0049005   0.0048874
 110.0280222   0.0031278   0.0035155   0.0037045   0.0038246   0.0039488   0.0040736   0.0041969   0.0043142   0.0044195   0.0045086
 110.3230035   0.0053106   0.0048870   0.0046674   0.0045761   0.0045381   0.0045251   0.0045283   0.0045432   0.0045657   0.0045926
 110.6179848   0.0063425   0.0055236   0.0052234   0.0051344   0.0051054   0.0050703   0.0050203   0.0049638   0.0049104   0.0048664
 110.9129661   0.0066178   0.0059410   0.0055369   0.0052977   0.0051513   0.0050584   0.0050008   0.0049666   0.0049468   0.0049352
 111.2079474   0.0037248   0.0036304   0.0039198   0.0042007   0.0044214   0.0045955   0.0047308   0.0048326   0.0049074   0.0049614
 111.5029287   0.0050500   0.0050550   0.0053871   0.0054481   0.0053958   0.0053306   0.0052822   0.0052529   0.0052379   0.0052321
 111.7979100   0.0041433   0.0052568   0.0056723   0.0057410   0.0057166   0.0056701   0.0056218   0.0055764   0.0055348   0.0054970
 112.0928913   0.0057562   0.0055437   0.0053749   0.0053919   0.0054683   0.0055329   0.0055667   0.0055739   0.0055626   0.0055398
 112.3878726   0.0082739   0.0073102   0.0064755   0.0060065   0.0057473   0.0055993   0.0055097   0.0054525   0.0054146   0.0053881
 112.6828538   0.0033951   0.0039545   0.0043677   0.0046648   0.0048464   0.0049521   0.0050157   0.0050567   0.0050859   0.0051089
 112.9778351   0.0041788   0.0042055   0.0045542   0.0047274   0.0047835   0.0048090   0.0048393   0.0048777   0.0049179   0.0049543
 113.2728164   0.0047769   0.0051086   0.0051014   0.0050256   0.0050054   0.0050155   0.0050237   0.0050204   0.0050089   0.0049944
 113.5677977   0.0060385   0.0057966   0.0056843   0.0055416   0.0053917   0.0052570   0.0051457   0.0050587   0.0049927   0.0049445
 113.8627790   0.0033614   0.0036914   0.0039983   0.0042328   0.0043903   0.0044913   0.0045568   0.0046042   0.0046448   0.0046836
 114.1577603   0.0040357   0.0044520   0.0044260   0.0042930   0.0042344   0.0042667   0.0043556   0.0044663   0.0045760   0.0046734
 114.4527416   0.0031770   0.0036934   0.0042880   0.0046977   0.0049596   0.0051053   0.0051727   0.0051958   0.0051979   0.0051919
 114.7477229   0.0104025   0.0083259   0.0076429   0.0071270   0.0066899   0.0063524   0.0061019   0.0059141   0.0057697   0.0056563
 115.0427042   0.0041066   0.0041512   0.0045699   0.0049641   0.0052441   0.0054159   0.0055075   0.0055459   0.0055521   0.0055397
 115.3376855   0.0050073   0.0053420   0.0052848   0.0051781   0.0051161   0.0051052   0.0051328   0.0051791   0.0052279   0.0052702
 115.6326668   0.0063495   0.0054529   0.0052145   0.0051708   0.0051871   0.0052017   0.0052040   0.0052017   0.0052017   0.0052063
 115.9276481   0.0070064   0.0059862   0.0056160   0.0054190   0.0053234   0.0052770   0.0052504   0.0052308   0.0052141   0.0052007
 116.2226294   0.0047234   0.0047194   0.0049569   0.0050770   0.0051243   0.0051355   0.0051333   0.0051304   0.0051322   0.0051402
 116.5176107   0.0038130   0.0045248   0.0047856   0.0048701   0.0049086   0.0049469   0.0049963   0.0050543   0.0051141   0.0051698
 116.8125919   0.0047475   0.0049832   0.0050529   0.0051108   0.0052020   0.0053064   0.0053943   0.0054560   0.0054945   0.0055161
 117.1075732   0.0067725   0.0067081   0.0069015   0.0068216   0.0066349   0.0064395   0.0062681   0.0061271   0.0060150   0.0059282
 117.4025545   0.0041548   0.0050192   0.0055892   0.0058642   0.0059628   0.0059820   0.0059700   0.0059501   0.0059328   0.0059215
 117.6975358   0.0051156   0.0051176   0.0051628   0.0051396   0.0051974   0.0053291   0.0054884   0.0056425   0.0057755   0.0058824
 117.9925171   0.0054793   0.0057613   0.0060061   0.0061587   0.0062558   0.0063143   0.0063437   0.0063567   0.0063638   0.0063707
 118.2874984   0.0083234   0.0082845   0.0081848   0.0080035   0.0077452   0.0074916   0.0072817   0.0071208   0.0070025   0.0069177
 118.5824797   0.0049015   0.0055928   0.0060406   0.0063509   0.0065936   0.0067819   0.0069182   0.0070085   0.0070614   0.0070854
 118.8774610   0.0079393   0.0073848   0.0073751   0.0072755   0.0072206   0.0072212   0.0072411   0.0072582   0.0072656   0.0072632
 119.1724423   0.0071306   0.0076792   0.0082135   0.0082475   0.0080863   0.0078818   0.0076959   0.0075492   0.0074426   0.0073690
 119.4674236   0.0053651   0.0054937   0.0060020   0.0063894   0.0066416   0.0068242   0.0069597   0.0070559   0.0071206   0.0071625
 119.7624049   0.0070156   0.0070807   0.0070568   0.0069723   0.0069295   0.0069397   0.0069789   0.0070286   0.0070791   0.0071260
 120.0573862   0.0064656   0.0073960   0.0076739   0.0076735   0.0076083   0.0075290   0.0074568   0.0074034   0.0073723   0.0073618
 120.3523675   0.0073304   0.0071311   0.0071908   0.0072960   0.0073814   0.0074552   0.0075178   0.0075688   0.0076099   0.0076444
 120.6473488   0.0080504   0.0078422   0.0078955   0.0079064   0.0079245   0.0079582   0.0080014   0.0080470   0.0080903   0.0081288
 120.9423300   0.0089843   0.0088177   0.0088987   0.0089439   0.0089421   0.0089207   0.0088927   0.0088657   0.0088437   0.0088280
 121.2373113   0.0088686   0.0094510   0.0096808   0.0096969   0.0096432   0.0095912   0.0095511   0.0095184   0.0094899   0.0094653
 121.5322926   0.0076024   0.0087291   0.0094140   0.0097173   0.0098472   0.0099045   0.0099326   0.0099498   0.0099623   0.0099726
 121.8272739   0.0109675   0.0107087   0.0105774   0.0104680   0.0104225   0.0104248   0.0104471   0.0104754   0.0105063   0.0105407
 122.1222552   0.0107889   0.0115142   0.0113870   0.0112648   0.0112255   0.0112155   0.0112230   0.0112516   0.0113021   0.0113702
 122.4172365   0.0144324   0.0124762   0.0119823   0.0119334   0.0120232   0.0121627   0.0123165   0.0124681   0.0126081   0.0127322
 122.7122178   0.0134511   0.0141590   0.0143463   0.0144536   0.0145757   0.0146761   0.0147433   0.0147807   0.0147945   0.0147904
 123.0071991   0.0197048   0.0190008   0.0187179   0.0183902   0.0180440   0.0177190   0.0174270   0.0171665   0.0169332   0.0167240
 123.3021804   0.0172576   0.0175102   0.0178084   0.0179842   0.0180271   0.0179770   0.0178705   0.0177333   0.0175837   0.0174337
 123.5971617   0.0175536   0.0171996   0.0170615   0.0169864   0.0169589   0.0169773   0.0170269   0.0170896   0.0171504   0.0171994
 123.8921430   0.0159884   0.0159474   0.0160004   0.0161742   0.0163742   0.0165759   0.0167620   0.0169238   0.0170584   0.0171651
 124.1871243   0.0162590   0.0175971   0.0179759   0.0180594   0.0180256   0.0179503   0.0178671   0.0177870   0.0177100   0.0176317
 124.4821056   0.0187327   0.0190319   0.0190734   0.0189129   0.0187057   0.0184918   0.0182712   0.0180394   0.0177952   0.0175403
 124.7770869   0.0174452   0.0170899   0.0170096   0.0169897   0.0169175   0.0167780   0.0165744   0.0163190   0.0160281   0.0157173
 125.0720681   0.0140104   0.0139462   0.0137034   0.0133941   0.0130702   0.0127573   0.0124719   0.0122190   0.0119963   0.0117987
 125.3670494   0.0054283   0.0053978   0.0054682   0.0056195   0.0058105   0.0060110   0.0062057   0.0063895   0.0065614   0.0067216
 125.6620307   0.0000171   0.0000758   0.0002468   0.0005051   0.0008244   0.0011778   0.0015456   0.0019135   0.0022723   0.0026171
 125.9570120   0.0000000   0.0000000   0.0000001   0.0000032   0.0000203   0.0000671   0.0001544   0.0002861   0.0004607   0.0006743
 126.2519933   0.0000000   0.0000000   0.0000000   0.0000011   0.0000069   0.0000236   0.0000600   0.0001263   0.0002308   0.0003780
 126.5469746   0.0000034   0.0000282   0.0000842   0.0001671   0.0002878   0.0004503   0.0006479   0.0008696   0.0011065   0.0013531
 126.8419559   0.0016928   0.0017839   0.0020541   0.0023792   0.0026976   0.0029928   0.0032688   0.0035287   0.0037729   0.0040004
 127.1369372   0.0105214   0.0091519   0.0087441   0.0084770   0.0083253   0.0082322   0.0081651   0.0081118   0.0080666   0.0080251
 127.4319185   0.0135476   0.0139742   0.0136711   0.0133780   0.0131227   0.0128765   0.0126183   0.0123452   0.0120638   0.0117830
 127.7268998   0.0140020   0.0145977   0.0150047   0.0151453   0.0150619   0.0148561   0.0145977   0.0143191   0.0140331   0.0137453
 128.0218811   0.0144725   0.0142023   0.0142148   0.0141977   0.0141501   0.0141027   0.0140562   0.0139990   0.0139214   0.0138187
 128.3168624   0.0120353   0.0126085   0.0125606   0.0126107   0.0127361   0.0128664   0.0129638   0.0130208   0.0130424   0.0130348
 128.6118437   0.0133829   0.0133870   0.0131607   0.0128881   0.0126371   0.0124287   0.0122701   0.0121575   0.0120802   0.0120264
 128.9068250   0.0090895   0.0097175   0.0100534   0.0103143   0.0104990   0.0106190   0.0106917   0.0107321   0.0107525   0.0107620
 129.2018062   0.0102079   0.0096158   0.0094466   0.0093827   0.0093553   0.0093636   0.0093969   0.0094403   0.0094836   0.0095219
 129.4967875   0.0083778   0.0084013   0.0084607   0.0085093   0.0085273   0.0085206   0.0085044   0.0084909   0.0084858   0.0084900
 129.7917688   0.0078454   0.0077172   0.0076159   0.0075435   0.0075112   0.0075033   0.0075076   0.0075169   0.0075280   0.0075404
 130.0867501   0.0067127   0.0064924   0.0064475   0.0064695   0.0065172   0.0065644   0.0066028   0.0066338   0.0066604   0.0066850
 130.3817314   0.0056980   0.0061138   0.0061210   0.0060553   0.0060030   0.0059711   0.0059569   0.0059572   0.0059685   0.0059883
 130.6767127   0.0051530   0.0049928   0.0050849   0.0051889   0.0052567   0.0053068   0.0053497   0.0053892   0.0054275   0.0054658
 130.9716940   0.0045174   0.0047308   0.0048908   0.0049696   0.0050152   0.0050519   0.0050886   0.0051259   0.0051627   0.0051979
 131.2666753   0.0053433   0.0053293   0.0052509   0.0052075   0.0051840   0.0051706   0.0051613   0.0051546   0.0051508   0.0051507
 131.5616566   0.0053761   0.0054304   0.0053298   0.0052758   0.0052384   0.0052074   0.0051807   0.0051586   0.0051420   0.0051320
 131.8566379   0.0042856   0.0047654   0.0048837   0.0049359   0.0049699   0.0049945   0.0050161   0.0050394   0.0050671   0.0051008
 132.1516192   0.0049005   0.0049164   0.0049062   0.0049142   0.0049443   0.0049966   0.0050668   0.0051502   0.0052417   0.0053357
 132.4466005   0.0052585   0.0053418   0.0054469   0.0055443   0.0056527   0.0057726   0.0058932   0.0060041   0.0060980   0.0061712
 132.7415818   0.0068532   0.0074094   0.0076678   0.0077540   0.0077705   0.0077403   0.0076730   0.0075773   0.0074621   0.0073347
 133.0365631   0.0101014   0.0102494   0.0099915   0.0096421   0.0092626   0.0088866   0.0085301   0.0081991   0.0078940   0.0076133
 133.3315443   0.0069079   0.0065790   0.0065241   0.0065502   0.0065701   0.0065579   0.0065086   0.0064271   0.0063212   0.0061994
 133.6265256   0.0035704   0.0033716   0.0033457   0.0033947   0.0034789   0.0035769   0.0036771   0.0037712   0.0038530   0.0039190
 133.9215069   0.0015800   0.0015594   0.0015335   0.0015289   0.0015500   0.0015942   0.0016603   0.0017459   0.0018462   0.0019555
 134.2164882   0.0000000   0.0000245   0.0001014   0.0001913   0.0002810   0.0003689   0.0004565   0.0005455   0.0006378   0.0007347
 134.5114695   0.0000000   0.0000000   0.0000000   0.0000011   0.0000078   0.0000244   0.0000517   0.0000887   0.0001339   0.0001862
 134.8064508   0.0000000   0.0000000   0.0000000   0.0000000   0.0000000   0.0000003   0.0000019   0.0000062   0.0000148   0.0000287
 135.1014321   0.0000000   0.0000000   0.0000000   0.0000000   0.0000000   0.0000000   0.0000000   0.0000002   0.0000008   0.0000025
 135.3964134   0.0000000   0.0000000   0.0000000   0.0000000   0.0000000   0.0000000   0.0000000   0.0000000   0.0000000   0.0000001
 135.6913947   0.0000000   0.0000000   0.0000000   0.0000000   0.0000000   0.0000000   0.0000000   0.0000000   0.0000000   0.0000000
 135.9863760   0.0000000   0.0000000   0.0000000   0.0000000   0.0000000   0.0000000   0.0000000   0.0000000   0.0000000   0.0000000
 136.2813573   0.0000000   0.0000000   0.0000000   0.0000000   0.0000000   0.0000000   0.0000000   0.0000000   0.0000000   0.0000000
 136.5763386   0.0000000   0.0000000   0.0000000   0.0000000   0.0000000   0.0000000   0.0000000   0.0000000   0.0000000   0.0000000
 136.8713199   0.0000000   0.0000000   0.0000000   0.0000000   0.0000000   0.0000000   0.0000000   0.0000000   0.0000000   0.0000000
 137.1663012   0.0000000   0.0000000   0.0000000   0.0000000   0.0000000   0.0000000   0.0000000   0.0000000   0.0000000   0.0000000
 137.4612824   0.0000000   0.0000000   0.0000000   0.0000000   0.0000000   0.0000000   0.0000000   0.0000000   0.0000000   0.0000000
 137.7562637   0.0000000   0.0000000   0.0000000   0.0000000   0.0000000   0.0000000   0.0000000   0.0000000   0.0000000   0.0000000
 138.0512450   0.0000000   0.0000000   0.0000000   0.0000000   0.0000000   0.0000000   0.0000000   0.0000000   0.0000000   0.0000000
 138.3462263   0.0000000   0.0000000   0.0000000   0.0000000   0.0000000   0.0000000   0.0000000   0.0000000   0.0000000   0.0000000
 138.6412076   0.0000000   0.0000000   0.0000000   0.0000000   0.0000000   0.0000000   0.0000000   0.0000000   0.0000000   0.0000000
 138.9361889   0.0000000   0.0000000   0.0000000   0.0000000   0.0000000   0.0000000   0.0000000   0.0000000   0.0000000   0.0000000
 139.2311702   0.0000000   0.0000000   0.0000000   0.0000000   0.0000000   0.0000000   0.0000000   0.0000000   0.0000000   0.0000000
 139.5261515   0.0000000   0.0000000   0.0000000   0.0000000   0.0000000   0.0000000   0.0000000   0.0000000   0.0000000   0.0000000
 139.8211328   0.0000000   0.0000000   0.0000000   0.0000000   0.0000000   0.0000000   0.0000000   0.0000000   0.0000000   0.0000000
 140.1161141   0.0000000   0.0000000   0.0000000   0.0000000   0.0000000   0.0000000   0.0000000   0.0000000   0.0000000   0.0000000
 140.4110954   0.0000000   0.0000000   0.0000000   0.0000000   0.0000000   0.0000000   0.0000000   0.0000000   0.0000000   0.0000000
 140.7060767   0.0000000   0.0000000   0.0000000   0.0000000   0.0000000   0.0000000   0.0000000   0.0000000   0.0000000   0.0000000
 141.0010580   0.0000000   0.0000000   0.0000000   0.0000000   0.0000000   0.0000000   0.0000000   0.0000000   0.0000000   0.0000000
 141.2960393   0.0000000   0.0000000   0.0000000   0.0000000   0.0000000   0.0000000   0.0000000   0.0000000   0.0000000   0.0000000
 141.5910205   0.0000000   0.0000000   0.0000000   0.0000000   0.0000000   0.0000000   0.0000000   0.0000000   0.0000000   0.0000000
 141.8860018   0.0000000   0.0000000   0.0000000   0.0000000   0.0000000   0.0000000   0.0000000   0.0000000   0.0000000   0.0000000
 142.1809831   0.0000000   0.0000000   0.0000000   0.0000000   0.0000000   0.0000000   0.0000000   0.0000000   0.0000000   0.0000000
 142.4759644   0.0000000   0.0000000   0.0000000   0.0000000   0.0000000   0.0000000   0.0000000   0.0000000   0.0000000   0.0000000
 142.7709457   0.0000000   0.0000000   0.0000000   0.0000000   0.0000000   0.0000000   0.0000000   0.0000000   0.0000000   0.0000000
 143.0659270   0.0000000   0.0000000   0.0000000   0.0000000   0.0000000   0.0000000   0.0000000   0.0000000   0.0000000   0.0000000
 143.3609083   0.0000000   0.0000000   0.0000000   0.0000000   0.0000000   0.0000000   0.0000000   0.0000000   0.0000000   0.0000000
 143.6558896   0.0000000   0.0000000   0.0000000   0.0000000   0.0000000   0.0000000   0.0000000   0.0000000   0.0000000   0.0000000
 143.9508709   0.0000000   0.0000000   0.0000000   0.0000000   0.0000000   0.0000000   0.0000000   0.0000000   0.0000000   0.0000000
 144.2458522   0.0000000   0.0000000   0.0000000   0.0000000   0.0000000   0.0000000   0.0000000   0.0000000   0.0000000   0.0000000
 144.5408335   0.0000000   0.0000000   0.0000000   0.0000000   0.0000000   0.0000000   0.0000000   0.0000000   0.0000000   0.0000000
 144.8358148   0.0000000   0.0000000   0.0000000   0.0000000   0.0000000   0.0000000   0.0000000   0.0000000   0.0000000   0.0000000
 145.1307961   0.0000000   0.0000000   0.0000000   0.0000000   0.0000000   0.0000000   0.0000000   0.0000000   0.0000000   0.0000000
 145.4257774   0.0000000   0.0000000   0.0000000   0.0000000   0.0000000   0.0000000   0.0000000   0.0000000   0.0000000   0.0000000
 145.7207586   0.0000000   0.0000000   0.0000000   0.0000000   0.0000000   0.0000000   0.0000000   0.0000000   0.0000000   0.0000000
 146.0157399   0.0000000   0.0000000   0.0000000   0.0000000   0.0000000   0.0000000   0.0000000   0.0000000   0.0000000   0.0000000
 146.3107212   0.0000000   0.0000000   0.0000000   0.0000000   0.0000000   0.0000000   0.0000000   0.0000000   0.0000000   0.0000000
 146.6057025   0.0000000   0.0000000   0.0000000   0.0000000   0.0000000   0.0000000   0.0000000   0.0000000   0.0000000   0.0000000
 146.9006838   0.0000000   0.0000000   0.0000000   0.0000000   0.0000000   0.0000000   0.0000000   0.0000000   0.0000000   0.0000000
 147.1956651   0.0000000   0.0000000   0.0000000   0.0000000   0.0000000   0.0000000   0.0000000   0.0000000   0.0000000   0.0000000
 147.4906464   0.0000000   0.0000000   0.0000000   0.0000000   0.0000000   0.0000000   0.0000000   0.0000000   0.0000000   0.0000000