   0.2949813   0.0000000   0.0000000   0.0000055   0.0000647   0.0002218   0.0004581   0.0007352   0.0010263   0.0013177   0.0016030
   0.5899626   0.0008772   0.0020411   0.0027233   0.0031913   0.0035253   0.0037981   0.0040433   0.0042723   0.0044894   0.0046977
   0.8849439   0.0093087   0.0098440   0.0099343   0.0098652   0.0096986   0.0095135   0.0093537   0.0092345   0.0091572   0.0091183
   1.1799252   0.0143909   0.0144603   0.0142140   0.0139790   0.0138545   0.0137844   0.0137199   0.0136497   0.0135815   0.0135260
   1.4749065   0.0164179   0.0170418   0.0172095   0.0172866   0.0173325   0.0173802   0.0174447   0.0175268   0.0176180   0.0177086
   1.7698878   0.0199377   0.0203568   0.0207917   0.0211497   0.0214458   0.0217115   0.0219463   0.0221449   0.0223073   0.0224379
   2.0648690   0.0274732   0.0283526   0.0285838   0.0285409   0.0284032   0.0282509   0.0281146   0.0280005   0.0279088   0.0278380
   2.3598503   0.0347508   0.0341835   0.0339099   0.0338368   0.0336985   0.0335147   0.0333282   0.0331606   0.0330197   0.0329079
   2.6548316   0.0366148   0.0369201   0.0366892   0.0366451   0.0367813   0.0369553   0.0371115   0.0372420   0.0373516   0.0374479
   2.9498129   0.0453353   0.0432713   0.0423639   0.0418937   0.0417846   0.0418485   0.0419880   0.0421666   0.0423659   0.0425737
   3.2447942   0.0466133   0.0478460   0.0479169   0.0480219   0.0481946   0.0483710   0.0485423   0.0487137   0.0488890   0.0490687
   3.5397755   0.0573193   0.0563861   0.0563418   0.0564853   0.0565645   0.0566004   0.0566308   0.0566692   0.0567155   0.0567674
   3.8347568   0.0658418   0.0657779   0.0655222   0.0653358   0.0652302   0.0651583   0.0650879   0.0650076   0.0649221   0.0648403
   4.1297381   0.0754091   0.0737606   0.0733944   0.0733050   0.0731574   0.0729719   0.0727996   0.0726565   0.0725411   0.0724479
   4.4247194   0.0814273   0.0786665   0.0784166   0.0786913   0.0789658   0.0791721   0.0793209   0.0794279   0.0795082   0.0795750
   4.7197007   0.0879220   0.0877791   0.0872141   0.0868643   0.0866868   0.0866452   0.0866949   0.0868014   0.0869449   0.0871139
   5.0146820   0.0907042   0.0926925   0.0938267   0.0943641   0.0946921   0.0949331   0.0951497   0.0953779   0.0956271   0.0958917
   5.3096633   0.1036982   0.1044699   0.1048926   0.1049720   0.1051202   0.1053874   0.1056940   0.1059835   0.1062366   0.1064531
   5.6046446   0.1177575   0.1176165   0.1187231   0.1191407   0.1191136   0.1189386   0.1187366   0.1185455   0.1183733   0.1182208
   5.8996259   0.1208622   0.1286939   0.1305323   0.1308431   0.1307375   0.1304651   0.1301215   0.1297654   0.1294274   0.1291186
   6.1946071   0.1403598   0.1410025   0.1399141   0.1390202   0.1385396   0.1383736   0.1383402   0.1383243   0.1382804   0.1382017
   6.4895884   0.1412703   0.1422400   0.1437798   0.1450847   0.1458480   0.1462209   0.1463894   0.1464726   0.1465280   0.1465769
   6.7845697   0.1588070   0.1576245   0.1569121   0.1561302   0.1555250   0.1551693   0.1550285   0.1550332   0.1551249   0.1552654
   7.0795510   0.1640362   0.1612581   0.1614053   0.1620593   0.1628293   0.1635111   0.1640451   0.1644548   0.1647828   0.1650621
   7.3745323   0.1815132   0.1792780   0.1781051   0.1773939   0.1768939   0.1765690   0.1764098   0.1763751   0.1764135   0.1764823
   7.6695136   0.1880444   0.1875772   0.1876050   0.1880755   0.1884765   0.1886962   0.1887614   0.1887090   0.1885685   0.1883616
   7.9644949   0.2029954   0.2037690   0.2026190   0.2019057   0.2013784   0.2008815   0.2003543   0.1997806   0.1991646   0.1985188
   8.2594762   0.2058368   0.2106886   0.2104220   0.2094422   0.2084963   0.2075826   0.2067000   0.2058601   0.2050649   0.2043091
   8.5544575   0.2038268   0.2044789   0.2047014   0.2050238   0.2053556   0.2055863   0.2056834   0.2056612   0.2055437   0.2053533
   8.8494388   0.2067077   0.2051683   0.2043539   0.2040120   0.2039169   0.2039896   0.2041610   0.2043698   0.2045763   0.2047593
   9.1444201   0.2030001   0.2025253   0.2031446   0.2038168   0.2042037   0.2044078   0.2045546   0.2047113   0.2049063   0.2051461
   9.4394014   0.2097846   0.2064097   0.2062036   0.2061532   0.2061403   0.2062278   0.2064161   0.2066841   0.2070146   0.2073952
   9.7343827   0.2065433   0.2080143   0.2089697   0.2093828   0.2098323   0.2103383   0.2108665   0.2113984   0.2119220   0.2124280
  10.0293640   0.2200870   0.2191401   0.2191136   0.2192561   0.2195200   0.2198027   0.2200574   0.2202778   0.2204679   0.2206334
  10.3243452   0.2359165   0.2351835   0.2339117   0.2329984   0.2322884   0.2316715   0.2311199   0.2306259   0.2301855   0.2297960
  10.6193265   0.2403172   0.2393163   0.2386975   0.2385978   0.2384970   0.2382673   0.2379319   0.2375432   0.2371393   0.2367407
  10.9143078   0.2435689   0.2425968   0.2419601   0.2414290   0.2411873   0.2411399   0.2411780   0.2412196   0.2412202   0.2411667
  11.2092891   0.2454102   0.2418443   0.2426826   0.2436180   0.2442331   0.2445757   0.2447416   0.2448171   0.2448589   0.2448928
  11.5042704   0.2537405   0.2522021   0.2514890   0.2505304   0.2496714   0.2490948   0.2488013   0.2487099   0.2487388   0.2488313
  11.7992517   0.2458847   0.2457774   0.2473605   0.2491850   0.2506836   0.2517750   0.2525173   0.2530099   0.2533450   0.2535894
  12.0942330   0.2659809   0.2662067   0.2645920   0.2628162   0.2614611   0.2605647   0.2600323   0.2597529   0.2596319   0.2596055
  12.3892143   0.2615802   0.2617659   0.2630811   0.2640834   0.2648580   0.2653796   0.2656521   0.2657647   0.2658157   0.2658716
  12.6841956   0.2677446   0.2717577   0.2730983   0.2728644   0.2722974   0.2719664   0.2719349   0.2721143   0.2724142   0.2727721
  12.9791769   0.2600336   0.2678312   0.2732174   0.2764331   0.2782412   0.2794127   0.2803016   0.2810335   0.2816520   0.2821745
  13.2741582   0.2907233   0.2943514   0.2951614   0.2951729   0.2950281   0.2949224   0.2948294   0.2947139   0.2945715   0.2944131
  13.5691395   0.3167554   0.3164608   0.3146122   0.3125688   0.3108649   0.3094530   0.3082448   0.3072113   0.3063312   0.3055767
  13.8641208   0.3042893   0.3086580   0.3103684   0.3113600   0.3121282   0.3126555   0.3129124   0.3129289   0.3127621   0.3124726
  14.1591021   0.3158255   0.3168421   0.3176408   0.3177631   0.3175278   0.3172728   0.3171070   0.3170234   0.3169826   0.3169502
  14.4540833   0.3174988   0.3188859   0.3199413   0.3203660   0.3205568   0.3206655   0.3207521   0.3208495   0.3209751   0.3211346
  14.7490646   0.3225641   0.3246764   0.3244533   0.3243438   0.3245475   0.3249107   0.3253192   0.3257329   0.3261542   0.3265994
  15.0440459   0.3396368   0.3340702   0.3333152   0.3332152   0.3332118   0.3333155   0.3335744   0.3339984   0.3345730   0.3352734
  15.3390272   0.3409337   0.3411355   0.3418533   0.3429755   0.3440407   0.3450476   0.3460611   0.3471053   0.3481755   0.3492566
  15.6340085   0.3672055   0.3661083   0.3655284   0.3656975   0.3662638   0.3670695   0.3679498   0.3688054   0.3695994   0.3703212
  15.9289898   0.3892846   0.3973700   0.3990512   0.3990610   0.3986218   0.3979866   0.3973360   0.3967374   0.3961689   0.3955766
  16.2239711   0.4284431   0.4271588   0.4247617   0.4237899   0.4232324   0.4225527   0.4215487   0.4201668   0.4184351   0.4164213
  16.5189524   0.4629178   0.4492617   0.4436813   0.4407401   0.4381846   0.4354195   0.4323898   0.4291771   0.4258739   0.4225536
  16.8139337   0.4266792   0.4279714   0.4252357   0.4223695   0.4195843   0.4168269   0.4141751   0.4116701   0.4093093   0.4070763
  17.1089150   0.3647720   0.3635539   0.3651764   0.3676024   0.3700260   0.3722085   0.3740476   0.3755389   0.3767353   0.3776986
  17.4038963   0.3383091   0.3400225   0.3415441   0.3422952   0.3431535   0.3444649   0.3462850   0.3484904   0.3508966   0.3533331
  17.6988776   0.3285223   0.3289371   0.3306016   0.3326886   0.3349319   0.3370930   0.3390939   0.3409446   0.3426838   0.3443510
  17.9938589   0.3594685   0.3577232   0.3542162   0.3518364   0.3503032   0.3490829   0.3480155   0.3471218   0.3464483   0.3460228
  18.2888402   0.3673745   0.3634326   0.3583886   0.3551753   0.3528444   0.3509876   0.3494925   0.3483062   0.3473850   0.3466907
  18.5838214   0.3306577   0.3275161   0.3299377   0.3336701   0.3368679   0.3393399   0.3412008   0.3425626   0.3435258   0.3441858
  18.8788027   0.3425314   0.3468989   0.3466589   0.3455046   0.3445166   0.3439480   0.3437703   0.3438727   0.3441400   0.3444715
  19.1737840   0.3479734   0.3481440   0.3489897   0.3490178   0.3486748   0.3482857   0.3479167   0.3475603   0.3472085   0.3468592
  19.4687653   0.3327717   0.3410469   0.3449045   0.3472463   0.3485402   0.3490071   0.3489068   0.3484424   0.3477566   0.3469533
  19.7637466   0.3741725   0.3639064   0.3569798   0.3523756   0.3491004   0.3467096   0.3449124   0.3435147   0.3423894   0.3414562
  20.0587279   0.3223405   0.3239621   0.3240577   0.3254974   0.3271812   0.3285037   0.3294079   0.3300155   0.3304619   0.3308506
  20.3537092   0.3239703   0.3187242   0.3173152   0.3170437   0.3171902   0.3177224   0.3186370   0.3198567   0.3212914   0.3228727
  20.6486905   0.3087799   0.3115398   0.3131701   0.3145498   0.3160585   0.3176900   0.3194912   0.3214944   0.3236859   0.3260201
  20.9436718   0.3318478   0.3323435   0.3321726   0.3329061   0.3345281   0.3365880   0.3387755   0.3409574   0.3430867   0.3451451
  21.2386531   0.3834463   0.3796814   0.3791082   0.3785128   0.3779861   0.3776192   0.3774225   0.3773354   0.3772892   0.3772435
  21.5336344   0.4195200   0.4171356   0.4180921   0.4188299   0.4185507   0.4173419   0.4155238   0.4133882   0.4111554   0.4089782
  21.8286157   0.4646133   0.4561544   0.4493562   0.4442136   0.4401304   0.4367812   0.4339511   0.4315048   0.4293552   0.4274331
  22.1235970   0.4213395   0.4205091   0.4225560   0.4251373   0.4275941   0.4297392   0.4315269   0.4329203   0.4338903   0.4344349
  22.4185783   0.4244071   0.4288946   0.4321865   0.4348459   0.4371738   0.4390269   0.4404052   0.4413594   0.4419385   0.4421899
  22.7135595   0.4957362   0.4840729   0.4763601   0.4698193   0.4644804   0.4601767   0.4566718   0.4538069   0.4514817   0.4496118
  23.0085408   0.4420168   0.4410217   0.4444827   0.4473484   0.4488033   0.4492263   0.4490443   0.4485585   0.4479614   0.4473682
  23.3035221   0.4230914   0.4259741   0.4289572   0.4309866   0.4326776   0.4345110   0.4364797   0.4384107   0.4401671   0.4416902
  23.5985034   0.4277512   0.4340718   0.4368934   0.4380257   0.4389071   0.4398453   0.4408589   0.4419559   0.4431386   0.4443845
  23.8934847   0.4589359   0.4580214   0.4579809   0.4571909   0.4563568   0.4556874   0.4552609   0.4551007   0.4551784   0.4554389
  24.1884660   0.4669822   0.4679135   0.4668340   0.4669734   0.4676686   0.4684113   0.4689671   0.4692585   0.4692819   0.4690630
  24.4834473   0.4927336   0.4906843   0.4882929   0.4873280   0.4865690   0.4856480   0.4845118   0.4831517   0.4815649   0.4797668
  24.7784286   0.5039029   0.5010716   0.4986591   0.4961930   0.4935079   0.4905228   0.4873071   0.4839777   0.4806456   0.4773971
  25.0734099   0.4680961   0.4688118   0.4683894   0.4665800   0.4644639   0.4623187   0.4602154   0.4582093   0.4563425   0.4546332
  25.3683912   0.3990902   0.4023686   0.4061349   0.4088382   0.4110653   0.4132878   0.4155549   0.4177738   0.4198484   0.4217116
  25.6633725   0.3622713   0.3693096   0.3752129   0.3797741   0.3835616   0.3870762   0.3904458   0.3936402   0.3966044   0.3992994
  25.9583538   0.4007745   0.3981418   0.3977886   0.3965269   0.3951614   0.3940709   0.3932839   0.3927838   0.3925644   0.3926141
  26.2533351   0.3981400   0.3998034   0.3997879   0.3983678   0.3964853   0.3944398   0.3924414   0.3906499   0.3891503   0.3879730
  26.5483164   0.3788158   0.3735104   0.3726567   0.3731485   0.3741871   0.3753282   0.3763139   0.3770526   0.3775499   0.3778613
  26.8432976   0.3621368   0.3630467   0.3633812   0.3637022   0.3643193   0.3651337   0.3660529   0.3670238   0.3680132   0.3689998
  27.1382789   0.3616954   0.3634739   0.3646476   0.3648422   0.3646648   0.3644954   0.3645527   0.3649209   0.3656000   0.3665531
  27.4332602   0.3578415   0.3609415   0.3617366   0.3628428   0.3642001   0.3656932   0.3672260   0.3687685   0.3703424   0.3719810
  27.7282415   0.3798425   0.3796878   0.3799257   0.3804469   0.3812472   0.3823241   0.3836749   0.3852562   0.3869903   0.3887970
  28.0232228   0.4137469   0.4107557   0.4106807   0.4114593   0.4125202   0.4136752   0.4147999   0.4158322   0.4167590   0.4175901
  28.3182041   0.4597417   0.4587655   0.4582456   0.4578290   0.4570505   0.4560063   0.4548389   0.4536332   0.4524379   0.4512830
  28.6131854   0.4943543   0.4939262   0.4923599   0.4905546   0.4884848   0.4862909   0.4840830   0.4819147   0.4798138   0.4777944
  28.9081667   0.4943322   0.4941427   0.4941497   0.4944499   0.4945779   0.4944851   0.4941404   0.4935305   0.4926808   0.4916354
  29.2031480   0.4916510   0.4958582   0.4970553   0.4977071   0.4979929   0.4980546   0.4980326   0.4979615   0.4978037   0.4975069
  29.4981293   0.5074076   0.5050778   0.5027705   0.5016113   0.5012620   0.5012115   0.5011513   0.5009682   0.5006434   0.5001840
  29.7931106   0.5110291   0.5080803   0.5067395   0.5055300   0.5044573   0.5033639   0.5022469   0.5011396   0.5000350   0.4989010
  30.0880919   0.4925913   0.4953178   0.4957183   0.4953150   0.4948565   0.4942935   0.4935191   0.4924844   0.4912047   0.4897327
  30.3830732   0.4759982   0.4782922   0.4785226   0.4784189   0.4776410   0.4763638   0.4748299   0.4731954   0.4715493   0.4699403
  30.6780545   0.4574221   0.4507328   0.4469518   0.4449549   0.4434768   0.4422990   0.4414029   0.4407603   0.4403093   0.4399774
  30.9730357   0.3937224   0.3938816   0.3941017   0.3954942   0.3978325   0.4004496   0.4029060   0.4050242   0.4067859   0.4082425
  31.2680170   0.3680653   0.3775098   0.3803954   0.3814225   0.3818216   0.3820096   0.3822766   0.3827623   0.3834848   0.3844103
  31.5629983   0.3748207   0.3730110   0.3708444   0.3690930   0.3678159   0.3670181   0.3666511   0.3666752   0.3670692   0.3678110
  31.8579796   0.3412681   0.3425617   0.3434621   0.3455000   0.3478292   0.3501168   0.3522893   0.3543572   0.3563558   0.3583258
  32.1529609   0.3523930   0.3515255   0.3514616   0.3521759   0.3531844   0.3545016   0.3561001   0.3579040   0.3598461   0.3618844
  32.4479422   0.3685950   0.3728088   0.3746984   0.3753659   0.3757143   0.3760290   0.3764837   0.3771800   0.3781549   0.3793767
  32.7429235   0.4093555   0.4030782   0.4020109   0.4020551   0.4023915   0.4029836   0.4038132   0.4047330   0.4055444   0.4061006
  33.0379048   0.4357036   0.4357841   0.4347418   0.4357628   0.4377088   0.4391447   0.4394157   0.4385125   0.4366873   0.4342298
  33.3328861   0.5117637   0.5102510   0.5025642   0.4924631   0.4821113   0.4724965   0.4638817   0.4562415   0.4494632   0.4434197
  33.6278674   0.3898678   0.4025169   0.4142126   0.4209037   0.4235486   0.4238142   0.4228364   0.4212239   0.4192925   0.4172104
  33.9228487   0.3511277   0.3497972   0.3509420   0.3533600   0.3569890   0.3614590   0.3660798   0.3703271   0.3739427   0.3768605
  34.2178300   0.3512633   0.3484137   0.3463003   0.3449050   0.3445245   0.3448766   0.3457822   0.3471746   0.3489737   0.3510634
  34.5128113   0.3358324   0.3379377   0.3397438   0.3403155   0.3401307   0.3396359   0.3391941   0.3390615   0.3393890   0.3402379
  34.8077926   0.3246128   0.3266214   0.3278323   0.3285915   0.3294878   0.3307905   0.3324658   0.3343925   0.3364621   0.3385945
  35.1027738   0.3266738   0.3259457   0.3293229   0.3329987   0.3366281   0.3401670   0.3434934   0.3464676   0.3489982   0.3510696
  35.3977551   0.3854430   0.3844607   0.3848096   0.3841546   0.3831437   0.3817312   0.3799459   0.3779810   0.3760377   0.3742583
  35.6927364   0.4298933   0.4306757   0.4257576   0.4179939   0.4105069   0.4040374   0.3985892   0.3940707   0.3903916   0.3874515
  35.9877177   0.3421630   0.3462405   0.3567340   0.3652276   0.3713701   0.3759189   0.3794215   0.3821555   0.3842320   0.3857042
  36.2826990   0.3697444   0.3703274   0.3714063   0.3730527   0.3757283   0.3791713   0.3826860   0.3857483   0.3881160   0.3897401
  36.5776803   0.4252333   0.4296048   0.4300447   0.4267807   0.4219627   0.4167241   0.4116364   0.4070139   0.4029895   0.3995678
  36.8726616   0.4021779   0.4089883   0.4116851   0.4109064   0.4081994   0.4046525   0.4008723   0.3971725   0.3937425   0.3907214
  37.1676429   0.3483782   0.3466202   0.3462342   0.3481262   0.3511117   0.3544022   0.3575543   0.3604350   0.3630735   0.3655498
  37.4626242   0.3337047   0.3320061   0.3296173   0.3295535   0.3313991   0.3346998   0.3391363   0.3443875   0.3501360   0.3561090
  37.7576055   0.3406271   0.3413567   0.3457415   0.3519510   0.3580938   0.3638928   0.3694813   0.3750116   0.3805636   0.3861313
  38.0525868   0.4528421   0.4545098   0.4525275   0.4502791   0.4489387   0.4486197   0.4490931   0.4500688   0.4512491   0.4523912
  38.3475681   0.5254179   0.5372281   0.5424461   0.5430497   0.5424243   0.5410351   0.5385131   0.5348010   0.5301333   0.5248326
  38.6425494   0.5963226   0.6108956   0.6229012   0.6213061   0.6131290   0.6026762   0.5916532   0.5807067   0.5701043   0.5599704
  38.9375306   0.5310903   0.5477226   0.5597960   0.5611686   0.5578150   0.5529828   0.5477851   0.5425474   0.5373263   0.5320985
  39.2325119   0.4247946   0.4279803   0.4318159   0.4366302   0.4432402   0.4505570   0.4572573   0.4627029   0.4667704   0.4695685
  39.5274932   0.4099290   0.4121046   0.4124723   0.4116809   0.4109618   0.4108139   0.4114903   0.4130092   0.4151780   0.4177250
  39.8224745   0.3791514   0.3810280   0.3822054   0.3825125   0.3821857   0.3817484   0.3815135   0.3816730   0.3823536   0.3836127
  40.1174558   0.3367867   0.3413019   0.3442628   0.3466752   0.3491084   0.3516445   0.3541892   0.3567011   0.3592071   0.3617624
  40.4124371   0.3366841   0.3411540   0.3431280   0.3441387   0.3452930   0.3469603   0.3491597   0.3517554   0.3545705   0.3574443
  40.7074184   0.3573911   0.3576465   0.3594007   0.3619929   0.3644415   0.3665028   0.3682099   0.3696157   0.3707481   0.3716229
  41.0023997   0.4343145   0.4188364   0.4115448   0.4074421   0.4044643   0.4017683   0.3990048   0.3960696   0.3929933   0.3898646
  41.2973810   0.4286018   0.4272127   0.4227727   0.4185433   0.4138654   0.4086147   0.4031258   0.3977169   0.3925802   0.3878059
  41.5923623   0.3631172   0.3642245   0.3621518   0.3611500   0.3605538   0.3600392   0.3594922   0.3588376   0.3580368   0.3570895
  41.8873436   0.2912800   0.2915022   0.2936034   0.2972257   0.3014206   0.3056603   0.3096668   0.3132990   0.3165013   0.3192639
  42.1823249   0.2919669   0.2897563   0.2896409   0.2896079   0.2896571   0.2901124   0.2911067   0.2926066   0.2944918   0.2966191
  42.4773062   0.2783240   0.2835323   0.2857655   0.2863847   0.2866961   0.2869588   0.2872355   0.2875888   0.2880873   0.2887814
  42.7722875   0.2855900   0.2856257   0.2861998   0.2865261   0.2866690   0.2867444   0.2867866   0.2868247   0.2868948   0.2870371
  43.0672687   0.2877256   0.2888827   0.2882700   0.2876945   0.2871990   0.2868569   0.2866934   0.2866857   0.2868002   0.2870113
  43.3622500   0.2822209   0.2819052   0.2826971   0.2839060   0.2850828   0.2860894   0.2869288   0.2876557   0.2883227   0.2889642
  43.6572313   0.2951601   0.2953493   0.2947020   0.2936861   0.2931557   0.2931084   0.2933922   0.2938720   0.2944567   0.2950962
  43.9522126   0.3025441   0.2996186   0.3009006   0.3023666   0.3034370   0.3041232   0.3045633   0.3049075   0.3052600   0.3056701
  44.2471939   0.3171708   0.3227209   0.3218183   0.3203965   0.3193459   0.3187985   0.3186675   0.3188085   0.3190894   0.3194136
  44.5421752   0.3252781   0.3255173   0.3281090   0.3304295   0.3322999   0.3337081   0.3346426   0.3351468   0.3352971   0.3351724
  44.8371565   0.3587558   0.3613540   0.3613236   0.3599650   0.3580188   0.3559661   0.3539877   0.3521142   0.3503359   0.3486415
  45.1321378   0.3681498   0.3640354   0.3632225   0.3621280   0.3606193   0.3588226   0.3569173   0.3550268   0.3532137   0.3515023
  45.4271191   0.3483730   0.3436787   0.3410351   0.3407720   0.3414853   0.3423824   0.3431207   0.3436004   0.3438292   0.3438515
  45.7221004   0.3357903   0.3347580   0.3330996   0.3321785   0.3320453   0.3323132   0.3328542   0.3335849   0.3344041   0.3352164
  46.0170817   0.3311044   0.3269860   0.3259102   0.3266723   0.3277524   0.3287276   0.3295425   0.3302296   0.3308370   0.3314027
  46.3120630   0.3432710   0.3377319   0.3355033   0.3343560   0.3334347   0.3326512   0.3320462   0.3316110   0.3313203   0.3311519
  46.6070443   0.3379324   0.3316305   0.3310058   0.3312352   0.3313726   0.3312983   0.3311149   0.3309051   0.3307057   0.3305296
  46.9020256   0.3340234   0.3295710   0.3277693   0.3271774   0.3273689   0.3278407   0.3282974   0.3286326   0.3288417   0.3289572
  47.1970068   0.3282058   0.3305440   0.3305774   0.3299244   0.3291964   0.3285541   0.3280879   0.3278204   0.3277204   0.3277350
  47.4919881   0.3181178   0.3205296   0.3222635   0.3237211   0.3247261   0.3254654   0.3260380   0.3264803   0.3268163   0.3270672
  47.7869694   0.3266306   0.3266960   0.3270621   0.3273032   0.3273957   0.3274955   0.3275959   0.3276529   0.3276431   0.3275654
  48.0819507   0.3274183   0.3314160   0.3324711   0.3321479   0.3313676   0.3304421   0.3295048   0.3286274   0.3278395   0.3271459
  48.3769320   0.3212591   0.3248695   0.3251150   0.3247392   0.3244027   0.3241133   0.3238041   0.3234656   0.3231186   0.3227879
  48.6719133   0.3109617   0.3126049   0.3135234   0.3138073   0.3141105   0.3145247   0.3150133   0.3155257   0.3160257   0.3164918
  48.9668946   0.3097130   0.3059548   0.3067478   0.3081614   0.3092261   0.3100593   0.3108137   0.3115491   0.3122659   0.3129440
  49.2618759   0.3134186   0.3150839   0.3139907   0.3132169   0.3129884   0.3130238   0.3131432   0.3132658   0.3133677   0.3134559
  49.5568572   0.3230215   0.3215041   0.3200545   0.3189056   0.3180921   0.3173261   0.3165263   0.3157545   0.3150909   0.3145852
  49.8518385   0.3236629   0.3168643   0.3158085   0.3150004   0.3141376   0.3135008   0.3131856   0.3131524   0.3133207   0.3136209
  50.1468198   0.2833003   0.2919937   0.2976933   0.3017848   0.3051218   0.3079202   0.3102583   0.3122062   0.3138440   0.3152473
  50.4418011   0.3294220   0.3285995   0.3275103   0.3259884   0.3246811   0.3239282   0.3236927   0.3238493   0.3242785   0.3248881
  50.7367824   0.3323651   0.3358248   0.3382471   0.3392346   0.3395731   0.3396022   0.3394821   0.3393433   0.3392891   0.3393822
  51.0317637   0.3488462   0.3503416   0.3521539   0.3530027   0.3533553   0.3536825   0.3540959   0.3545818   0.3551221   0.3557243
  51.3267449   0.3654417   0.3670549   0.3693654   0.3705684   0.3714508   0.3723032   0.3732120   0.3742214   0.3753615   0.3766504
  51.6217262   0.4029405   0.3992585   0.3988964   0.3990158   0.3995011   0.4003928   0.4016380   0.4032024   0.4050596   0.4071593
  51.9167075   0.4346120   0.4351194   0.4368193   0.4384632   0.4403034   0.4424301   0.4448686   0.4475165   0.4501748   0.4526073
  52.2116888   0.5103669   0.5023742   0.5022573   0.5047758   0.5076362   0.5102328   0.5121560   0.5130238   0.5126413   0.5110314
  52.5066701   0.6123021   0.6152319   0.6108810   0.6067559   0.6013154   0.5935756   0.5839628   0.5732930   0.5622503   0.5512830
  52.8016514   0.6975947   0.6642529   0.6359253   0.6117606   0.5913142   0.5737863   0.5584856   0.5449160   0.5327252   0.5216597
  53.0966327   0.3389452   0.3501867   0.3673760   0.3843673   0.3984320   0.4089663   0.4163996   0.4213447   0.4243449   0.4258402
  53.3916140   0.3001240   0.3010119   0.3006331   0.3007049   0.3025004   0.3064561   0.3121067   0.3186339   0.3253090   0.3316303
  53.6865953   0.2626265   0.2641857   0.2642939   0.2649998   0.2657651   0.2665722   0.2676513   0.2692701   0.2715656   0.2745004
  53.9815766   0.2397959   0.2392419   0.2389855   0.2390692   0.2391877   0.2392738   0.2393426   0.2394443   0.2396751   0.2401579
  54.2765579   0.2139643   0.2162326   0.2153614   0.2142894   0.2133829   0.2126435   0.2120850   0.2117131   0.2115215   0.2115073
  54.5715392   0.1790204   0.1791772   0.1788632   0.1794388   0.1803364   0.1812230   0.1820230   0.1827509   0.1834342   0.1840962
  54.8665205   0.1598214   0.1583974   0.1569537   0.1565458   0.1568106   0.1574505   0.1582777   0.1591829   0.1601084   0.1610272
  55.1615018   0.1419239   0.1402341   0.1411693   0.1419198   0.1423067   0.1425266   0.1427404   0.1430276   0.1434111   0.1438808
  55.4564830   0.1268012   0.1287942   0.1296088   0.1298593   0.1299141   0.1299450   0.1300126   0.1301064   0.1301952   0.1302525
  55.7514643   0.1209708   0.1189117   0.1180438   0.1179430   0.1180942   0.1182241   0.1181686   0.1178752   0.1173600   0.1166689
  56.0464456   0.1112461   0.1107042   0.1098337   0.1084778   0.1067930   0.1049435   0.1030401   0.1011596   0.0993565   0.0976684
  56.3414269   0.0707817   0.0747402   0.0753776   0.0748208   0.0737456   0.0724903   0.0712689   0.0701845   0.0692708   0.0685280
  56.6364082   0.0225384   0.0225801   0.0230001   0.0243025   0.0261476   0.0282110   0.0302678   0.0322059   0.0339872   0.0356112
  56.9313895   0.0000000   0.0000085   0.0002738   0.0011509   0.0025382   0.0042432   0.0061514   0.0081863   0.0102806   0.0123769
  57.2263708   0.0000000   0.0000000   0.0000000   0.0000018   0.0000306   0.0001586   0.0004620   0.0009807   0.0017192   0.0026588
  57.5213521   0.0000000   0.0000000   0.0000000   0.0000000   0.0000000   0.0000011   0.0000106   0.0000488   0.0001457   0.0003319
  57.8163334   0.0000000   0.0000000   0.0000000   0.0000000   0.0000000   0.0000000   0.0000001   0.0000009   0.0000059   0.0000230
  58.1113147   0.0000000   0.0000000   0.0000000   0.0000000   0.0000000   0.0000000   0.0000000   0.0000000   0.0000001   0.0000009
  58.4062960   0.0000000   0.0000000   0.0000000   0.0000000   0.0000000   0.0000000   0.0000000   0.0000000   0.0000000   0.0000000
  58.7012773   0.0000000   0.0000000   0.0000000   0.0000000   0.0000000   0.0000000   0.0000000   0.0000000   0.0000000   0.0000000
  58.9962586   0.0000000   0.0000000   0.0000000   0.0000000   0.0000000   0.0000000   0.0000000   0.0000000   0.0000000   0.0000000
  59.2912399   0.0000000   0.0000000   0.0000000   0.0000000   0.0000000   0.0000000   0.0000000   0.0000000   0.0000000   0.0000000
  59.5862211   0.0000000   0.0000000   0.0000000   0.0000000   0.0000000   0.0000000   0.0000000   0.0000000   0.0000000   0.0000000
  59.8812024   0.0000000   0.0000000   0.0000000   0.0000000   0.0000000   0.0000000   0.0000000   0.0000000   0.0000000   0.0000000
  60.1761837   0.0000000   0.0000000   0.0000000   0.0000000   0.0000000   0.0000000   0.0000000   0.0000000   0.0000000   0.0000000
  60.4711650   0.0000000   0.0000000   0.0000000   0.0000000   0.0000000   0.0000000   0.0000000   0.0000000   0.0000000   0.0000000
  60.7661463   0.0000000   0.0000000   0.0000000   0.0000000   0.0000000   0.0000000   0.0000000   0.0000000   0.0000000   0.0000000
  61.0611276   0.0000000   0.0000000   0.0000000   0.0000000   0.0000000   0.0000000   0.0000000   0.0000000   0.0000000   0.0000000
  61.3561089   0.0000000   0.0000000   0.0000000   0.0000000   0.0000000   0.0000000   0.0000000   0.0000000   0.0000000   0.0000000
  61.6510902   0.0000000   0.0000000   0.0000000   0.0000000   0.0000000   0.0000000   0.0000000   0.0000000   0.0000000   0.0000000
  61.9460715   0.0000000   0.0000000   0.0000000   0.0000000   0.0000000   0.0000000   0.0000000   0.0000000   0.0000000   0.0000000
  62.2410528   0.0000000   0.0000000   0.0000000   0.0000000   0.0000000   0.0000000   0.0000000   0.0000000   0.0000000   0.0000000
  62.5360341   0.0000000   0.0000000   0.0000000   0.0000000   0.0000000   0.0000000   0.0000000   0.0000000   0.0000000   0.0000000
  62.8310154   0.0000000   0.0000000   0.0000000   0.0000000   0.0000000   0.0000000   0.0000000   0.0000000   0.0000000   0.0000000
  63.1259967   0.0000000   0.0000000   0.0000000   0.0000000   0.0000000   0.0000000   0.0000000   0.0000000   0.0000000   0.0000000
  63.4209780   0.0000000   0.0000000   0.0000000   0.0000000   0.0000000   0.0000000   0.0000000   0.0000000   0.0000000   0.0000000
  63.7159592   0.0000000   0.0000000   0.0000000   0.0000000   0.0000000   0.0000000   0.0000000   0.0000000   0.0000000   0.0000000
  64.0109405   0.0000000   0.0000000   0.0000000   0.0000000   0.0000000   0.0000000   0.0000000   0.0000000   0.0000000   0.0000000
  64.3059218   0.0000000   0.0000000   0.0000000   0.0000000   0.0000000   0.0000000   0.0000000   0.0000000   0.0000000   0.0000000
  64.6009031   0.0000000   0.0000000   0.0000000   0.0000000   0.0000000   0.0000000   0.0000000   0.0000000   0.0000000   0.0000000
  64.8958844   0.0000000   0.0000000   0.0000000   0.0000000   0.0000000   0.0000000   0.0000000   0.0000000   0.0000000   0.0000000
  65.1908657   0.0000000   0.0000000   0.0000000   0.0000000   0.0000000   0.0000000   0.0000000   0.0000000   0.0000000   0.0000000
  65.4858470   0.0000000   0.0000000   0.0000000   0.0000000   0.0000000   0.0000000   0.0000000   0.0000000   0.0000000   0.0000000
  65.7808283   0.0000000   0.0000000   0.0000000   0.0000000   0.0000000   0.0000000   0.0000000   0.0000000   0.0000000   0.0000000
  66.0758096   0.0000000   0.0000000   0.0000000   0.0000000   0.0000000   0.0000000   0.0000000   0.0000000   0.0000000   0.0000000
  66.3707909   0.0000000   0.0000000   0.0000000   0.0000000   0.0000000   0.0000000   0.0000000   0.0000000   0.0000000   0.0000000
  66.6657722   0.0000000   0.0000000   0.0000000   0.0000000   0.0000000   0.0000000   0.0000000   0.0000000   0.0000000   0.0000000
  66.9607535   0.0000000   0.0000000   0.0000000   0.0000000   0.0000000   0.0000000   0.0000000   0.0000000   0.0000000   0.0000000
  67.2557348   0.0000000   0.0000000   0.0000000   0.0000000   0.0000000   0.0000000   0.0000000   0.0000000   0.0000001   0.0000005
  67.5507161   0.0000000   0.0000000   0.0000000   0.0000000   0.0000000   0.0000000   0.0000001   0.0000007   0.0000031   0.0000090
  67.8456973   0.0000000   0.0000000   0.0000000   0.0000000   0.0000001   0.0000015   0.0000078   0.0000237   0.0000522   0.0000942
  68.1406786   0.0000000   0.0000000   0.0000002   0.0000061   0.0000352   0.0000972   0.0001874   0.0002968   0.0004183   0.0005475
  68.4356599   0.0000015   0.0001601   0.0004735   0.0007605   0.0009992   0.0012035   0.0013871   0.0015587   0.0017250   0.0018935
  68.7306412   0.0045750   0.0044854   0.0043347   0.0041990   0.0041196   0.0040841   0.0040894   0.0041426   0.0042507   0.0044166
  69.0256225   0.0080224   0.0074777   0.0072303   0.0071085   0.0071008   0.0072047   0.0074052   0.0076859   0.0080322   0.0084309
  69.3206038   0.0092638   0.0094079   0.0103022   0.0111840   0.0119840   0.0127259   0.0134299   0.0141024   0.0147459   0.0153651
  69.6155851   0.0252501   0.0250587   0.0249644   0.0249702   0.0250382   0.0251717   0.0253652   0.0256119   0.0259089   0.0262554
  69.9105664   0.0404582   0.0411186   0.0407459   0.0403712   0.0400555   0.0398051   0.0396406   0.0395788   0.0396244   0.0397703
  70.2055477   0.0514863   0.0517460   0.0519383   0.0522888   0.0527379   0.0532035   0.0536596   0.0540928   0.0544943   0.0548595
  70.5005290   0.0742302   0.0709996   0.0702008   0.0703354   0.0707116   0.0711102   0.0714676   0.0717580   0.0719670   0.0720893
  70.7955103   0.0970546   0.0962360   0.0947466   0.0937757   0.0930487   0.0923617   0.0916623   0.0909504   0.0902377   0.0895348
  71.0904916   0.1119227   0.1104240   0.1092656   0.1083956   0.1074964   0.1065132   0.1054842   0.1044504   0.1034410   0.1024728
  71.3854729   0.1109086   0.1099612   0.1100455   0.1102198   0.1102703   0.1102217   0.1101099   0.1099352   0.1096910   0.1093794
  71.6804542   0.1121181   0.1107331   0.1108704   0.1114211   0.1120213   0.1125557   0.1129962   0.1133480   0.1136223   0.1138258
  71.9754354   0.1210229   0.1220574   0.1208674   0.1198687   0.1192329   0.1188965   0.1187860   0.1188259   0.1189555   0.1191335
  72.2704167   0.1230194   0.1217231   0.1223972   0.1235100   0.1244017   0.1249610   0.1252792   0.1254716   0.1256202   0.1257712
  72.5653980   0.1392035   0.1384205   0.1364676   0.1348719   0.1339021   0.1334115   0.1332389   0.1332571   0.1333822   0.1335672
  72.8603793   0.1387774   0.1374431   0.1381527   0.1393802   0.1404457   0.1412302   0.1417851   0.1421957   0.1425353   0.1428543
  73.1553606   0.1545845   0.1555918   0.1551094   0.1545852   0.1541008   0.1537801   0.1536734   0.1537522   0.1539757   0.1543169
  73.4503419   0.1670302   0.1644173   0.1643136   0.1649365   0.1655932   0.1661771   0.1667328   0.1673246   0.1679939   0.1687560
  73.7453232   0.1829060   0.1838360   0.1832389   0.1829304   0.1833320   0.1841650   0.1852216   0.1863905   0.1876116   0.1888506
  74.0403045   0.2145980   0.2110433   0.2110467   0.2117062   0.2125563   0.2134533   0.2143640   0.2152850   0.2161970   0.2170705
  74.3352858   0.2472889   0.2518165   0.2523786   0.2522499   0.2521001   0.2519474   0.2517409   0.2514452   0.2510549   0.2505870
  74.6302671   0.2897925   0.2924463   0.2919231   0.2910001   0.2896833   0.2880393   0.2862129   0.2843257   0.2824547   0.2806400
  74.9252484   0.3178725   0.3134822   0.3104507   0.3084714   0.3068152   0.3052751   0.3037875   0.3023068   0.3008025   0.2992611
  75.2202297   0.3081284   0.3052148   0.3048563   0.3057905   0.3068916   0.3077071   0.3081429   0.3082169   0.3079748   0.3074676
  75.5152110   0.3186657   0.3186887   0.3164100   0.3147876   0.3136798   0.3128462   0.3121960   0.3116735   0.3112236   0.3107951
  75.8101922   0.3163818   0.3138172   0.3129926   0.3126481   0.3123912   0.3121469   0.3118941   0.3116391   0.3113967   0.3111724
  76.1051735   0.3006717   0.3034739   0.3059438   0.3073986   0.3082692   0.3088643   0.3093268   0.3096958   0.3099700   0.3101413
  76.4001548   0.3091369   0.3090357   0.3097914   0.3098870   0.3098049   0.3097883   0.3098043   0.3097812   0.3096787   0.3094831
  76.6951361   0.3071209   0.3100640   0.3118870   0.3121095   0.3116405   0.3108546   0.3099110   0.3089010   0.3078815   0.3068847
  76.9901174   0.3020844   0.3053961   0.3051064   0.3041738   0.3030839   0.3019757   0.3008996   0.2998754   0.2989075   0.2979946
  77.2850987   0.2882529   0.2826251   0.2816139   0.2816222   0.2820133   0.2824922   0.2829088   0.2832121   0.2833924   0.2834489
  77.5800800   0.2680126   0.2652452   0.2653612   0.2657782   0.2662413   0.2667545   0.2672895   0.2677802   0.2681647   0.2684084
  77.8750613   0.2534377   0.2547100   0.2559217   0.2565453   0.2566509   0.2563751   0.2558565   0.2552199   0.2545548   0.2539121
  78.1700426   0.2459180   0.2482511   0.2465838   0.2440665   0.2418189   0.2399965   0.2385278   0.2373261   0.2363285   0.2354947
  78.4650239   0.2004242   0.2023990   0.2048706   0.2071483   0.2089271   0.2102289   0.2111465   0.2117863   0.2122361   0.2125530
  78.7600052   0.1898788   0.1886859   0.1882372   0.1879532   0.1879125   0.1882086   0.1888006   0.1895484   0.1903082   0.1909832
  79.0549865   0.1717136   0.1715192   0.1712534   0.1718630   0.1726630   0.1732048   0.1734040   0.1733525   0.1731654   0.1729224
  79.3499678   0.1761763   0.1716646   0.1674704   0.1639318   0.1610791   0.1588018   0.1569719   0.1554731   0.1542195   0.1531545
  79.6449491   0.1190981   0.1204911   0.1230816   0.1254786   0.1269842   0.1277288   0.1279904   0.1279641   0.1277609   0.1274438
  79.9399303   0.1000472   0.0986987   0.0977335   0.0972878   0.0973046   0.0976515   0.0981240   0.0985648   0.0989029   0.0991297
  80.2349116   0.0752220   0.0741882   0.0741432   0.0736536   0.0730668   0.0724797   0.0719863   0.0716718   0.0715700   0.0716687
  80.5298929   0.0404134   0.0411349   0.0417448   0.0420691   0.0424491   0.0429641   0.0436017   0.0443356   0.0451499   0.0460392
  80.8248742   0.0128381   0.0138071   0.0152679   0.0169455   0.0186373   0.0203291   0.0220018   0.0236376   0.0252279   0.0267718
  81.1198555   0.0144552   0.0139230   0.0139315   0.0139590   0.0140659   0.0143617   0.0148705   0.0155674   0.0164140   0.0173730
  81.4148368   0.0136501   0.0137159   0.0140724   0.0142752   0.0143713   0.0144092   0.0144376   0.0145021   0.0146383   0.0148685
  81.7098181   0.0152662   0.0156155   0.0153161   0.0150485   0.0148932   0.0147934   0.0147173   0.0146580   0.0146197   0.0146118
  82.0047994   0.0159438   0.0152860   0.0147622   0.0145459   0.0144841   0.0144880   0.0145139   0.0145443   0.0145731   0.0145989
  82.2997807   0.0124798   0.0134110   0.0138066   0.0141335   0.0143508   0.0144886   0.0145842   0.0146554   0.0147097   0.0147512
  82.5947620   0.0157349   0.0157182   0.0156079   0.0155281   0.0154203   0.0153150   0.0152323   0.0151734   0.0151339   0.0151087
  82.8897433   0.0152249   0.0156979   0.0155440   0.0154445   0.0154215   0.0154227   0.0154188   0.0154064   0.0153902   0.0153741
  83.1847246   0.0146494   0.0154728   0.0155252   0.0154654   0.0154368   0.0154462   0.0154742   0.0155053   0.0155313   0.0155497
  83.4797059   0.0129711   0.0147058   0.0153135   0.0156028   0.0157451   0.0157955   0.0158037   0.0158004   0.0157977   0.0157983
  83.7746872   0.0192990   0.0175920   0.0168036   0.0164041   0.0162076   0.0161239   0.0160919   0.0160790   0.0160716   0.0160658
  84.0696684   0.0161807   0.0160346   0.0159891   0.0161109   0.0162120   0.0162692   0.0162959   0.0163048   0.0163045   0.0163000
  84.3646497   0.0156814   0.0161287   0.0164611   0.0166035   0.0166144   0.0165775   0.0165407   0.0165159   0.0165005   0.0164896
  84.6596310   0.0172771   0.0166264   0.0165187   0.0164984   0.0165218   0.0165641   0.0165994   0.0166181   0.0166223   0.0166172
  84.9546123   0.0178741   0.0172188   0.0171054   0.0170153   0.0169213   0.0168395   0.0167765   0.0167308   0.0166986   0.0166758
  85.2495936   0.0152654   0.0159342   0.0162102   0.0164056   0.0165139   0.0165656   0.0165916   0.0166071   0.0166188   0.0166298
  85.5445749   0.0171283   0.0168601   0.0165689   0.0164594   0.0164518   0.0164831   0.0165256   0.0165718   0.0166184   0.0166628
  85.8395562   0.0165174   0.0174659   0.0172338   0.0169637   0.0168603   0.0168531   0.0168780   0.0169084   0.0169367   0.0169620
  86.1345375   0.0156506   0.0166986   0.0171968   0.0174477   0.0175330   0.0175336   0.0175025   0.0174660   0.0174345   0.0174113
  86.4295188   0.0179005   0.0176119   0.0178358   0.0179072   0.0178802   0.0178358   0.0178029   0.0177835   0.0177730   0.0177678
  86.7245001   0.0172525   0.0175122   0.0176575   0.0176907   0.0177734   0.0178757   0.0179639   0.0180305   0.0180788   0.0181142
  87.0194814   0.0201355   0.0193641   0.0191157   0.0189264   0.0187916   0.0187066   0.0186583   0.0186350   0.0186273   0.0186285
  87.3144627   0.0196669   0.0186242   0.0187323   0.0189929   0.0191326   0.0191883   0.0192038   0.0192015   0.0191926   0.0191829
  87.6094440   0.0180605   0.0196226   0.0198004   0.0197821   0.0197391   0.0197083   0.0196947   0.0196898   0.0196868   0.0196827
  87.9044253   0.0203522   0.0201747   0.0201046   0.0201048   0.0201329   0.0201531   0.0201580   0.0201547   0.0201499   0.0201460
  88.1994065   0.0218797   0.0213379   0.0210068   0.0207612   0.0206359   0.0205889   0.0205781   0.0205808   0.0205861   0.0205891
  88.4943878   0.0183342   0.0200110   0.0205729   0.0208136   0.0209440   0.0210148   0.0210453   0.0210499   0.0210415   0.0210295
  88.7893691   0.0217487   0.0215620   0.0217986   0.0218495   0.0217389   0.0215997   0.0214950   0.0214343   0.0214078   0.0214032
  89.0843504   0.0208513   0.0204325   0.0205880   0.0208383   0.0211024   0.0213352   0.0215209   0.0216607   0.0217621   0.0218329
  89.3793317   0.0255714   0.0241349   0.0234173   0.0230089   0.0228120   0.0227214   0.0226719   0.0226347   0.0225983   0.0225595
  89.6743130   0.0242718   0.0240547   0.0241076   0.0240413   0.0238993   0.0237096   0.0235066   0.0233163   0.0231511   0.0230149
  89.9692943   0.0216430   0.0222790   0.0224953   0.0225784   0.0226277   0.0226655   0.0226974   0.0227248   0.0227485   0.0227696
  90.2642756   0.0217925   0.0215887   0.0215479   0.0216072   0.0217403   0.0219209   0.0221204   0.0223165   0.0224959   0.0226533
  90.5592569   0.0231694   0.0228062   0.0228242   0.0229891   0.0231270   0.0232112   0.0232644   0.0233095   0.0233581   0.0234129
  90.8542382   0.0268099   0.0266189   0.0260144   0.0255068   0.0251725   0.0249546   0.0248062   0.0247002   0.0246230   0.0245680
  91.1492195   0.0257177   0.0247483   0.0248456   0.0251148   0.0253205   0.0254415   0.0255005   0.0255191   0.0255123   0.0254903
  91.4442008   0.0279398   0.0266962   0.0264475   0.0263968   0.0263462   0.0262982   0.0262664   0.0262457   0.0262278   0.0262078
  91.7391821   0.0267074   0.0272033   0.0270297   0.0269586   0.0269345   0.0269067   0.0268703   0.0268313   0.0267958   0.0267670
  92.0341634   0.0285211   0.0278400   0.0273601   0.0271886   0.0271324   0.0271197   0.0271262   0.0271420   0.0271623   0.0271852
  92.3291446   0.0280431   0.0271159   0.0271637   0.0272547   0.0273587   0.0274556   0.0275419   0.0276208   0.0276963   0.0277711
  92.6241259   0.0289922   0.0285185   0.0286019   0.0286214   0.0286109   0.0286151   0.0286448   0.0286984   0.0287699   0.0288528
  92.9191072   0.0275884   0.0293237   0.0297907   0.0299623   0.0300816   0.0301886   0.0302870   0.0303753   0.0304533   0.0305222
  93.2140885   0.0323459   0.0325756   0.0326481   0.0327112   0.0327203   0.0327098   0.0326873   0.0326577   0.0326256   0.0325936
  93.5090698   0.0330496   0.0349775   0.0354462   0.0353491   0.0351437   0.0349611   0.0348100   0.0346806   0.0345671   0.0344669
  93.8040511   0.0317206   0.0338538   0.0350012   0.0355205   0.0357342   0.0358125   0.0358308   0.0358211   0.0357979   0.0357689
  94.0990324   0.0367002   0.0368881   0.0367640   0.0367008   0.0366683   0.0366737   0.0367076   0.0367572   0.0368138   0.0368726
  94.3940137   0.0389320   0.0385342   0.0380449   0.0378958   0.0379054   0.0379721   0.0380588   0.0381546   0.0382563   0.0383627
  94.6889950   0.0406590   0.0401145   0.0399486   0.0399971   0.0400945   0.0401933   0.0402839   0.0403736   0.0404719   0.0405857
  94.9839763   0.0412722   0.0429866   0.0434699   0.0434396   0.0433442   0.0432953   0.0433152   0.0433962   0.0435246   0.0436937
  95.2789576   0.0431436   0.0447291   0.0454583   0.0460314   0.0465095   0.0468985   0.0472229   0.0475194   0.0478353   0.0482367
  95.5739389   0.0574424   0.0555168   0.0544219   0.0538270   0.0535653   0.0535399   0.0537292   0.0542121   0.0551246   0.0565744
  95.8689202   0.0610973   0.0602571   0.0604731   0.0609764   0.0617177   0.0630668   0.0654514   0.0689759   0.0734302   0.0784677
  96.1639015   0.0731288   0.0748153   0.0768599   0.0825526   0.0914247   0.1016329   0.1116979   0.1208274   0.1287029   0.1352766
  96.4588827   0.2220331   0.2349054   0.2394879   0.2404473   0.2399754   0.2385213   0.2362554   0.2333984   0.2301742   0.2267622
  96.7538640   0.3915920   0.3961247   0.3924566   0.3811095   0.3657569   0.3495003   0.3339312   0.3196595   0.3068183   0.2953406
  97.0488453   0.2843718   0.2935065   0.3001877   0.3049715   0.3078827   0.3090044   0.3082498   0.3057553   0.3018813   0.2970517
  97.3438266   0.2498330   0.2465885   0.2467832   0.2479531   0.2499898   0.2527216   0.2557654   0.2586887   0.2611221   0.2628247
  97.6388079   0.2324336   0.2275570   0.2262945   0.2263094   0.2267638   0.2275213   0.2286279   0.2301121   0.2319237   0.2339370
  97.9337892   0.2149709   0.2134917   0.2132421   0.2137169   0.2143858   0.2150682   0.2157701   0.2165529   0.2174789   0.2185888
  98.2287705   0.2140233   0.2110915   0.2106713   0.2100406   0.2097616   0.2098448   0.2101749   0.2106584   0.2112393   0.2118968
  98.5237518   0.2021185   0.2027441   0.2055351   0.2071173   0.2081265   0.2087977   0.2092387   0.2095510   0.2098200   0.2101045
  98.8187331   0.2127246   0.2143096   0.2142806   0.2133577   0.2122486   0.2113737   0.2108226   0.2105486   0.2104752   0.2105394
  99.1137144   0.2007042   0.2033779   0.2054875   0.2072164   0.2086572   0.2098068   0.2106587   0.2112714   0.2117244   0.2120842
  99.4086957   0.2148169   0.2175885   0.2177500   0.2168577   0.2160366   0.2155575   0.2153702   0.2153717   0.2154853   0.2156682
  99.7036770   0.2145537   0.2154759   0.2181236   0.2196475   0.2202928   0.2204921   0.2205233   0.2205450   0.2206309   0.2208066
  99.9986583   0.2218889   0.2252523   0.2251760   0.2249261   0.2250216   0.2254134   0.2259513   0.2265344   0.2271361   0.2277747
 100.2936396   0.2396599   0.2357841   0.2349217   0.2352554   0.2356652   0.2360975   0.2366375   0.2373566   0.2382888   0.2394157
 100.5886208   0.2465311   0.2491491   0.2500519   0.2508456   0.2517209   0.2528328   0.2542860   0.2560026   0.2577841   0.2594147
 100.8836021   0.2823252   0.2774161   0.2776933   0.2798084   0.2827668   0.2856738   0.2878353   0.2889228   0.2889054   0.2879223
 101.1785834   0.3445426   0.3551896   0.3541295   0.3496336   0.3434262   0.3359890   0.3279485   0.3198325   0.3119676   0.3045203
 101.4735647   0.3607838   0.3449237   0.3331555   0.3228442   0.3131572   0.3041522   0.2959066   0.2884220   0.2816471   0.2755083
 101.7685460   0.1585646   0.1621956   0.1684002   0.1767048   0.1852546   0.1929119   0.1992053   0.2040567   0.2075976   0.2100377
 102.0635273   0.1315356   0.1328017   0.1333889   0.1344531   0.1360346   0.1384743   0.1418222   0.1458192   0.1500994   0.1543379
 102.3585086   0.1233915   0.1224940   0.1219181   0.1215352   0.1213448   0.1213280   0.1215520   0.1221351   0.1231678   0.1246599
 102.6534899   0.1065772   0.1087313   0.1081617   0.1078864   0.1077793   0.1076860   0.1075834   0.1074997   0.1074830   0.1075913
 102.9484712   0.0959588   0.0943386   0.0934430   0.0931264   0.0930334   0.0930006   0.0929538   0.0928584   0.0927025   0.0924940
 103.2434525   0.0786794   0.0777849   0.0780201   0.0781014   0.0779651   0.0776912   0.0773176   0.0768644   0.0763589   0.0758330
 103.5384338   0.0564995   0.0589800   0.0597202   0.0596345   0.0590324   0.0582323   0.0574408   0.0567514   0.0561954   0.0557748
 103.8334151   0.0332208   0.0310735   0.0303292   0.0302940   0.0306095   0.0311283   0.0317533   0.0324286   0.0331275   0.0338378
 104.1283964   0.0064920   0.0064224   0.0066914   0.0076623   0.0090648   0.0106179   0.0121876   0.0137224   0.0152022   0.0166195
 104.4233777   0.0059301   0.0058443   0.0056200   0.0055311   0.0055844   0.0057932   0.0061802   0.0067425   0.0074541   0.0082813
 104.7183589   0.0052717   0.0055119   0.0056381   0.0056731   0.0056696   0.0056553   0.0056543   0.0056923   0.0057950   0.0059820
 105.0133402   0.0054570   0.0053113   0.0054639   0.0055711   0.0056100   0.0056109   0.0055976   0.0055815   0.0055709   0.0055766
 105.3083215   0.0064155   0.0058716   0.0055898   0.0054614   0.0054151   0.0054008   0.0053967   0.0053975   0.0054029   0.0054139
 105.6033028   0.0063014   0.0056331   0.0053247   0.0051899   0.0051587   0.0051752   0.0052143   0.0052647   0.0053195   0.0053738
 105.8982841   0.0045338   0.0048202   0.0049602   0.0051320   0.0052894   0.0054126   0.0055051   0.0055745   0.0056274   0.0056690
 106.1932654   0.0070629   0.0070844   0.0069073   0.0067436   0.0065917   0.0064602   0.0063574   0.0062811   0.0062253   0.0061842
 106.4882467   0.0072198   0.0067394   0.0065566   0.0065497   0.0065839   0.0066040   0.0065985   0.0065740   0.0065406   0.0065054
 106.7832280   0.0066144   0.0070190   0.0068712   0.0067131   0.0066216   0.0065839   0.0065788   0.0065883   0.0066005   0.0066095
 107.0782093   0.0054129   0.0056442   0.0060618   0.0063467   0.0065168   0.0066142   0.0066692   0.0067014   0.0067217   0.0067352
 107.3731906   0.0071099   0.0074339   0.0074293   0.0072930   0.0071565   0.0070590   0.0069984   0.0069606   0.0069342   0.0069131
 107.6681719   0.0070842   0.0067019   0.0067395   0.0068733   0.0069784   0.0070307   0.0070399   0.0070244   0.0069989   0.0069719
 107.9631532   0.0079867   0.0079352   0.0075157   0.0072275   0.0070453   0.0069419   0.0068919   0.0068724   0.0068676   0.0068681
 108.2581345   0.0051740   0.0055763   0.0058661   0.0061499   0.0063773   0.0065343   0.0066362   0.0067013   0.0067439   0.0067734
 108.5531158   0.0074012   0.0076736   0.0074355   0.0072226   0.0070606   0.0069470   0.0068757   0.0068370   0.0068214   0.0068213
 108.8480970   0.0075756   0.0069051   0.0067140   0.0067207   0.0067662   0.0068116   0.0068505   0.0068838   0.0069129   0.0069387
 109.1430783   0.0066329   0.0067081   0.0067386   0.0068370   0.0069465   0.0070385   0.0071079   0.0071564   0.0071878   0.0072068
 109.4380596   0.0091805   0.0086727   0.0084333   0.0082125   0.0080202   0.0078634   0.0077427   0.0076530   0.0075874   0.0075389
 109.7330409   0.0076619   0.0072137   0.0073000   0.0074557   0.0075635   0.0076270   0.0076578   0.0076638   0.0076529   0.0076332
 110.0280222   0.0068866   0.0074078   0.0075416   0.0075730   0.0075804   0.0075735   0.0075645   0.0075617   0.0075674   0.0075801
 110.3230035   0.0087136   0.0082566   0.0078497   0.0075870   0.0074678   0.0074427   0.0074689   0.0075201   0.0075810   0.0076431
 110.6179848   0.0064650   0.0066101   0.0069163   0.0072420   0.0075239   0.0077341   0.0078790   0.0079768   0.0080439   0.0080922
 110.9129661   0.0096610   0.0102810   0.0101267   0.0097919   0.0094759   0.0092285   0.0090486   0.0089230   0.0088376   0.0087811
 111.2079474   0.0078097   0.0082286   0.0086885   0.0089605   0.0091052   0.0091890   0.0092335   0.0092506   0.0092510   0.0092427
 111.5029287   0.0074681   0.0083707   0.0090061   0.0092764   0.0093841   0.0094488   0.0095055   0.0095564   0.0095967   0.0096238
 111.7979100   0.0093004   0.0101174   0.0103684   0.0103715   0.0103190   0.0102626   0.0102108   0.0101648   0.0101243   0.0100887
 112.0928913   0.0116227   0.0111392   0.0108402   0.0107063   0.0106375   0.0105809   0.0105211   0.0104592   0.0103995   0.0103458
 112.3878726   0.0116212   0.0110309   0.0105242   0.0103490   0.0102969   0.0102799   0.0102768   0.0102824   0.0102929   0.0103051
 112.6828538   0.0102823   0.0099797   0.0097637   0.0097777   0.0098791   0.0099947   0.0101025   0.0101968   0.0102759   0.0103400
 112.9778351   0.0108647   0.0108556   0.0108062   0.0107711   0.0107545   0.0107406   0.0107283   0.0107176   0.0107067   0.0106939
 113.2728164   0.0117443   0.0118384   0.0116822   0.0115773   0.0114786   0.0113732   0.0112618   0.0111495   0.0110432   0.0109479
 113.5677977   0.0116923   0.0111664   0.0110670   0.0110231   0.0109494   0.0108675   0.0107977   0.0107439   0.0107031   0.0106724
 113.8627790   0.0093767   0.0089976   0.0091112   0.0093194   0.0095387   0.0097337   0.0098963   0.0100325   0.0101509   0.0102575
 114.1577603   0.0106824   0.0106974   0.0104974   0.0102613   0.0101237   0.0100950   0.0101449   0.0102404   0.0103574   0.0104803
 114.4527416   0.0085756   0.0094517   0.0101878   0.0106980   0.0110321   0.0112297   0.0113431   0.0114115   0.0114570   0.0114909
 114.7477229   0.0169419   0.0151901   0.0143330   0.0138131   0.0134654   0.0132298   0.0130563   0.0129140   0.0127907   0.0126838
 115.0427042   0.0140655   0.0137888   0.0137759   0.0138042   0.0137671   0.0136769   0.0135667   0.0134603   0.0133680   0.0132910
 115.3376855   0.0107931   0.0119555   0.0123674   0.0126074   0.0128065   0.0129896   0.0131559   0.0132962   0.0134042   0.0134803
 115.6326668   0.0139771   0.0138883   0.0138303   0.0138188   0.0138469   0.0138834   0.0139143   0.0139386   0.0139586   0.0139751
 115.9276481   0.0175270   0.0164026   0.0159109   0.0155557   0.0152782   0.0150539   0.0148741   0.0147340   0.0146290   0.0145542
 116.2226294   0.0138438   0.0139104   0.0140666   0.0142873   0.0144717   0.0146020   0.0146900   0.0147490   0.0147888   0.0148156
 116.5176107   0.0148114   0.0149797   0.0148388   0.0147931   0.0148135   0.0148779   0.0149639   0.0150521   0.0151298   0.0151913
 116.8125919   0.0149458   0.0159046   0.0160993   0.0161233   0.0161072   0.0160686   0.0160145   0.0159544   0.0158982   0.0158530
 117.1075732   0.0177312   0.0170568   0.0170552   0.0169814   0.0168300   0.0166642   0.0165222   0.0164180   0.0163513   0.0163168
 117.4025545   0.0146354   0.0153093   0.0154123   0.0155469   0.0157515   0.0159842   0.0162098   0.0164122   0.0165868   0.0167345
 117.6975358   0.0174312   0.0170855   0.0171567   0.0172372   0.0173545   0.0174916   0.0176282   0.0177536   0.0178633   0.0179558
 117.9925171   0.0205579   0.0208142   0.0208862   0.0207641   0.0205618   0.0203392   0.0201282   0.0199435   0.0197908   0.0196703
 118.2874984   0.0214425   0.0213093   0.0213208   0.0213042   0.0212439   0.0211587   0.0210637   0.0209690   0.0208799   0.0207984
 118.5824797   0.0208924   0.0207145   0.0207058   0.0207313   0.0208463   0.0210067   0.0211632   0.0212926   0.0213882   0.0214510
 118.8774610   0.0208485   0.0218604   0.0222797   0.0223683   0.0223596   0.0223415   0.0223288   0.0223212   0.0223178   0.0223170
 119.1724423   0.0223153   0.0226431   0.0234295   0.0237288   0.0237035   0.0235741   0.0234399   0.0233288   0.0232442   0.0231834
 119.4674236   0.0224475   0.0225272   0.0229027   0.0231936   0.0233902   0.0235330   0.0236350   0.0237054   0.0237545   0.0237917
 119.7624049   0.0255071   0.0254488   0.0249798   0.0245923   0.0244042   0.0243538   0.0243790   0.0244422   0.0245220   0.0246063
 120.0573862   0.0244725   0.0247706   0.0250391   0.0252913   0.0255091   0.0256635   0.0257652   0.0258383   0.0259014   0.0259650
 120.3523675   0.0289261   0.0287059   0.0283805   0.0281284   0.0279373   0.0278107   0.0277456   0.0277280   0.0277421   0.0277759
 120.6473488   0.0306244   0.0290480   0.0289603   0.0291640   0.0293761   0.0295519   0.0296841   0.0297785   0.0298462   0.0298973
 120.9423300   0.0326292   0.0325068   0.0326364   0.0326090   0.0325185   0.0324320   0.0323690   0.0323285   0.0323044   0.0322921
 121.2373113   0.0331422   0.0341453   0.0347157   0.0348257   0.0348239   0.0347913   0.0347490   0.0347110   0.0346854   0.0346752
 121.5322926   0.0370489   0.0365483   0.0366368   0.0366225   0.0366404   0.0367147   0.0368129   0.0369130   0.0370083   0.0371002
 121.8272739   0.0387087   0.0384902   0.0390841   0.0394082   0.0395668   0.0396666   0.0397608   0.0398676   0.0399908   0.0401299
 122.1222552   0.0441361   0.0432689   0.0432873   0.0433962   0.0435010   0.0435974   0.0437044   0.0438345   0.0439937   0.0441840
 122.4172365   0.0521100   0.0499695   0.0489160   0.0485757   0.0485567   0.0486809   0.0488791   0.0491248   0.0494028   0.0497015
 122.7122178   0.0542928   0.0553462   0.0552664   0.0553536   0.0556478   0.0560053   0.0563585   0.0566867   0.0569899   0.0572772
 123.0071991   0.0683770   0.0670049   0.0669139   0.0669478   0.0668943   0.0667881   0.0666874   0.0666290   0.0666365   0.0667220
 123.3021804   0.0782658   0.0774918   0.0772026   0.0770282   0.0768251   0.0766710   0.0766398   0.0767496   0.0769795   0.0772947
 123.5971617   0.0836369   0.0837799   0.0839933   0.0846575   0.0857019   0.0868641   0.0879574   0.0889020   0.0896827   0.0903128
 123.8921430   0.1077093   0.1081379   0.1081311   0.1079821   0.1077476   0.1074929   0.1072464   0.1070132   0.1067895   0.1065722
 124.1871243   0.1243727   0.1276016   0.1283605   0.1279035   0.1269052   0.1257082   0.1244911   0.1233507   0.1223324   0.1214488
 124.4821056   0.1311838   0.1313393   0.1319182   0.1319450   0.1318789   0.1318631   0.1318455   0.1317708   0.1316260   0.1314249
 124.7770869   0.1312198   0.1326772   0.1344043   0.1358649   0.1369017   0.1376861   0.1383406   0.1389127   0.1394102   0.1398273
 125.0720681   0.1534623   0.1513495   0.1505585   0.1500402   0.1497473   0.1496624   0.1497338   0.1499041   0.1501291   0.1503767
 125.3670494   0.1639887   0.1633848   0.1628784   0.1628206   0.1628910   0.1629171   0.1628691   0.1627719   0.1626584   0.1625543
 125.6620307   0.1814802   0.1777003   0.1767282   0.1762034   0.1757820   0.1753912   0.1750326   0.1747170   0.1744468   0.1742224
 125.9570120   0.1802229   0.1842569   0.1846249   0.1844265   0.1843832   0.1844358   0.1845068   0.1845791   0.1846584   0.1847509
 126.2519933   0.1902379   0.1925166   0.1931691   0.1935050   0.1938258   0.1941996   0.1946289   0.1950903   0.1955525   0.1959892
 126.5469746   0.2057033   0.2060361   0.2065520   0.2073128   0.2079587   0.2084875   0.2089263   0.2092848   0.2095749   0.2098095
 126.8419559   0.2349625   0.2301466   0.2288002   0.2281276   0.2274731   0.2268103   0.2262064   0.2256861   0.2252396   0.2248394
 127.1369372   0.2480898   0.2424674   0.2406697   0.2399855   0.2396822   0.2394191   0.2390857   0.2386404   0.2380599   0.2373395
 127.4319185   0.2528789   0.2509782   0.2494143   0.2487566   0.2485662   0.2482724   0.2476573   0.2467189   0.2455348   0.2441936
 127.7268998   0.2647063   0.2605100   0.2576872   0.2549375   0.2521035   0.2494123   0.2470179   0.2449500   0.2431684   0.2416123
 128.0218811   0.2177658   0.2196937   0.2225998   0.2249860   0.2267261   0.2279650   0.2288314   0.2294130   0.2297791   0.2299858
 128.3168624   0.2093310   0.2113092   0.2113843   0.2117708   0.2126127   0.2137877   0.2151170   0.2164585   0.2177297   0.2188937
 128.6118437   0.2173254   0.2150871   0.2142626   0.2138199   0.2134984   0.2132976   0.2132878   0.2135172   0.2139815   0.2146381
 128.9068250   0.2110524   0.2122374   0.2124355   0.2127328   0.2131764   0.2136816   0.2141895   0.2146815   0.2151690   0.2156684
 129.2018062   0.2185608   0.2173139   0.2177711   0.2183501   0.2187599   0.2190992   0.2194311   0.2197396   0.2199797   0.2201154
 129.4967875   0.2273460   0.2280421   0.2281646   0.2282045   0.2281239   0.2278435   0.2273241   0.2265828   0.2256647   0.2246187
 129.7917688   0.2364238   0.2390346   0.2374032   0.2350517   0.2326631   0.2303201   0.2280297   0.2258062   0.2236683   0.2216285
 130.0867501   0.2147027   0.2108309   0.2110874   0.2112416   0.2108104   0.2100450   0.2091140   0.2080973   0.2070314   0.2059336
 130.3817314   0.1680351   0.1731327   0.1758524   0.1774745   0.1787512   0.1799149   0.1809494   0.1817980   0.1824329   0.1828566
 130.6767127   0.1513562   0.1573945   0.1588754   0.1591543   0.1592844   0.1594856   0.1597921   0.1602016   0.1606870   0.1612066
 130.9716940   0.1432736   0.1441884   0.1438063   0.1431961   0.1428040   0.1426142   0.1425588   0.1426034   0.1427297   0.1429253
 131.2666753   0.1237302   0.1238956   0.1241066   0.1246329   0.1252257   0.1256822   0.1259746   0.1261479   0.1262540   0.1263340
 131.5616566   0.1191803   0.1162250   0.1138175   0.1125127   0.1116263   0.1110305   0.1106587   0.1104436   0.1103326   0.1102914
 131.8566379   0.0838237   0.0893074   0.0910109   0.0921893   0.0929868   0.0934846   0.0937978   0.0940113   0.0941790   0.0943328
 132.1516192   0.0788563   0.0790079   0.0787750   0.0785638   0.0784420   0.0784751   0.0786309   0.0788589   0.0791251   0.0794116
 132.4466005   0.0632186   0.0642599   0.0648672   0.0651237   0.0652906   0.0654576   0.0656529   0.0658873   0.0661599   0.0664614
 132.7415818   0.0501517   0.0521797   0.0532118   0.0537635   0.0541867   0.0545562   0.0548789   0.0551579   0.0554015   0.0556218
 133.0365631   0.0474402   0.0480466   0.0477129   0.0473222   0.0469758   0.0466928   0.0464751   0.0463185   0.0462123   0.0461442
 133.3315443   0.0390796   0.0377050   0.0372068   0.0370449   0.0369861   0.0369274   0.0368362   0.0367121   0.0365677   0.0364196
 133.6265256   0.0276325   0.0265452   0.0262133   0.0261492   0.0261334   0.0260845   0.0260065   0.0259220   0.0258495   0.0258007
 133.9215069   0.0162862   0.0157798   0.0151455   0.0146923   0.0144499   0.0143738   0.0144270   0.0145785   0.0148023   0.0150778
 134.2164882   0.0000008   0.0002920   0.0011031   0.0020142   0.0028883   0.0036962   0.0044421   0.0051376   0.0057951   0.0064243
 134.5114695   0.0000000   0.0000000   0.0000003   0.0000126   0.0000841   0.0002564   0.0005319   0.0008900   0.0013069   0.0017630
 134.8064508   0.0000000   0.0000000   0.0000000   0.0000000   0.0000002   0.0000035   0.0000199   0.0000648   0.0001509   0.0002846
 135.1014321   0.0000000   0.0000000   0.0000000   0.0000000   0.0000000   0.0000000   0.0000002   0.0000018   0.0000083   0.0000255
 135.3964134   0.0000000   0.0000000   0.0000000   0.0000000   0.0000000   0.0000000   0.0000000   0.0000000   0.0000002   0.0000012
 135.6913947   0.0000000   0.0000000   0.0000000   0.0000000   0.0000000   0.0000000   0.0000000   0.0000000   0.0000000   0.0000000
 135.9863760   0.0000000   0.0000000   0.0000000   0.0000000   0.0000000   0.0000000   0.0000000   0.0000000   0.0000000   0.0000000
 136.2813573   0.0000000   0.0000000   0.0000000   0.0000000   0.0000000   0.0000000   0.0000000   0.0000000   0.0000000   0.0000000
 136.5763386   0.0000000   0.0000000   0.0000000   0.0000000   0.0000000   0.0000000   0.0000000   0.0000000   0.0000000   0.0000000
 136.8713199   0.0000000   0.0000000   0.0000000   0.0000000   0.0000000   0.0000000   0.0000000   0.0000000   0.0000000   0.0000000
 137.1663012   0.0000000   0.0000000   0.0000000   0.0000000   0.0000000   0.0000000   0.0000000   0.0000000   0.0000000   0.0000000
 137.4612824   0.0000000   0.0000000   0.0000000   0.0000000   0.0000000   0.0000000   0.0000000   0.0000000   0.0000000   0.0000000
 137.7562637   0.0000000   0.0000000   0.0000000   0.0000000   0.0000000   0.0000000   0.0000000   0.0000000   0.0000000   0.0000000
 138.0512450   0.0000000   0.0000000   0.0000000   0.0000000   0.0000000   0.0000000   0.0000000   0.0000000   0.0000000   0.0000000
 138.3462263   0.0000000   0.0000000   0.0000000   0.0000000   0.0000000   0.0000000   0.0000000   0.0000000   0.0000000   0.0000000
 138.6412076   0.0000000   0.0000000   0.0000000   0.0000000   0.0000000   0.0000000   0.0000000   0.0000000   0.0000000   0.0000000
 138.9361889   0.0000000   0.0000000   0.0000000   0.0000000   0.0000000   0.0000000   0.0000000   0.0000000   0.0000000   0.0000000
 139.2311702   0.0000000   0.0000000   0.0000000   0.0000000   0.0000000   0.0000000   0.0000000   0.0000000   0.0000000   0.0000000
 139.5261515   0.0000000   0.0000000   0.0000000   0.0000000   0.0000000   0.0000000   0.0000000   0.0000000   0.0000000   0.0000000
 139.8211328   0.0000000   0.0000000   0.0000000   0.0000000   0.0000000   0.0000000   0.0000000   0.0000000   0.0000000   0.0000000
 140.1161141   0.0000000   0.0000000   0.0000000   0.0000000   0.0000000   0.0000000   0.0000000   0.0000000   0.0000000   0.0000000
 140.4110954   0.0000000   0.0000000   0.0000000   0.0000000   0.0000000   0.0000000   0.0000000   0.0000000   0.0000000   0.0000000
 140.7060767   0.0000000   0.0000000   0.0000000   0.0000000   0.0000000   0.0000000   0.0000000   0.0000000   0.0000000   0.0000000
 141.0010580   0.0000000   0.0000000   0.0000000   0.0000000   0.0000000   0.0000000   0.0000000   0.0000000   0.0000000   0.0000000
 141.2960393   0.0000000   0.0000000   0.0000000   0.0000000   0.0000000   0.0000000   0.0000000   0.0000000   0.0000000   0.0000000
 141.5910205   0.0000000   0.0000000   0.0000000   0.0000000   0.0000000   0.0000000   0.0000000   0.0000000   0.0000000   0.0000000
 141.8860018   0.0000000   0.0000000   0.0000000   0.0000000   0.0000000   0.0000000   0.0000000   0.0000000   0.0000000   0.0000000
 142.1809831   0.0000000   0.0000000   0.0000000   0.0000000   0.0000000   0.0000000   0.0000000   0.0000000   0.0000000   0.0000000
 142.4759644   0.0000000   0.0000000   0.0000000   0.0000000   0.0000000   0.0000000   0.0000000   0.0000000   0.0000000   0.0000000
 142.7709457   0.0000000   0.0000000   0.0000000   0.0000000   0.0000000   0.0000000   0.0000000   0.0000000   0.0000000   0.0000000
 143.0659270   0.0000000   0.0000000   0.0000000   0.0000000   0.0000000   0.0000000   0.0000000   0.0000000   0.0000000   0.0000000
 143.3609083   0.0000000   0.0000000   0.0000000   0.0000000   0.0000000   0.0000000   0.0000000   0.0000000   0.0000000   0.0000000
 143.6558896   0.0000000   0.0000000   0.0000000   0.0000000   0.0000000   0.0000000   0.0000000   0.0000000   0.0000000   0.0000000
 143.9508709   0.0000000   0.0000000   0.0000000   0.0000000   0.0000000   0.0000000   0.0000000   0.0000000   0.0000000   0.0000000
 144.2458522   0.0000000   0.0000000   0.0000000   0.0000000   0.0000000   0.0000000   0.0000000   0.0000000   0.0000000   0.0000000
 144.5408335   0.0000000   0.0000000   0.0000000   0.0000000   0.0000000   0.0000000   0.0000000   0.0000000   0.0000000   0.0000000
 144.8358148   0.0000000   0.0000000   0.0000000   0.0000000   0.0000000   0.0000000   0.0000000   0.0000000   0.0000000   0.0000000
 145.1307961   0.0000000   0.0000000   0.0000000   0.0000000   0.0000000   0.0000000   0.0000000   0.0000000   0.0000000   0.0000000
 145.4257774   0.0000000   0.0000000   0.0000000   0.0000000   0.0000000   0.0000000   0.0000000   0.0000000   0.0000000   0.0000000
 145.7207586   0.0000000   0.0000000   0.0000000   0.0000000   0.0000000   0.0000000   0.0000000   0.0000000   0.0000000   0.0000000
 146.0157399   0.0000000   0.0000000   0.0000000   0.0000000   0.0000000   0.0000000   0.0000000   0.0000000   0.0000000   0.0000000
 146.3107212   0.0000000   0.0000000   0.0000000   0.0000000   0.0000000   0.0000000   0.0000000   0.0000000   0.0000000   0.0000000
 146.6057025   0.0000000   0.0000000   0.0000000   0.0000000   0.0000000   0.0000000   0.0000000   0.0000000   0.0000000   0.0000000
 146.9006838   0.0000000   0.0000000   0.0000000   0.0000000   0.0000000   0.0000000   0.0000000   0.0000000   0.0000000   0.0000000
 147.1956651   0.0000000   0.0000000   0.0000000   0.0000000   0.0000000   0.0000000   0.0000000   0.0000000   0.0000000   0.0000000
 147.4906464   0.0000000   0.0000000   0.0000000   0.0000000   0.0000000   0.0000000   0.0000000   0.0000000   0.0000000   0.0000000
