   0.2961450   0.0000000   0.0000061   0.0019100   0.0129095   0.0304315   0.0483449   0.0639358   0.0765894   0.0864977   0.0940932
   0.5922900   0.4514480   0.3596290   0.2998444   0.2718962   0.2537918   0.2396727   0.2278289   0.2175841   0.2085820   0.2005762
   0.8884350   0.4391704   0.3605577   0.3485234   0.3438048   0.3338060   0.3195554   0.3038097   0.2881811   0.2734041   0.2597553
   1.1845801   0.1226046   0.1842687   0.2139743   0.2256817   0.2329023   0.2379527   0.2408959   0.2415509   0.2400729   0.2368927
   1.4807251   0.1766758   0.1802863   0.1803163   0.1778003   0.1762033   0.1761190   0.1772954   0.1793625   0.1818519   0.1842810
   1.7768701   0.1678931   0.1398885   0.1282882   0.1267270   0.1283663   0.1311719   0.1343973   0.1377761   0.1412241   0.1446927
   2.0730151   0.1128824   0.1104999   0.1097481   0.1131124   0.1169418   0.1198811   0.1221265   0.1240476   0.1258731   0.1277261
   2.3691601   0.1842259   0.1631373   0.1489744   0.1391868   0.1330247   0.1290508   0.1264923   0.1249186   0.1240471   0.1236877
   2.6653051   0.1122784   0.1072303   0.1086894   0.1116051   0.1150057   0.1176193   0.1191741   0.1199069   0.1201164   0.1200368
   2.9614501   0.1202745   0.1263132   0.1245277   0.1215587   0.1191233   0.1174487   0.1164141   0.1157751   0.1153249   0.1149449
   3.2575951   0.1153777   0.1043678   0.1054918   0.1081782   0.1092225   0.1092147   0.1087908   0.1082754   0.1078251   0.1074989
   3.5537402   0.0863621   0.0911600   0.0929495   0.0941529   0.0949688   0.0957106   0.0965052   0.0973166   0.0980887   0.0987907
   3.8498852   0.0923265   0.0912679   0.0900376   0.0893036   0.0896125   0.0904760   0.0914905   0.0924818   0.0933859   0.0941781
   4.1460302   0.0912325   0.0967275   0.0968487   0.0963976   0.0960343   0.0956518   0.0952110   0.0947535   0.0943319   0.0939826
   4.4421752   0.0908636   0.0996128   0.0994802   0.0987760   0.0975764   0.0961575   0.0948301   0.0937142   0.0928141   0.0921009
   4.7383202   0.0918717   0.0843239   0.0812551   0.0815882   0.0828174   0.0840671   0.0850759   0.0858023   0.0862949   0.0866205
   5.0344652   0.1043725   0.0893379   0.0838277   0.0818295   0.0810612   0.0808749   0.0810599   0.0814685   0.0819782   0.0824998
   5.3306102   0.0774714   0.0763213   0.0776189   0.0791161   0.0802519   0.0808951   0.0812129   0.0813701   0.0814631   0.0815371
   5.6267553   0.0868176   0.0890261   0.0872234   0.0852244   0.0839196   0.0830728   0.0824553   0.0819398   0.0814726   0.0810425
   5.9229003   0.0831024   0.0818839   0.0805501   0.0801932   0.0799998   0.0796884   0.0792690   0.0788167   0.0783872   0.0780055
   6.2190453   0.0743429   0.0724401   0.0713081   0.0713377   0.0715116   0.0717286   0.0720019   0.0722964   0.0725757   0.0728217
   6.5151903   0.0674211   0.0634226   0.0639728   0.0650522   0.0659806   0.0667394   0.0673955   0.0679839   0.0685184   0.0690020
   6.8113353   0.0676194   0.0703653   0.0694956   0.0687639   0.0682894   0.0680232   0.0679037   0.0678829   0.0679299   0.0680235
   7.1074803   0.0715484   0.0688040   0.0687161   0.0687750   0.0687519   0.0686383   0.0684654   0.0682694   0.0680700   0.0678751
   7.4036253   0.0612273   0.0664837   0.0673535   0.0673906   0.0673618   0.0673262   0.0672306   0.0670512   0.0667967   0.0664916
   7.6997704   0.0645219   0.0649651   0.0658965   0.0658093   0.0652821   0.0646919   0.0641400   0.0636576   0.0632508   0.0629109
   7.9959154   0.0444404   0.0517637   0.0552087   0.0562415   0.0565548   0.0567428   0.0569326   0.0571235   0.0573001   0.0574550
   8.2920604   0.0410224   0.0447165   0.0472196   0.0488588   0.0499445   0.0507622   0.0514253   0.0519801   0.0524532   0.0528632
   8.5882054   0.0618860   0.0556821   0.0535749   0.0523122   0.0514514   0.0509188   0.0506261   0.0505109   0.0505265   0.0506324
   8.8843504   0.0431833   0.0473321   0.0481999   0.0484641   0.0487578   0.0490362   0.0492452   0.0493805   0.0494617   0.0495129
   9.1804954   0.0439514   0.0467793   0.0479244   0.0485722   0.0488464   0.0489101   0.0488804   0.0488172   0.0487403   0.0486560
   9.4766404   0.0510707   0.0514444   0.0505835   0.0494819   0.0487353   0.0482434   0.0478898   0.0476151   0.0473969   0.0472286
   9.7727854   0.0481478   0.0445508   0.0437166   0.0438955   0.0442081   0.0444502   0.0446176   0.0447500   0.0448787   0.0450184
  10.0689305   0.0421348   0.0423201   0.0417599   0.0416823   0.0418186   0.0420897   0.0424747   0.0429262   0.0433908   0.0438317
  10.3650755   0.0413705   0.0420857   0.0422641   0.0427495   0.0434455   0.0440613   0.0445192   0.0448440   0.0450835   0.0452774
  10.6612205   0.0635015   0.0577495   0.0543674   0.0524440   0.0510352   0.0499555   0.0491458   0.0485590   0.0481443   0.0478558
  10.9573655   0.0448172   0.0450895   0.0465052   0.0474906   0.0482527   0.0487808   0.0490867   0.0492187   0.0492316   0.0491701
  11.2535105   0.0432716   0.0476316   0.0496737   0.0499744   0.0498620   0.0497804   0.0497750   0.0497942   0.0497980   0.0497707
  11.5496555   0.0458239   0.0481131   0.0500421   0.0510770   0.0512178   0.0509761   0.0506510   0.0503598   0.0501310   0.0499584
  11.8458005   0.0458613   0.0486779   0.0487056   0.0485410   0.0486534   0.0488768   0.0490720   0.0491985   0.0492666   0.0492985
  12.1419456   0.0540780   0.0523999   0.0506044   0.0493405   0.0487054   0.0484645   0.0484259   0.0484895   0.0485989   0.0487195
  12.4380906   0.0432690   0.0441484   0.0456507   0.0469712   0.0478182   0.0483009   0.0485696   0.0487226   0.0488167   0.0488847
  12.7342356   0.0513830   0.0516867   0.0514756   0.0510828   0.0505850   0.0501479   0.0498337   0.0496290   0.0495051   0.0494394
  13.0303806   0.0506674   0.0495183   0.0490226   0.0490028   0.0491786   0.0493790   0.0495418   0.0496687   0.0497733   0.0498626
  13.3265256   0.0511466   0.0503700   0.0500453   0.0498098   0.0498534   0.0500585   0.0503022   0.0505172   0.0506765   0.0507754
  13.6226706   0.0515417   0.0518226   0.0530498   0.0534857   0.0534426   0.0531882   0.0528675   0.0525422   0.0522361   0.0519584
  13.9188156   0.0534671   0.0532947   0.0536562   0.0536560   0.0533676   0.0529606   0.0525357   0.0521435   0.0518048   0.0515228
  14.2149607   0.0530729   0.0495479   0.0487584   0.0483317   0.0482775   0.0484962   0.0488097   0.0491183   0.0493803   0.0495806
  14.5111057   0.0326429   0.0416022   0.0448451   0.0460798   0.0468006   0.0473454   0.0477767   0.0481074   0.0483488   0.0485141
  14.8072507   0.0486831   0.0493832   0.0506414   0.0511088   0.0507352   0.0500832   0.0494379   0.0488868   0.0484426   0.0481043
  15.1033957   0.0436596   0.0466084   0.0470549   0.0469270   0.0467719   0.0466271   0.0464519   0.0462781   0.0461804   0.0462252
  15.3995407   0.0371360   0.0411510   0.0415258   0.0411080   0.0409560   0.0412480   0.0419685   0.0430460   0.0443957   0.0459349
  15.6956857   0.0312025   0.0322557   0.0348464   0.0382198   0.0416721   0.0449500   0.0480900   0.0511243   0.0540058   0.0566671
  15.9918307   0.0858524   0.0837275   0.0804655   0.0785848   0.0787953   0.0799419   0.0811536   0.0821053   0.0827554   0.0831596
  16.2879757   0.1192341   0.1412216   0.1399395   0.1358662   0.1311941   0.1264041   0.1218753   0.1177910   0.1141955   0.1110718
  16.5841208   0.1474060   0.1292005   0.1269962   0.1289198   0.1295518   0.1288037   0.1272839   0.1254000   0.1233851   0.1213727
  16.8802658   0.1318546   0.1200604   0.1147003   0.1124169   0.1122961   0.1134312   0.1150513   0.1166374   0.1179404   0.1188804
  17.1764108   0.1085979   0.1036828   0.1076834   0.1110964   0.1135681   0.1152641   0.1165832   0.1177911   0.1189536   0.1200269
  17.4725558   0.1486450   0.1387782   0.1346687   0.1320758   0.1304836   0.1295076   0.1288184   0.1282356   0.1276906   0.1271644
  17.7687008   0.1419072   0.1421966   0.1414609   0.1403021   0.1389916   0.1375581   0.1360036   0.1343420   0.1326168   0.1308834
  18.0648458   0.1270396   0.1253109   0.1279903   0.1299502   0.1302055   0.1293482   0.1279911   0.1264680   0.1249196   0.1233984
  18.3609908   0.1234962   0.1157533   0.1110758   0.1080985   0.1066313   0.1061159   0.1060532   0.1061276   0.1061833   0.1061589
  18.6571359   0.0749931   0.0769278   0.0777340   0.0794558   0.0815876   0.0834515   0.0849420   0.0861544   0.0871799   0.0880675
  18.9532809   0.0921401   0.0829368   0.0786208   0.0764210   0.0750958   0.0743270   0.0740431   0.0741407   0.0745015   0.0750289
  19.2494259   0.0699979   0.0628270   0.0613907   0.0622529   0.0634165   0.0643365   0.0649835   0.0654477   0.0658261   0.0661894
  19.5455709   0.0664489   0.0642285   0.0620150   0.0608253   0.0601623   0.0598078   0.0596748   0.0596870   0.0597857   0.0599380
  19.8417159   0.0513020   0.0532465   0.0540012   0.0543653   0.0546331   0.0547647   0.0548155   0.0548503   0.0549050   0.0549909
  20.1378609   0.0534708   0.0510613   0.0500033   0.0497200   0.0498071   0.0500275   0.0502759   0.0505006   0.0506836   0.0508300
  20.4340059   0.0565231   0.0508062   0.0486031   0.0480847   0.0479251   0.0477864   0.0476501   0.0475460   0.0474890   0.0474776
  20.7301510   0.0509146   0.0471727   0.0453901   0.0446581   0.0443625   0.0442420   0.0442072   0.0442193   0.0442596   0.0443187
  21.0262960   0.0339002   0.0378272   0.0389720   0.0396253   0.0401760   0.0406232   0.0409799   0.0412600   0.0414789   0.0416524
  21.3224410   0.0435533   0.0412459   0.0406576   0.0406159   0.0404462   0.0402342   0.0400643   0.0399607   0.0399153   0.0399099
  21.6185860   0.0350040   0.0382387   0.0386379   0.0385313   0.0384322   0.0384102   0.0384113   0.0383940   0.0383522   0.0382949
  21.9147310   0.0288231   0.0329820   0.0352664   0.0362198   0.0365278   0.0365749   0.0365272   0.0364474   0.0363567   0.0362637
  22.2108760   0.0325160   0.0337050   0.0343709   0.0343844   0.0342099   0.0340241   0.0338704   0.0337577   0.0336818   0.0336336
  22.5070210   0.0334587   0.0312733   0.0304066   0.0299688   0.0299302   0.0300988   0.0303189   0.0305202   0.0306839   0.0308122
  22.8031660   0.0266807   0.0273379   0.0276481   0.0280003   0.0282753   0.0284167   0.0284825   0.0285301   0.0285832   0.0286449
  23.0993111   0.0334356   0.0302868   0.0287868   0.0279535   0.0274790   0.0272110   0.0270637   0.0269838   0.0269413   0.0269205
  23.3954561   0.0240983   0.0239669   0.0239462   0.0242824   0.0246560   0.0249221   0.0250777   0.0251507   0.0251690   0.0251547
  23.6916011   0.0284683   0.0257059   0.0247859   0.0243522   0.0240331   0.0237618   0.0235432   0.0233788   0.0232606   0.0231782
  23.9877461   0.0214766   0.0215177   0.0209963   0.0207205   0.0206371   0.0206428   0.0206823   0.0207330   0.0207886   0.0208475
  24.2838911   0.0156446   0.0161915   0.0166574   0.0172043   0.0176507   0.0180048   0.0182961   0.0185414   0.0187489   0.0189250
  24.5800361   0.0157821   0.0183879   0.0185878   0.0183987   0.0182174   0.0180789   0.0179925   0.0179558   0.0179591   0.0179902
  24.8761811   0.0202524   0.0187817   0.0179089   0.0176425   0.0175502   0.0175174   0.0174941   0.0174625   0.0174242   0.0173867
  25.1723262   0.0151458   0.0158724   0.0162627   0.0165370   0.0166708   0.0167001   0.0166821   0.0166503   0.0166174   0.0165867
  25.4684712   0.0156354   0.0161929   0.0160345   0.0157968   0.0156492   0.0155838   0.0155674   0.0155741   0.0155898   0.0156068
  25.7646162   0.0143634   0.0140736   0.0140118   0.0141567   0.0143188   0.0144555   0.0145596   0.0146347   0.0146867   0.0147207
  26.0607612   0.0140953   0.0143764   0.0144373   0.0144007   0.0143258   0.0142361   0.0141498   0.0140751   0.0140129   0.0139619
  26.3569062   0.0128841   0.0136082   0.0136070   0.0134240   0.0132838   0.0131856   0.0131063   0.0130372   0.0129786   0.0129336
  26.6530512   0.0117494   0.0108888   0.0110204   0.0111799   0.0112950   0.0113867   0.0114677   0.0115475   0.0116305   0.0117174
  26.9491962   0.0097661   0.0097090   0.0100116   0.0101477   0.0102485   0.0103823   0.0105497   0.0107331   0.0109189   0.0111002
  27.2453413   0.0091365   0.0096639   0.0103591   0.0107819   0.0110288   0.0111862   0.0113061   0.0114142   0.0115216   0.0116320
  27.5414863   0.0141668   0.0141914   0.0137638   0.0134567   0.0132434   0.0131051   0.0130170   0.0129619   0.0129312   0.0129205
  27.8376313   0.0135114   0.0142739   0.0142418   0.0142607   0.0142926   0.0143124   0.0143138   0.0143021   0.0142838   0.0142626
  28.1337763   0.0143532   0.0148235   0.0152587   0.0153910   0.0154324   0.0154568   0.0154759   0.0154850   0.0154800   0.0154600
  28.4299213   0.0157436   0.0160520   0.0166343   0.0168231   0.0168250   0.0167649   0.0166861   0.0166015   0.0165149   0.0164277
  28.7260663   0.0171707   0.0173172   0.0174601   0.0174157   0.0173325   0.0172347   0.0171275   0.0170182   0.0169139   0.0168210
  29.0222113   0.0201960   0.0177762   0.0170403   0.0167444   0.0166310   0.0165929   0.0165879   0.0166069   0.0166485   0.0167105
  29.3183563   0.0148379   0.0156853   0.0155822   0.0156088   0.0157749   0.0160134   0.0162850   0.0165696   0.0168552   0.0171348
  29.6145014   0.0150673   0.0164401   0.0171553   0.0176159   0.0179682   0.0182751   0.0185592   0.0188294   0.0190903   0.0193430
  29.9106464   0.0222485   0.0232308   0.0236688   0.0236570   0.0234893   0.0233299   0.0232266   0.0231750   0.0231569   0.0231562
  30.2067914   0.0249814   0.0265209   0.0270541   0.0273663   0.0275455   0.0276098   0.0275625   0.0274262   0.0272344   0.0270165
  30.5029364   0.0357466   0.0335053   0.0328086   0.0321812   0.0315207   0.0309375   0.0304528   0.0300489   0.0297016   0.0293917
  30.7990814   0.0223687   0.0264937   0.0282889   0.0290717   0.0295208   0.0297859   0.0299217   0.0299667   0.0299500   0.0298923
  31.0952264   0.0290187   0.0296501   0.0297654   0.0296345   0.0295262   0.0295158   0.0295713   0.0296530   0.0297377   0.0298160
  31.3913714   0.0291310   0.0296317   0.0298329   0.0299802   0.0300192   0.0300079   0.0299964   0.0300180   0.0300872   0.0302051
  31.6875165   0.0288853   0.0297218   0.0299780   0.0300955   0.0302502   0.0304680   0.0307327   0.0310289   0.0313452   0.0316721
  31.9836615   0.0308426   0.0320706   0.0327234   0.0330098   0.0333640   0.0337787   0.0342055   0.0346167   0.0349935   0.0353216
  32.2798065   0.0421682   0.0414524   0.0414379   0.0414590   0.0414338   0.0413882   0.0413058   0.0411707   0.0409790   0.0407368
  32.5759515   0.0486106   0.0493225   0.0496888   0.0494166   0.0487883   0.0479590   0.0470334   0.0460816   0.0451489   0.0442625
  32.8720965   0.0490285   0.0481155   0.0473356   0.0465073   0.0456823   0.0449109   0.0441967   0.0435337   0.0429174   0.0423447
  33.1682415   0.0297050   0.0317269   0.0325449   0.0333477   0.0341398   0.0348854   0.0355466   0.0361045   0.0365619   0.0369330
  33.4643865   0.0283856   0.0287788   0.0296298   0.0302238   0.0306670   0.0311046   0.0316053   0.0321833   0.0328194   0.0334815
  33.7605316   0.0311715   0.0325166   0.0327418   0.0325620   0.0325477   0.0327406   0.0330695   0.0334754   0.0339224   0.0343891
  34.0566766   0.0353354   0.0359551   0.0365867   0.0372894   0.0378244   0.0381646   0.0383488   0.0384266   0.0384413   0.0384287
  34.3528216   0.0495739   0.0493190   0.0479089   0.0467577   0.0457536   0.0448566   0.0440713   0.0434010   0.0428417   0.0423814
  34.6489666   0.0468707   0.0450741   0.0443629   0.0442000   0.0441457   0.0441204   0.0441021   0.0440659   0.0439936   0.0438765
  34.9451116   0.0377352   0.0388384   0.0400130   0.0412936   0.0423749   0.0431797   0.0437342   0.0440794   0.0442468   0.0442597
  35.2412566   0.0530063   0.0529921   0.0512708   0.0494382   0.0479511   0.0468158   0.0459124   0.0451390   0.0444370   0.0437768
  35.5374016   0.0386935   0.0398739   0.0415635   0.0424085   0.0425059   0.0421054   0.0414341   0.0406545   0.0398625   0.0391075
  35.8335466   0.0283008   0.0306590   0.0307293   0.0302949   0.0299479   0.0297966   0.0297761   0.0298056   0.0298359   0.0298476
  36.1296917   0.0146693   0.0144001   0.0151359   0.0160063   0.0168630   0.0176808   0.0184542   0.0191859   0.0198730   0.0205092
  36.4258367   0.0119660   0.0124037   0.0124422   0.0125690   0.0128457   0.0131942   0.0135856   0.0140170   0.0144885   0.0149979
  36.7219817   0.0170697   0.0158043   0.0145421   0.0136947   0.0131525   0.0128402   0.0127039   0.0127135   0.0128515   0.0131034
  37.0181267   0.0079364   0.0084481   0.0094585   0.0104670   0.0112304   0.0118133   0.0122991   0.0127402   0.0131643   0.0135841
  37.3142717   0.0136943   0.0142450   0.0147436   0.0149266   0.0151112   0.0153986   0.0157675   0.0161591   0.0165291   0.0168567
  37.6104167   0.0243680   0.0226162   0.0227059   0.0229654   0.0230477   0.0229613   0.0227601   0.0225021   0.0222315   0.0219733
  37.9065617   0.0335236   0.0323212   0.0311886   0.0300371   0.0289990   0.0280990   0.0273282   0.0266612   0.0260700   0.0255319
  38.2027068   0.0223864   0.0236301   0.0243419   0.0250221   0.0255881   0.0259787   0.0261729   0.0261848   0.0260449   0.0257870
  38.4988518   0.0248805   0.0257225   0.0258462   0.0256141   0.0252817   0.0249479   0.0246323   0.0243281   0.0240233   0.0237094
  38.7949968   0.0202781   0.0220082   0.0221054   0.0217335   0.0212715   0.0208084   0.0203812   0.0200120   0.0197072   0.0194603
  39.0911418   0.0112401   0.0110711   0.0112793   0.0116472   0.0121019   0.0125701   0.0129956   0.0133566   0.0136546   0.0139022
  39.3872868   0.0073300   0.0075696   0.0077356   0.0079193   0.0081262   0.0083685   0.0086586   0.0089920   0.0093521   0.0097216
  39.6834318   0.0082018   0.0075271   0.0072931   0.0072309   0.0072541   0.0073226   0.0074258   0.0075661   0.0077470   0.0079680
  39.9795768   0.0084356   0.0077003   0.0074810   0.0074008   0.0074125   0.0074741   0.0075619   0.0076682   0.0077928   0.0079372
  40.2757219   0.0074257   0.0078670   0.0081889   0.0083796   0.0085032   0.0086031   0.0087018   0.0088050   0.0089101   0.0090137
  40.5718669   0.0101367   0.0103049   0.0104992   0.0106218   0.0106944   0.0107488   0.0107810   0.0107894   0.0107792   0.0107574
  40.8680119   0.0117692   0.0132574   0.0137559   0.0136422   0.0133762   0.0131084   0.0128701   0.0126618   0.0124780   0.0123136
  41.1641569   0.0108338   0.0116963   0.0126345   0.0130225   0.0131718   0.0132043   0.0131693   0.0130951   0.0129997   0.0128942
  41.4603019   0.0155396   0.0137040   0.0131336   0.0128900   0.0127599   0.0127138   0.0127138   0.0127294   0.0127444   0.0127515
  41.7564469   0.0112075   0.0117433   0.0119164   0.0121194   0.0122616   0.0123529   0.0124199   0.0124779   0.0125323   0.0125827
  42.0525919   0.0124613   0.0122665   0.0124758   0.0125419   0.0125750   0.0126033   0.0126317   0.0126592   0.0126836   0.0127048
  42.3487369   0.0128706   0.0136090   0.0135262   0.0133254   0.0132122   0.0131431   0.0130844   0.0130310   0.0129858   0.0129503
  42.6448820   0.0145502   0.0137647   0.0134305   0.0132770   0.0131709   0.0131078   0.0130746   0.0130548   0.0130395   0.0130273
  42.9410270   0.0096393   0.0110349   0.0117802   0.0123475   0.0126737   0.0128326   0.0129108   0.0129607   0.0130069   0.0130585
  43.2371720   0.0128307   0.0145063   0.0139989   0.0134998   0.0132188   0.0131264   0.0131520   0.0132396   0.0133566   0.0134877
  43.5333170   0.0115104   0.0122804   0.0128170   0.0133170   0.0137437   0.0140697   0.0143103   0.0145010   0.0146729   0.0148447
  43.8294620   0.0187020   0.0183088   0.0179338   0.0175987   0.0173098   0.0171298   0.0170758   0.0171242   0.0172414   0.0173988
  44.1256070   0.0186241   0.0182926   0.0185830   0.0191732   0.0197307   0.0201823   0.0205335   0.0207992   0.0209951   0.0211343
  44.4217520   0.0301073   0.0282948   0.0273101   0.0268664   0.0265910   0.0263639   0.0261508   0.0259342   0.0257048   0.0254606
  44.7178971   0.0370437   0.0334636   0.0323161   0.0315964   0.0310064   0.0304107   0.0297998   0.0291976   0.0286212   0.0280775
  45.0140421   0.0298661   0.0296317   0.0289919   0.0285873   0.0283986   0.0282592   0.0280898   0.0278726   0.0276150   0.0273316
  45.3101871   0.0243115   0.0238021   0.0238761   0.0239958   0.0240932   0.0241861   0.0242922   0.0244080   0.0245197   0.0246142
  45.6063321   0.0182057   0.0193618   0.0200390   0.0205386   0.0209279   0.0212558   0.0215521   0.0218302   0.0220932   0.0223371
  45.9024771   0.0226057   0.0219476   0.0216346   0.0213865   0.0212464   0.0212193   0.0212660   0.0213442   0.0214230   0.0214834
  46.1986221   0.0204302   0.0210282   0.0214836   0.0217815   0.0219154   0.0218921   0.0217350   0.0214822   0.0211720   0.0208353
  46.4947671   0.0231520   0.0233274   0.0229292   0.0221411   0.0212728   0.0204482   0.0197021   0.0190364   0.0184453   0.0179227
  46.7909122   0.0103568   0.0105630   0.0110336   0.0114299   0.0116839   0.0118323   0.0119148   0.0119600   0.0119848   0.0119974
  47.0870572   0.0022034   0.0023055   0.0024286   0.0027369   0.0032279   0.0038258   0.0044515   0.0050527   0.0056040   0.0060973
  47.3832022   0.0016459   0.0018081   0.0019133   0.0019787   0.0020426   0.0021341   0.0022790   0.0024875   0.0027532   0.0030604
  47.6793472   0.0022104   0.0023009   0.0023031   0.0022628   0.0022192   0.0021844   0.0021621   0.0021580   0.0021806   0.0022370
  47.9754922   0.0019706   0.0020033   0.0020394   0.0020633   0.0020720   0.0020719   0.0020670   0.0020601   0.0020540   0.0020529
  48.2716372   0.0019073   0.0018482   0.0018464   0.0018640   0.0018812   0.0018948   0.0019060   0.0019157   0.0019240   0.0019309
  48.5677822   0.0022073   0.0020071   0.0018951   0.0018443   0.0018263   0.0018238   0.0018279   0.0018350   0.0018432   0.0018517
  48.8639272   0.0016716   0.0017861   0.0017904   0.0017960   0.0018057   0.0018138   0.0018189   0.0018221   0.0018243   0.0018264
  49.1600723   0.0017721   0.0018329   0.0018585   0.0018639   0.0018554   0.0018437   0.0018336   0.0018261   0.0018205   0.0018164
  49.4562173   0.0015115   0.0016786   0.0017364   0.0017616   0.0017757   0.0017837   0.0017877   0.0017887   0.0017876   0.0017851
  49.7523623   0.0018508   0.0018346   0.0017918   0.0017686   0.0017564   0.0017490   0.0017435   0.0017388   0.0017346   0.0017306
  50.0485073   0.0019541   0.0017575   0.0017003   0.0016802   0.0016708   0.0016643   0.0016591   0.0016551   0.0016526   0.0016515
  50.3446523   0.0014400   0.0014817   0.0014983   0.0015091   0.0015200   0.0015315   0.0015431   0.0015540   0.0015641   0.0015732
  50.6407973   0.0013519   0.0014183   0.0014622   0.0014892   0.0015042   0.0015142   0.0015232   0.0015321   0.0015408   0.0015488
  50.9369423   0.0016815   0.0016116   0.0015996   0.0015942   0.0015902   0.0015869   0.0015835   0.0015795   0.0015751   0.0015705
  51.2330874   0.0017057   0.0017072   0.0016845   0.0016589   0.0016390   0.0016222   0.0016063   0.0015909   0.0015761   0.0015621
  51.5292324   0.0014664   0.0014870   0.0015038   0.0015068   0.0015039   0.0014986   0.0014923   0.0014850   0.0014761   0.0014651
  51.8253774   0.0012501   0.0012433   0.0012625   0.0012826   0.0012985   0.0013081   0.0013100   0.0013046   0.0012934   0.0012784
  52.1215224   0.0012784   0.0012797   0.0012541   0.0012055   0.0011512   0.0011013   0.0010592   0.0010251   0.0009978   0.0009761
  52.4176674   0.0002702   0.0003326   0.0004009   0.0004489   0.0004823   0.0005062   0.0005239   0.0005378   0.0005494   0.0005597
  52.7138124   0.0000000   0.0000000   0.0000020   0.0000130   0.0000362   0.0000684   0.0001043   0.0001404   0.0001748   0.0002065
  53.0099574   0.0000000   0.0000000   0.0000000   0.0000000   0.0000003   0.0000020   0.0000067   0.0000155   0.0000283   0.0000444
  53.3061024   0.0000000   0.0000000   0.0000000   0.0000000   0.0000000   0.0000000   0.0000001   0.0000007   0.0000022   0.0000053
  53.6022475   0.0000000   0.0000000   0.0000000   0.0000000   0.0000000   0.0000000   0.0000000   0.0000000   0.0000001   0.0000005
  53.8983925   0.0000000   0.0000000   0.0000000   0.0000000   0.0000000   0.0000000   0.0000000   0.0000003   0.0000012   0.0000038
  54.1945375   0.0000000   0.0000000   0.0000000   0.0000000   0.0000000   0.0000006   0.0000030   0.0000095   0.0000224   0.0000434
  54.4906825   0.0000000   0.0000000   0.0000001   0.0000026   0.0000134   0.0000377   0.0000781   0.0001346   0.0002049   0.0002849
  54.7868275   0.0000123   0.0000759   0.0001732   0.0002862   0.0004143   0.0005570   0.0007055   0.0008488   0.0009795   0.0010937
  55.0829725   0.0021663   0.0021737   0.0023032   0.0024378   0.0025306   0.0025796   0.0025959   0.0025897   0.0025687   0.0025379
  55.3791175   0.0064383   0.0060881   0.0056724   0.0052841   0.0049434   0.0046432   0.0043764   0.0041382   0.0039243   0.0037308
  55.6752626   0.0040864   0.0040795   0.0040937   0.0041329   0.0041597   0.0041482   0.0040945   0.0040060   0.0038926   0.0037637
  55.9714076   0.0028781   0.0029098   0.0029300   0.0029364   0.0029341   0.0029312   0.0029284   0.0029219   0.0029069   0.0028812
  56.2675526   0.0015561   0.0016484   0.0016862   0.0016904   0.0016851   0.0016825   0.0016876   0.0017013   0.0017221   0.0017473
  56.5636976   0.0002123   0.0002597   0.0003203   0.0003851   0.0004536   0.0005238   0.0005932   0.0006603   0.0007253   0.0007885
  56.8598426   0.0000000   0.0000000   0.0000015   0.0000099   0.0000289   0.0000578   0.0000950   0.0001387   0.0001870   0.0002385
  57.1559876   0.0000000   0.0000000   0.0000000   0.0000000   0.0000002   0.0000015   0.0000055   0.0000135   0.0000263   0.0000443
  57.4521326   0.0000000   0.0000000   0.0000000   0.0000000   0.0000000   0.0000000   0.0000001   0.0000005   0.0000019   0.0000048
  57.7482777   0.0000000   0.0000000   0.0000000   0.0000000   0.0000000   0.0000000   0.0000000   0.0000000   0.0000001   0.0000003
  58.0444227   0.0000000   0.0000000   0.0000000   0.0000000   0.0000000   0.0000000   0.0000000   0.0000000   0.0000000   0.0000000
  58.3405677   0.0000000   0.0000000   0.0000000   0.0000000   0.0000000   0.0000000   0.0000000   0.0000000   0.0000000   0.0000000
  58.6367127   0.0000000   0.0000000   0.0000000   0.0000000   0.0000000   0.0000000   0.0000000   0.0000000   0.0000000   0.0000000
  58.9328577   0.0000000   0.0000000   0.0000000   0.0000000   0.0000000   0.0000000   0.0000000   0.0000000   0.0000000   0.0000000
  59.2290027   0.0000000   0.0000000   0.0000000   0.0000000   0.0000000   0.0000000   0.0000000   0.0000000   0.0000000   0.0000000
  59.5251477   0.0000000   0.0000000   0.0000000   0.0000000   0.0000000   0.0000000   0.0000000   0.0000000   0.0000000   0.0000000
  59.8212927   0.0000000   0.0000000   0.0000000   0.0000000   0.0000000   0.0000000   0.0000000   0.0000000   0.0000000   0.0000000
  60.1174378   0.0000000   0.0000000   0.0000000   0.0000000   0.0000000   0.0000000   0.0000000   0.0000000   0.0000000   0.0000000
  60.4135828   0.0000000   0.0000000   0.0000000   0.0000000   0.0000000   0.0000000   0.0000000   0.0000000   0.0000000   0.0000000
  60.7097278   0.0000000   0.0000000   0.0000000   0.0000000   0.0000000   0.0000000   0.0000000   0.0000000   0.0000000   0.0000000
  61.0058728   0.0000000   0.0000000   0.0000000   0.0000000   0.0000000   0.0000000   0.0000000   0.0000000   0.0000000   0.0000000
  61.3020178   0.0000000   0.0000000   0.0000000   0.0000000   0.0000000   0.0000000   0.0000000   0.0000000   0.0000000   0.0000000
  61.5981628   0.0000000   0.0000000   0.0000000   0.0000000   0.0000000   0.0000000   0.0000000   0.0000000   0.0000000   0.0000000
  61.8943078   0.0000000   0.0000000   0.0000000   0.0000000   0.0000000   0.0000000   0.0000000   0.0000000   0.0000000   0.0000000
  62.1904529   0.0000000   0.0000000   0.0000000   0.0000000   0.0000000   0.0000000   0.0000000   0.0000000   0.0000000   0.0000000
  62.4865979   0.0000000   0.0000000   0.0000000   0.0000000   0.0000000   0.0000000   0.0000000   0.0000000   0.0000000   0.0000000
  62.7827429   0.0000000   0.0000000   0.0000000   0.0000000   0.0000000   0.0000000   0.0000000   0.0000000   0.0000000   0.0000000
  63.0788879   0.0000000   0.0000000   0.0000000   0.0000000   0.0000000   0.0000000   0.0000000   0.0000000   0.0000000   0.0000000
  63.3750329   0.0000000   0.0000000   0.0000000   0.0000000   0.0000000   0.0000000   0.0000000   0.0000000   0.0000000   0.0000000
  63.6711779   0.0000000   0.0000000   0.0000000   0.0000000   0.0000000   0.0000000   0.0000000   0.0000000   0.0000000   0.0000000
  63.9673229   0.0000000   0.0000000   0.0000000   0.0000000   0.0000000   0.0000000   0.0000000   0.0000000   0.0000000   0.0000000
  64.2634680   0.0000000   0.0000000   0.0000000   0.0000000   0.0000000   0.0000000   0.0000000   0.0000000   0.0000000   0.0000000
  64.5596130   0.0000000   0.0000000   0.0000000   0.0000000   0.0000000   0.0000000   0.0000000   0.0000000   0.0000000   0.0000000
  64.8557580   0.0000000   0.0000000   0.0000000   0.0000000   0.0000000   0.0000000   0.0000000   0.0000000   0.0000000   0.0000000
  65.1519030   0.0000000   0.0000000   0.0000000   0.0000000   0.0000000   0.0000000   0.0000000   0.0000000   0.0000000   0.0000001
  65.4480480   0.0000000   0.0000000   0.0000000   0.0000000   0.0000000   0.0000000   0.0000000   0.0000001   0.0000008   0.0000029
  65.7441930   0.0000000   0.0000000   0.0000000   0.0000000   0.0000000   0.0000002   0.0000015   0.0000064   0.0000185   0.0000404
  66.0403380   0.0000000   0.0000000   0.0000000   0.0000003   0.0000045   0.0000219   0.0000607   0.0001232   0.0002066   0.0003063
  66.3364830   0.0000000   0.0000015   0.0000436   0.0001662   0.0003425   0.0005424   0.0007473   0.0009471   0.0011364   0.0013133
  66.6326281   0.0032366   0.0029504   0.0029325   0.0029814   0.0030525   0.0031306   0.0032057   0.0032750   0.0033400   0.0034036
  66.9287731   0.0061254   0.0068865   0.0069940   0.0068516   0.0066555   0.0064536   0.0062700   0.0061188   0.0060049   0.0059277
  67.2249181   0.0079727   0.0079880   0.0079910   0.0079926   0.0080098   0.0080405   0.0080767   0.0081130   0.0081457   0.0081736
  67.5210631   0.0091387   0.0092887   0.0093500   0.0095393   0.0097762   0.0100057   0.0102039   0.0103632   0.0104841   0.0105707
  67.8172081   0.0162438   0.0148093   0.0144395   0.0142138   0.0139999   0.0138084   0.0136484   0.0135198   0.0134178   0.0133368
  68.1133531   0.0153930   0.0159338   0.0162338   0.0162841   0.0162361   0.0161412   0.0160240   0.0159002   0.0157828   0.0156811
  68.4094981   0.0176257   0.0169628   0.0170251   0.0171102   0.0171717   0.0172242   0.0172831   0.0173511   0.0174248   0.0175004
  68.7056432   0.0197491   0.0188892   0.0185737   0.0185725   0.0187283   0.0189473   0.0191779   0.0194032   0.0196186   0.0198214
  69.0017882   0.0210946   0.0227992   0.0230686   0.0230107   0.0229676   0.0229973   0.0230732   0.0231705   0.0232758   0.0233810
  69.2979332   0.0213859   0.0255060   0.0271676   0.0278021   0.0279726   0.0279580   0.0278838   0.0277949   0.0276992   0.0275939
  69.5940782   0.0316557   0.0319597   0.0322780   0.0322644   0.0321706   0.0320484   0.0318753   0.0316390   0.0313457   0.0310096
  69.8902232   0.0375672   0.0366034   0.0359269   0.0352869   0.0346850   0.0341150   0.0335633   0.0330257   0.0325021   0.0319926
  70.1863682   0.0315498   0.0307206   0.0307292   0.0308282   0.0308075   0.0306699   0.0304633   0.0302224   0.0299651   0.0296996
  70.4825132   0.0264316   0.0249730   0.0246404   0.0246111   0.0247263   0.0249174   0.0251292   0.0253248   0.0254877   0.0256142
  70.7786583   0.0213374   0.0205423   0.0207077   0.0209474   0.0211365   0.0213030   0.0214786   0.0216762   0.0218929   0.0221185
  71.0748033   0.0174234   0.0190358   0.0193225   0.0193802   0.0194517   0.0195501   0.0196692   0.0198030   0.0199493   0.0201083
  71.3709483   0.0207463   0.0195946   0.0191624   0.0190699   0.0190652   0.0190778   0.0190980   0.0191292   0.0191759   0.0192422
  71.6670933   0.0215828   0.0198634   0.0191458   0.0189312   0.0188691   0.0188467   0.0188426   0.0188601   0.0189050   0.0189806
  71.9632383   0.0184738   0.0186680   0.0185788   0.0185115   0.0185454   0.0186531   0.0188113   0.0190029   0.0192162   0.0194426
  72.2593833   0.0170978   0.0182090   0.0188884   0.0194387   0.0198730   0.0202437   0.0205818   0.0208964   0.0211879   0.0214547
  72.5555283   0.0242553   0.0251164   0.0252377   0.0252243   0.0251773   0.0251399   0.0251147   0.0250948   0.0250760   0.0250580
  72.8516733   0.0298552   0.0308033   0.0307836   0.0304814   0.0301591   0.0298224   0.0294772   0.0291424   0.0288333   0.0285566
  73.1478184   0.0341028   0.0323841   0.0316924   0.0313574   0.0311581   0.0310123   0.0308829   0.0307519   0.0306107   0.0304600
  73.4439634   0.0308829   0.0299222   0.0300327   0.0303568   0.0306702   0.0309208   0.0310941   0.0312033   0.0312800   0.0313671
  73.7401084   0.0331021   0.0327740   0.0330533   0.0328587   0.0325129   0.0322395   0.0321235   0.0322262   0.0325935   0.0332323
  74.0362534   0.0232212   0.0279372   0.0302421   0.0313336   0.0321341   0.0332082   0.0347516   0.0366873   0.0388419   0.0410533
  74.3323984   0.0330480   0.0345558   0.0376349   0.0423012   0.0473359   0.0519049   0.0557280   0.0588058   0.0612336   0.0631160
  74.6285434   0.1504250   0.1333296   0.1227177   0.1154846   0.1100230   0.1057562   0.1022984   0.0993675   0.0967734   0.0943978
  74.9246884   0.1194069   0.1282135   0.1309780   0.1316158   0.1304070   0.1276026   0.1238114   0.1195725   0.1152369   0.1110048
  75.2208335   0.1244218   0.1191387   0.1151746   0.1119997   0.1097009   0.1079775   0.1064426   0.1048281   0.1030211   0.1010186
  75.5169785   0.0683360   0.0669735   0.0683963   0.0700432   0.0716141   0.0729834   0.0741557   0.0751678   0.0760225   0.0766920
  75.8131235   0.0435334   0.0435196   0.0452065   0.0465211   0.0477254   0.0490528   0.0505358   0.0521107   0.0537078   0.0552750
  76.1092685   0.0394987   0.0386333   0.0393306   0.0399238   0.0403164   0.0407187   0.0412411   0.0419230   0.0427677   0.0437548
  76.4054135   0.0378057   0.0381159   0.0381245   0.0381276   0.0381800   0.0383235   0.0385415   0.0388199   0.0391595   0.0395699
  76.7015585   0.0348722   0.0370592   0.0378300   0.0380975   0.0382860   0.0384202   0.0385031   0.0385580   0.0386109   0.0386828
  76.9977035   0.0418788   0.0409339   0.0404551   0.0399755   0.0395197   0.0391613   0.0389043   0.0387272   0.0386062   0.0385226
  77.2938486   0.0342886   0.0353245   0.0362215   0.0369112   0.0373996   0.0377238   0.0379176   0.0380114   0.0380302   0.0379925
  77.5899936   0.0376375   0.0386886   0.0386905   0.0383266   0.0379871   0.0377278   0.0375182   0.0373246   0.0371235   0.0369027
  77.8861386   0.0341459   0.0360044   0.0364057   0.0362955   0.0360622   0.0357598   0.0353970   0.0349978   0.0345875   0.0341843
  78.1822836   0.0321042   0.0306540   0.0305954   0.0304512   0.0301835   0.0298929   0.0296150   0.0293586   0.0291251   0.0289143
  78.4784286   0.0181984   0.0194081   0.0202271   0.0206945   0.0210121   0.0213036   0.0215949   0.0218797   0.0221519   0.0224090
  78.7745736   0.0123627   0.0130711   0.0139995   0.0146922   0.0152008   0.0156519   0.0161043   0.0165679   0.0170345   0.0174939
  79.0707186   0.0142821   0.0148701   0.0146098   0.0144623   0.0145009   0.0146310   0.0148053   0.0150130   0.0152531   0.0155239
  79.3668636   0.0197195   0.0178559   0.0166135   0.0159664   0.0156671   0.0155275   0.0154632   0.0154479   0.0154740   0.0155382
  79.6630087   0.0155393   0.0153012   0.0154297   0.0156739   0.0158863   0.0160249   0.0161099   0.0161631   0.0162004   0.0162336
  79.9591537   0.0197523   0.0174136   0.0172228   0.0172695   0.0172417   0.0171922   0.0171627   0.0171560   0.0171646   0.0171832
  80.2552987   0.0188271   0.0179212   0.0179664   0.0180484   0.0181247   0.0181790   0.0182140   0.0182416   0.0182734   0.0183161
  80.5514437   0.0202239   0.0200806   0.0198238   0.0195853   0.0194681   0.0194524   0.0195046   0.0195952   0.0197049   0.0198230
  80.8475887   0.0211750   0.0201315   0.0203374   0.0208231   0.0212143   0.0214885   0.0216922   0.0218585   0.0220040   0.0221357
  81.1437337   0.0282560   0.0270216   0.0261779   0.0257078   0.0254766   0.0253556   0.0252920   0.0252608   0.0252484   0.0252469
  81.4398787   0.0337990   0.0303757   0.0293409   0.0289795   0.0288507   0.0287703   0.0286853   0.0285918   0.0284929   0.0283908
  81.7360238   0.0319844   0.0317175   0.0314496   0.0313364   0.0313059   0.0312789   0.0312182   0.0311188   0.0309909   0.0308471
  82.0321688   0.0328540   0.0329221   0.0334715   0.0335011   0.0332661   0.0329896   0.0327539   0.0325704   0.0324270   0.0323069
  82.3283138   0.0264399   0.0291509   0.0308840   0.0317561   0.0322426   0.0325632   0.0327862   0.0329324   0.0330124   0.0330343
  82.6244588   0.0331144   0.0342679   0.0344335   0.0342833   0.0341271   0.0340165   0.0339264   0.0338258   0.0336983   0.0335399
  82.9206038   0.0409198   0.0367241   0.0357213   0.0353467   0.0350016   0.0345781   0.0341088   0.0336405   0.0331988   0.0327925
  83.2167488   0.0342256   0.0331907   0.0317379   0.0309038   0.0305180   0.0303014   0.0301269   0.0299546   0.0297795   0.0296068
  83.5128938   0.0232852   0.0240232   0.0237421   0.0238068   0.0240442   0.0243150   0.0245872   0.0248542   0.0251056   0.0253306
  83.8090389   0.0193784   0.0197281   0.0199763   0.0203271   0.0207039   0.0210743   0.0214241   0.0217462   0.0220410   0.0223122
  84.1051839   0.0215198   0.0218745   0.0219361   0.0217723   0.0215069   0.0212555   0.0210713   0.0209638   0.0209263   0.0209472
  84.4013289   0.0183910   0.0189759   0.0193166   0.0196491   0.0198268   0.0199186   0.0199689   0.0199995   0.0200235   0.0200491
  84.6974739   0.0163447   0.0181786   0.0186458   0.0187278   0.0188248   0.0189602   0.0191012   0.0192212   0.0193096   0.0193674
  84.9936189   0.0217782   0.0199631   0.0197032   0.0196314   0.0195259   0.0193838   0.0192317   0.0190956   0.0189848   0.0188962
  85.2897639   0.0185408   0.0192961   0.0190689   0.0186669   0.0184193   0.0182907   0.0182061   0.0181247   0.0180382   0.0179523
  85.5859089   0.0129304   0.0146046   0.0155349   0.0160844   0.0163342   0.0164158   0.0164354   0.0164470   0.0164672   0.0164959
  85.8820539   0.0153801   0.0149391   0.0145699   0.0144840   0.0145088   0.0146195   0.0147790   0.0149508   0.0151143   0.0152620
  86.1781990   0.0131056   0.0142587   0.0141908   0.0142784   0.0144317   0.0145684   0.0146700   0.0147487   0.0148198   0.0148918
  86.4743440   0.0175556   0.0169190   0.0164165   0.0160034   0.0156606   0.0153983   0.0152203   0.0151114   0.0150510   0.0150216
  86.7704890   0.0142953   0.0132695   0.0135784   0.0140735   0.0144937   0.0147885   0.0149694   0.0150639   0.0150994   0.0150985
  87.0666340   0.0167451   0.0173825   0.0168144   0.0162454   0.0158349   0.0155495   0.0153502   0.0152091   0.0151056   0.0150245
  87.3627790   0.0144181   0.0145095   0.0145421   0.0145660   0.0146012   0.0146157   0.0146058   0.0145793   0.0145440   0.0145047
  87.6589240   0.0135157   0.0128236   0.0129169   0.0131448   0.0133435   0.0134857   0.0135851   0.0136523   0.0136932   0.0137131
  87.9550690   0.0168988   0.0149921   0.0140872   0.0136414   0.0133740   0.0131986   0.0130834   0.0130101   0.0129661   0.0129423
  88.2512141   0.0136263   0.0121449   0.0117121   0.0117576   0.0118808   0.0119713   0.0120266   0.0120610   0.0120861   0.0121096
  88.5473591   0.0125919   0.0117388   0.0112716   0.0111348   0.0111348   0.0111750   0.0112327   0.0113014   0.0113761   0.0114528
  88.8435041   0.0130383   0.0116373   0.0112149   0.0110397   0.0109975   0.0110239   0.0110818   0.0111521   0.0112262   0.0113002
  89.1396491   0.0097666   0.0104957   0.0109764   0.0112942   0.0114654   0.0115460   0.0115844   0.0116037   0.0116142   0.0116216
  89.4357941   0.0138307   0.0130126   0.0127121   0.0125838   0.0124608   0.0123337   0.0122204   0.0121276   0.0120539   0.0119951
  89.7319391   0.0131066   0.0132858   0.0124745   0.0121267   0.0120522   0.0120626   0.0120832   0.0120906   0.0120808   0.0120557
  90.0280841   0.0151962   0.0128415   0.0120514   0.0119390   0.0119530   0.0119679   0.0119643   0.0119436   0.0119098   0.0118671
  90.3242292   0.0093135   0.0116822   0.0120576   0.0120209   0.0118977   0.0117509   0.0116144   0.0115031   0.0114189   0.0113590
  90.6203742   0.0096245   0.0096725   0.0099891   0.0100854   0.0101558   0.0102476   0.0103429   0.0104326   0.0105172   0.0105994
  90.9165192   0.0060839   0.0082342   0.0091478   0.0094054   0.0095437   0.0096912   0.0098577   0.0100346   0.0102120   0.0103825
  91.2126642   0.0070469   0.0093957   0.0102786   0.0106130   0.0107786   0.0108901   0.0109802   0.0110623   0.0111397   0.0112117
  91.5088092   0.0143870   0.0138502   0.0135441   0.0132820   0.0130833   0.0129439   0.0128243   0.0127063   0.0125862   0.0124653
  91.8049542   0.0107927   0.0135452   0.0142149   0.0141869   0.0140164   0.0138183   0.0136045   0.0133793   0.0131514   0.0129302
  92.1010992   0.0107981   0.0112006   0.0121172   0.0125211   0.0125633   0.0124638   0.0123358   0.0122169   0.0121142   0.0120261
  92.3972442   0.0107055   0.0093486   0.0091599   0.0093543   0.0095794   0.0098116   0.0100420   0.0102579   0.0104510   0.0106169
  92.6933893   0.0114801   0.0097359   0.0093636   0.0092401   0.0092948   0.0094516   0.0096355   0.0098111   0.0099668   0.0101001
  92.9895343   0.0077657   0.0100552   0.0111543   0.0112970   0.0111655   0.0109662   0.0107616   0.0105794   0.0104301   0.0103140
  93.2856793   0.0084786   0.0094266   0.0103620   0.0106500   0.0105951   0.0104653   0.0103336   0.0102066   0.0100832   0.0099651
  93.5818243   0.0035157   0.0063132   0.0075206   0.0081379   0.0084687   0.0086610   0.0087767   0.0088451   0.0088823   0.0088975
  93.8779693   0.0066842   0.0090632   0.0086677   0.0081947   0.0078982   0.0077605   0.0077214   0.0077340   0.0077700   0.0078134
  94.1741143   0.0066252   0.0059567   0.0060595   0.0063522   0.0066165   0.0067900   0.0068887   0.0069446   0.0069795   0.0070048
  94.4702593   0.0082806   0.0081085   0.0073739   0.0069355   0.0066946   0.0065528   0.0064650   0.0064069   0.0063646   0.0063315
  94.7664044   0.0065635   0.0062234   0.0057223   0.0056220   0.0056162   0.0056087   0.0055852   0.0055520   0.0055171   0.0054851
  95.0625494   0.0025008   0.0039350   0.0041815   0.0042788   0.0043284   0.0043605   0.0043890   0.0044160   0.0044406   0.0044623
  95.3586944   0.0023204   0.0028161   0.0031870   0.0033274   0.0033685   0.0033949   0.0034301   0.0034732   0.0035194   0.0035648
  95.6548394   0.0016593   0.0021769   0.0024456   0.0026423   0.0027623   0.0028329   0.0028766   0.0029057   0.0029270   0.0029445
  95.9509844   0.0051492   0.0036999   0.0031673   0.0028939   0.0027293   0.0026250   0.0025520   0.0024974   0.0024582   0.0024347
  96.2471294   0.0012332   0.0016396   0.0017513   0.0017738   0.0017796   0.0017782   0.0017819   0.0018000   0.0018344   0.0018824
  96.5432744   0.0000591   0.0002047   0.0004131   0.0006079   0.0008087   0.0010173   0.0012210   0.0014083   0.0015737   0.0017171
  96.8394195   0.0019803   0.0020108   0.0021341   0.0022072   0.0022436   0.0022665   0.0022861   0.0023076   0.0023339   0.0023660
  97.1355645   0.0046426   0.0043309   0.0042564   0.0040952   0.0038990   0.0037117   0.0035532   0.0034281   0.0033345   0.0032684
  97.4317095   0.0029412   0.0031194   0.0032798   0.0034229   0.0035742   0.0037020   0.0037922   0.0038492   0.0038825   0.0039006
  97.7278545   0.0053858   0.0049163   0.0047417   0.0045556   0.0044559   0.0044339   0.0044572   0.0045005   0.0045474   0.0045883
  98.0239995   0.0043265   0.0046298   0.0050981   0.0053680   0.0054970   0.0055434   0.0055470   0.0055297   0.0055031   0.0054740
  98.3201445   0.0085247   0.0072209   0.0068823   0.0067970   0.0066837   0.0065559   0.0064368   0.0063331   0.0062446   0.0061697
  98.6162895   0.0069654   0.0068502   0.0065968   0.0064665   0.0064268   0.0064280   0.0064403   0.0064507   0.0064552   0.0064537
  98.9124345   0.0043961   0.0057055   0.0060529   0.0061907   0.0063224   0.0064352   0.0065241   0.0065937   0.0066480   0.0066901
  99.2085796   0.0082090   0.0079125   0.0076611   0.0074711   0.0073330   0.0072416   0.0071829   0.0071487   0.0071344   0.0071355
  99.5047246   0.0073789   0.0071186   0.0073763   0.0075155   0.0075594   0.0075783   0.0075982   0.0076216   0.0076453   0.0076661
  99.8008696   0.0066509   0.0067529   0.0073366   0.0077392   0.0079849   0.0081377   0.0082319   0.0082841   0.0083042   0.0083000
 100.0970146   0.0106011   0.0108288   0.0104577   0.0100206   0.0096855   0.0094325   0.0092276   0.0090547   0.0089079   0.0087843
 100.3931596   0.0093747   0.0092491   0.0090402   0.0089590   0.0088936   0.0088229   0.0087516   0.0086877   0.0086358   0.0085971
 100.6893046   0.0059510   0.0063118   0.0066253   0.0069665   0.0072581   0.0075071   0.0077291   0.0079263   0.0080955   0.0082353
 100.9854496   0.0081750   0.0083833   0.0083326   0.0082521   0.0082669   0.0083310   0.0084053   0.0084764   0.0085418   0.0086008
 101.2815947   0.0106745   0.0110301   0.0108065   0.0104542   0.0101516   0.0099070   0.0097060   0.0095420   0.0094113   0.0093096
 101.5777397   0.0084503   0.0085580   0.0090666   0.0094007   0.0095620   0.0096261   0.0096359   0.0096125   0.0095698   0.0095183
 101.8738847   0.0085253   0.0087336   0.0090540   0.0092140   0.0092456   0.0092555   0.0092780   0.0093104   0.0093448   0.0093764
 102.1700297   0.0080767   0.0086274   0.0088907   0.0090334   0.0091193   0.0091789   0.0092305   0.0092852   0.0093468   0.0094143
 102.4661747   0.0099174   0.0102307   0.0098415   0.0096241   0.0095744   0.0096177   0.0096911   0.0097683   0.0098463   0.0099306
 102.7623197   0.0090198   0.0103344   0.0107672   0.0108625   0.0108697   0.0108480   0.0108424   0.0108807   0.0109667   0.0110892
 103.0584647   0.0121212   0.0115915   0.0115996   0.0117102   0.0119017   0.0121736   0.0124793   0.0127697   0.0130160   0.0132073
 103.3546097   0.0140940   0.0147934   0.0155277   0.0161141   0.0164705   0.0166273   0.0166401   0.0165540   0.0163997   0.0161977
 103.6507548   0.0262726   0.0251344   0.0239844   0.0227805   0.0216651   0.0206728   0.0197860   0.0189871   0.0182653   0.0176125
 103.9468998   0.0146393   0.0155997   0.0160219   0.0162380   0.0162739   0.0161811   0.0159938   0.0157415   0.0154503   0.0151411
 104.2430448   0.0053137   0.0070664   0.0080074   0.0086220   0.0090623   0.0094357   0.0097793   0.0100933   0.0103676   0.0105945
 104.5391898   0.0059489   0.0059785   0.0059672   0.0058743   0.0058979   0.0060525   0.0062931   0.0065793   0.0068861   0.0071969
 104.8353348   0.0050343   0.0045477   0.0047505   0.0050556   0.0052648   0.0053878   0.0054741   0.0055624   0.0056706   0.0058033
 105.1314798   0.0067089   0.0067372   0.0062427   0.0058464   0.0056319   0.0055303   0.0054817   0.0054572   0.0054470   0.0054511
 105.4276248   0.0038019   0.0050259   0.0053102   0.0053222   0.0053329   0.0053348   0.0053186   0.0052928   0.0052669   0.0052460
 105.7237699   0.0040081   0.0044899   0.0048227   0.0049140   0.0049122   0.0049030   0.0049084   0.0049236   0.0049403   0.0049543
 106.0199149   0.0038957   0.0037299   0.0039854   0.0042907   0.0044848   0.0045939   0.0046535   0.0046879   0.0047123   0.0047350
 106.3160599   0.0067200   0.0061438   0.0055317   0.0051336   0.0048740   0.0047250   0.0046550   0.0046363   0.0046488   0.0046791
 106.6122049   0.0024712   0.0031272   0.0035352   0.0039032   0.0042063   0.0044382   0.0046091   0.0047331   0.0048230   0.0048892
 106.9083499   0.0039565   0.0057554   0.0059136   0.0058302   0.0057309   0.0056356   0.0055570   0.0054980   0.0054557   0.0054263
 107.2044949   0.0096939   0.0075742   0.0067574   0.0064389   0.0062550   0.0061275   0.0060298   0.0059511   0.0058872   0.0058357
 107.5006399   0.0044519   0.0049371   0.0051381   0.0053619   0.0055726   0.0057324   0.0058430   0.0059149   0.0059569   0.0059759
 107.7967850   0.0077459   0.0069049   0.0066791   0.0064883   0.0063466   0.0062570   0.0062023   0.0061671   0.0061419   0.0061219
 108.0929300   0.0047993   0.0059548   0.0063139   0.0063951   0.0063932   0.0063483   0.0062879   0.0062310   0.0061865   0.0061558
 108.3890750   0.0060255   0.0058502   0.0057260   0.0057020   0.0057384   0.0058080   0.0058874   0.0059613   0.0060221   0.0060672
 108.6852200   0.0059227   0.0059066   0.0058976   0.0059483   0.0060110   0.0060751   0.0061246   0.0061545   0.0061692   0.0061750
 108.9813650   0.0056233   0.0065456   0.0070609   0.0071064   0.0069550   0.0067537   0.0065751   0.0064411   0.0063501   0.0062935
 109.2775100   0.0065034   0.0052199   0.0051900   0.0054085   0.0056249   0.0058084   0.0059554   0.0060688   0.0061539   0.0062171
 109.5736550   0.0072887   0.0070573   0.0064940   0.0062051   0.0061438   0.0061879   0.0062622   0.0063347   0.0063955   0.0064434
 109.8698000   0.0078497   0.0077668   0.0077628   0.0076775   0.0075303   0.0073573   0.0071963   0.0070668   0.0069722   0.0069080
 110.1659451   0.0058571   0.0062693   0.0065490   0.0067780   0.0069218   0.0070118   0.0070677   0.0070991   0.0071133   0.0071165
 110.4620901   0.0068482   0.0071419   0.0071352   0.0070852   0.0070725   0.0071031   0.0071587   0.0072180   0.0072675   0.0073012
 110.7582351   0.0075971   0.0075098   0.0076368   0.0077635   0.0078247   0.0078207   0.0077750   0.0077127   0.0076503   0.0075952
 111.0543801   0.0087208   0.0092820   0.0088715   0.0084486   0.0081493   0.0079462   0.0078069   0.0077102   0.0076410   0.0075895
 111.3505251   0.0059093   0.0060243   0.0061701   0.0064022   0.0066661   0.0068984   0.0070730   0.0071939   0.0072741   0.0073251
 111.6466701   0.0071865   0.0076009   0.0076901   0.0076047   0.0074610   0.0073472   0.0072836   0.0072569   0.0072497   0.0072505
 111.9428151   0.0045537   0.0059463   0.0067197   0.0071386   0.0073213   0.0073654   0.0073403   0.0072897   0.0072380   0.0071965
 112.2389602   0.0081771   0.0081077   0.0076453   0.0072689   0.0070342   0.0069304   0.0069035   0.0069121   0.0069360   0.0069675
 112.5351052   0.0042893   0.0049181   0.0055433   0.0059768   0.0062617   0.0064596   0.0066138   0.0067476   0.0068699   0.0069825
 112.8312502   0.0064486   0.0070513   0.0071989   0.0072900   0.0073551   0.0074171   0.0074832   0.0075500   0.0076138   0.0076732
 113.1273952   0.0093181   0.0100696   0.0096909   0.0093817   0.0091921   0.0090591   0.0089500   0.0088588   0.0087856   0.0087281
 113.4235402   0.0099934   0.0099306   0.0098730   0.0097664   0.0097091   0.0096780   0.0096491   0.0096096   0.0095555   0.0094890
 113.7196852   0.0080756   0.0094022   0.0095604   0.0097862   0.0099373   0.0099798   0.0099548   0.0098980   0.0098286   0.0097551
 114.0158302   0.0158746   0.0126389   0.0111189   0.0104220   0.0100400   0.0098167   0.0096874   0.0096119   0.0095638   0.0095273
 114.3119753   0.0087868   0.0077340   0.0077360   0.0080316   0.0083865   0.0086705   0.0088615   0.0089778   0.0090440   0.0090794
 114.6081203   0.0106862   0.0103599   0.0099660   0.0096290   0.0093117   0.0090590   0.0088923   0.0087979   0.0087517   0.0087341
 114.9042653   0.0076795   0.0069052   0.0072554   0.0076441   0.0079444   0.0081419   0.0082576   0.0083216   0.0083588   0.0083849
 115.2004103   0.0101780   0.0091610   0.0087517   0.0083997   0.0081797   0.0080897   0.0080796   0.0081065   0.0081462   0.0081887
 115.4965553   0.0061259   0.0065778   0.0074073   0.0078934   0.0081065   0.0081871   0.0082134   0.0082260   0.0082440   0.0082745
 115.7927003   0.0059633   0.0075576   0.0082610   0.0084106   0.0084126   0.0084163   0.0084492   0.0085061   0.0085778   0.0086576
 116.0888453   0.0075216   0.0084159   0.0087686   0.0088559   0.0089650   0.0091098   0.0092547   0.0093855   0.0095002   0.0095993
 116.3849903   0.0094463   0.0110463   0.0113257   0.0113077   0.0112566   0.0112191   0.0111891   0.0111599   0.0111282   0.0110932
 116.6811354   0.0150215   0.0128685   0.0131525   0.0132768   0.0131974   0.0130410   0.0128590   0.0126736   0.0124975   0.0123383
 116.9772804   0.0095498   0.0121633   0.0130395   0.0131500   0.0130727   0.0129675   0.0128706   0.0127905   0.0127265   0.0126733
 117.2734254   0.0100254   0.0107857   0.0113337   0.0115699   0.0117533   0.0119809   0.0122150   0.0124190   0.0125795   0.0126960
 117.5695704   0.0073373   0.0108298   0.0123660   0.0130439   0.0132547   0.0132903   0.0132803   0.0132601   0.0132350   0.0132053
 117.8657154   0.0134101   0.0144019   0.0146820   0.0147832   0.0146570   0.0144193   0.0141484   0.0138909   0.0136695   0.0134906
 118.1618604   0.0138554   0.0150129   0.0141959   0.0133334   0.0129120   0.0127807   0.0127764   0.0128110   0.0128466   0.0128715
 118.4580054   0.0085869   0.0089037   0.0094844   0.0102395   0.0109248   0.0114241   0.0117654   0.0120084   0.0121920   0.0123358
 118.7541505   0.0198253   0.0166314   0.0150442   0.0140239   0.0133559   0.0129437   0.0127105   0.0125927   0.0125446   0.0125382
 119.0502955   0.0100983   0.0111845   0.0116461   0.0121384   0.0125298   0.0127632   0.0128682   0.0128966   0.0128911   0.0128779
 119.3464405   0.0114195   0.0138158   0.0138512   0.0135645   0.0133228   0.0131741   0.0131137   0.0131119   0.0131361   0.0131643
 119.6425855   0.0159389   0.0128800   0.0126076   0.0128279   0.0130982   0.0133244   0.0134744   0.0135547   0.0135882   0.0135965
 119.9387305   0.0133686   0.0153829   0.0155396   0.0153099   0.0149632   0.0146339   0.0143766   0.0141950   0.0140763   0.0140054
 120.2348755   0.0123793   0.0119495   0.0126221   0.0131754   0.0134971   0.0137008   0.0138545   0.0139846   0.0140967   0.0141904
 120.5310205   0.0115241   0.0132473   0.0135854   0.0136719   0.0138913   0.0141831   0.0144471   0.0146453   0.0147801   0.0148677
 120.8271656   0.0186664   0.0188438   0.0188372   0.0183011   0.0176542   0.0170756   0.0166179   0.0162832   0.0160532   0.0159029
 121.1233106   0.0122299   0.0128351   0.0139982   0.0149702   0.0155678   0.0159150   0.0161222   0.0162455   0.0163134   0.0163443
 121.4194556   0.0172907   0.0173141   0.0165763   0.0162467   0.0162478   0.0163792   0.0165337   0.0166659   0.0167620   0.0168220
 121.7156006   0.0286669   0.0226407   0.0204436   0.0194133   0.0188060   0.0183742   0.0180431   0.0177923   0.0176102   0.0174829
 122.0117456   0.0144711   0.0160185   0.0164016   0.0168603   0.0172059   0.0174078   0.0175168   0.0175699   0.0175884   0.0175869
 122.3078906   0.0170270   0.0168337   0.0169263   0.0170293   0.0171222   0.0172248   0.0173358   0.0174423   0.0175365   0.0176169
 122.6040356   0.0174659   0.0187718   0.0186963   0.0185031   0.0183181   0.0181756   0.0180863   0.0180485   0.0180551   0.0180963
 122.9001806   0.0189345   0.0177162   0.0176806   0.0179646   0.0182446   0.0184648   0.0186386   0.0187836   0.0189086   0.0190181
 123.1963257   0.0208941   0.0213415   0.0207652   0.0203907   0.0203027   0.0203484   0.0204248   0.0204924   0.0205430   0.0205796
 123.4924707   0.0233656   0.0237753   0.0238732   0.0235884   0.0232926   0.0230158   0.0227734   0.0225772   0.0224293   0.0223257
 123.7886157   0.0239153   0.0227148   0.0227406   0.0230646   0.0232903   0.0234200   0.0234985   0.0235557   0.0236076   0.0236664
 124.0847607   0.0228115   0.0248190   0.0244944   0.0242593   0.0242924   0.0244681   0.0246983   0.0249467   0.0252200   0.0255417
 124.3809057   0.0309065   0.0285415   0.0278084   0.0278199   0.0278876   0.0279614   0.0281642   0.0285854   0.0292252   0.0300229
 124.6770507   0.0334043   0.0324651   0.0316806   0.0318766   0.0328200   0.0343429   0.0360857   0.0377525   0.0391988   0.0403850
 124.9731957   0.0416907   0.0449546   0.0517793   0.0560366   0.0579540   0.0585799   0.0585341   0.0581302   0.0575328   0.0568325
 125.2693408   0.0847625   0.0913041   0.0919917   0.0885691   0.0842843   0.0801906   0.0765629   0.0734148   0.0706722   0.0682446
 125.5654858   0.0677614   0.0664341   0.0656536   0.0658056   0.0666165   0.0673803   0.0676399   0.0673035   0.0664604   0.0652472
 125.8616308   0.0560017   0.0563502   0.0557161   0.0552798   0.0549036   0.0544804   0.0540294   0.0535606   0.0530445   0.0524474
 126.1577758   0.0413217   0.0412746   0.0404144   0.0392180   0.0380164   0.0369706   0.0361504   0.0355658   0.0351954   0.0349984
 126.4539208   0.0036654   0.0049148   0.0068382   0.0087947   0.0106055   0.0122373   0.0136828   0.0149569   0.0160911   0.0171224
 126.7500658   0.0000000   0.0000015   0.0000365   0.0002070   0.0006171   0.0012932   0.0021918   0.0032450   0.0043893   0.0055758
 127.0462108   0.0000004   0.0000070   0.0000257   0.0000706   0.0001541   0.0002961   0.0005282   0.0008794   0.0013628   0.0019726
 127.3423559   0.0010281   0.0011447   0.0013226   0.0015760   0.0018459   0.0021147   0.0023787   0.0026398   0.0029067   0.0031936
 127.6385009   0.0070078   0.0069296   0.0066919   0.0066228   0.0065961   0.0065781   0.0065675   0.0065623   0.0065594   0.0065586
 127.9346459   0.0129133   0.0122275   0.0116816   0.0114075   0.0111926   0.0109666   0.0107210   0.0104643   0.0102073   0.0099584
 128.2307909   0.0135826   0.0138832   0.0135842   0.0132909   0.0130384   0.0127950   0.0125493   0.0123012   0.0120526   0.0118059
 128.5269359   0.0116874   0.0117005   0.0118955   0.0120126   0.0120820   0.0121245   0.0121439   0.0121378   0.0121040   0.0120424
 128.8230809   0.0106946   0.0107419   0.0110965   0.0113257   0.0114572   0.0115446   0.0116084   0.0116530   0.0116786   0.0116848
 129.1192259   0.0114029   0.0119100   0.0119220   0.0117874   0.0116451   0.0115215   0.0114203   0.0113405   0.0112790   0.0112310
 129.4153709   0.0114690   0.0108629   0.0106424   0.0105733   0.0105690   0.0105763   0.0105749   0.0105631   0.0105442   0.0105211
 129.7115160   0.0103278   0.0097564   0.0095879   0.0095281   0.0095344   0.0095646   0.0095967   0.0096221   0.0096377   0.0096435
 130.0076610   0.0090807   0.0088737   0.0089008   0.0089198   0.0089001   0.0088613   0.0088216   0.0087886   0.0087637   0.0087456
 130.3038060   0.0074926   0.0076678   0.0077246   0.0077605   0.0077757   0.0077773   0.0077737   0.0077688   0.0077647   0.0077623
 130.5999510   0.0075019   0.0068594   0.0066628   0.0066111   0.0066160   0.0066448   0.0066813   0.0067175   0.0067504   0.0067797
 130.8960960   0.0059202   0.0058902   0.0058463   0.0058542   0.0058763   0.0058932   0.0059074   0.0059241   0.0059461   0.0059734
 131.1922410   0.0060087   0.0055643   0.0054011   0.0053234   0.0052909   0.0052850   0.0052958   0.0053174   0.0053463   0.0053803
 131.4883860   0.0044874   0.0045245   0.0046121   0.0046968   0.0047769   0.0048460   0.0049044   0.0049547   0.0049989   0.0050388
 131.7845311   0.0050745   0.0050514   0.0050336   0.0050007   0.0049731   0.0049549   0.0049440   0.0049383   0.0049376   0.0049427
 132.0806761   0.0050319   0.0050446   0.0050591   0.0050549   0.0050210   0.0049796   0.0049458   0.0049254   0.0049194   0.0049269
 132.3768211   0.0039169   0.0042985   0.0044128   0.0045164   0.0046180   0.0047149   0.0048056   0.0048898   0.0049692   0.0050466
 132.6729661   0.0055500   0.0053550   0.0052793   0.0052651   0.0052885   0.0053364   0.0054034   0.0054862   0.0055803   0.0056805
 132.9691111   0.0070784   0.0066948   0.0066148   0.0066145   0.0066527   0.0067138   0.0067857   0.0068590   0.0069263   0.0069826
 133.2652561   0.0079562   0.0084306   0.0086419   0.0087635   0.0088278   0.0088454   0.0088213   0.0087607   0.0086707   0.0085590
 133.5614011   0.0115488   0.0115638   0.0114651   0.0112237   0.0109007   0.0105551   0.0102147   0.0098893   0.0095802   0.0092862
 133.8575462   0.0089040   0.0090969   0.0091236   0.0090759   0.0089938   0.0088793   0.0087324   0.0085585   0.0083656   0.0081618
 134.1536912   0.0056152   0.0055384   0.0055002   0.0055000   0.0055356   0.0055802   0.0056186   0.0056450   0.0056571   0.0056545
 134.4498362   0.0028389   0.0026936   0.0025964   0.0025572   0.0025726   0.0026251   0.0027044   0.0028032   0.0029144   0.0030306
 134.7459812   0.0000000   0.0000182   0.0001191   0.0002667   0.0004227   0.0005762   0.0007265   0.0008747   0.0010224   0.0011704
 135.0421262   0.0000000   0.0000000   0.0000000   0.0000011   0.0000094   0.0000333   0.0000756   0.0001349   0.0002082   0.0002929
 135.3382712   0.0000000   0.0000000   0.0000000   0.0000000   0.0000000   0.0000004   0.0000024   0.0000087   0.0000217   0.0000433
 135.6344162   0.0000000   0.0000000   0.0000000   0.0000000   0.0000000   0.0000000   0.0000000   0.0000002   0.0000011   0.0000036
 135.9305612   0.0000000   0.0000000   0.0000000   0.0000000   0.0000000   0.0000000   0.0000000   0.0000000   0.0000000   0.0000002
 136.2267063   0.0000000   0.0000000   0.0000000   0.0000000   0.0000000   0.0000000   0.0000000   0.0000000   0.0000000   0.0000000
 136.5228513   0.0000000   0.0000000   0.0000000   0.0000000   0.0000000   0.0000000   0.0000000   0.0000000   0.0000000   0.0000000
 136.8189963   0.0000000   0.0000000   0.0000000   0.0000000   0.0000000   0.0000000   0.0000000   0.0000000   0.0000000   0.0000000
 137.1151413   0.0000000   0.0000000   0.0000000   0.0000000   0.0000000   0.0000000   0.0000000   0.0000000   0.0000000   0.0000000
 137.4112863   0.0000000   0.0000000   0.0000000   0.0000000   0.0000000   0.0000000   0.0000000   0.0000000   0.0000000   0.0000000
 137.7074313   0.0000000   0.0000000   0.0000000   0.0000000   0.0000000   0.0000000   0.0000000   0.0000000   0.0000000   0.0000000
 138.0035763   0.0000000   0.0000000   0.0000000   0.0000000   0.0000000   0.0000000   0.0000000   0.0000000   0.0000000   0.0000000
 138.2997214   0.0000000   0.0000000   0.0000000   0.0000000   0.0000000   0.0000000   0.0000000   0.0000000   0.0000000   0.0000000
 138.5958664   0.0000000   0.0000000   0.0000000   0.0000000   0.0000000   0.0000000   0.0000000   0.0000000   0.0000000   0.0000000
 138.8920114   0.0000000   0.0000000   0.0000000   0.0000000   0.0000000   0.0000000   0.0000000   0.0000000   0.0000000   0.0000000
 139.1881564   0.0000000   0.0000000   0.0000000   0.0000000   0.0000000   0.0000000   0.0000000   0.0000000   0.0000000   0.0000000
 139.4843014   0.0000000   0.0000000   0.0000000   0.0000000   0.0000000   0.0000000   0.0000000   0.0000000   0.0000000   0.0000000
 139.7804464   0.0000000   0.0000000   0.0000000   0.0000000   0.0000000   0.0000000   0.0000000   0.0000000   0.0000000   0.0000000
 140.0765914   0.0000000   0.0000000   0.0000000   0.0000000   0.0000000   0.0000000   0.0000000   0.0000000   0.0000000   0.0000000
 140.3727365   0.0000000   0.0000000   0.0000000   0.0000000   0.0000000   0.0000000   0.0000000   0.0000000   0.0000000   0.0000000
 140.6688815   0.0000000   0.0000000   0.0000000   0.0000000   0.0000000   0.0000000   0.0000000   0.0000000   0.0000000   0.0000000
 140.9650265   0.0000000   0.0000000   0.0000000   0.0000000   0.0000000   0.0000000   0.0000000   0.0000000   0.0000000   0.0000000
 141.2611715   0.0000000   0.0000000   0.0000000   0.0000000   0.0000000   0.0000000   0.0000000   0.0000000   0.0000000   0.0000000
 141.5573165   0.0000000   0.0000000   0.0000000   0.0000000   0.0000000   0.0000000   0.0000000   0.0000000   0.0000000   0.0000000
 141.8534615   0.0000000   0.0000000   0.0000000   0.0000000   0.0000000   0.0000000   0.0000000   0.0000000   0.0000000   0.0000000
 142.1496065   0.0000000   0.0000000   0.0000000   0.0000000   0.0000000   0.0000000   0.0000000   0.0000000   0.0000000   0.0000000
 142.4457515   0.0000000   0.0000000   0.0000000   0.0000000   0.0000000   0.0000000   0.0000000   0.0000000   0.0000000   0.0000000
 142.7418966   0.0000000   0.0000000   0.0000000   0.0000000   0.0000000   0.0000000   0.0000000   0.0000000   0.0000000   0.0000000
 143.0380416   0.0000000   0.0000000   0.0000000   0.0000000   0.0000000   0.0000000   0.0000000   0.0000000   0.0000000   0.0000000
 143.3341866   0.0000000   0.0000000   0.0000000   0.0000000   0.0000000   0.0000000   0.0000000   0.0000000   0.0000000   0.0000000
 143.6303316   0.0000000   0.0000000   0.0000000   0.0000000   0.0000000   0.0000000   0.0000000   0.0000000   0.0000000   0.0000000
 143.9264766   0.0000000   0.0000000   0.0000000   0.0000000   0.0000000   0.0000000   0.0000000   0.0000000   0.0000000   0.0000000
 144.2226216   0.0000000   0.0000000   0.0000000   0.0000000   0.0000000   0.0000000   0.0000000   0.0000000   0.0000000   0.0000000
 144.5187666   0.0000000   0.0000000   0.0000000   0.0000000   0.0000000   0.0000000   0.0000000   0.0000000   0.0000000   0.0000000
 144.8149117   0.0000000   0.0000000   0.0000000   0.0000000   0.0000000   0.0000000   0.0000000   0.0000000   0.0000000   0.0000000
 145.1110567   0.0000000   0.0000000   0.0000000   0.0000000   0.0000000   0.0000000   0.0000000   0.0000000   0.0000000   0.0000000
 145.4072017   0.0000000   0.0000000   0.0000000   0.0000000   0.0000000   0.0000000   0.0000000   0.0000000   0.0000000   0.0000000
 145.7033467   0.0000000   0.0000000   0.0000000   0.0000000   0.0000000   0.0000000   0.0000000   0.0000000   0.0000000   0.0000000
 145.9994917   0.0000000   0.0000000   0.0000000   0.0000000   0.0000000   0.0000000   0.0000000   0.0000000   0.0000000   0.0000000
 146.2956367   0.0000000   0.0000000   0.0000000   0.0000000   0.0000000   0.0000000   0.0000000   0.0000000   0.0000000   0.0000000
 146.5917817   0.0000000   0.0000000   0.0000000   0.0000000   0.0000000   0.0000000   0.0000000   0.0000000   0.0000000   0.0000000
 146.8879268   0.0000000   0.0000000   0.0000000   0.0000000   0.0000000   0.0000000   0.0000000   0.0000000   0.0000000   0.0000000
 147.1840718   0.0000000   0.0000000   0.0000000   0.0000000   0.0000000   0.0000000   0.0000000   0.0000000   0.0000000   0.0000000
 147.4802168   0.0000000   0.0000000   0.0000000   0.0000000   0.0000000   0.0000000   0.0000000   0.0000000   0.0000000   0.0000000
 147.7763618   0.0000000   0.0000000   0.0000000   0.0000000   0.0000000   0.0000000   0.0000000   0.0000000   0.0000000   0.0000000
 148.0725068   0.0000000   0.0000000   0.0000000   0.0000000   0.0000000   0.0000000   0.0000000   0.0000000   0.0000000   0.0000000