   0.2961450   0.0000000   0.0000000   0.0000045   0.0000527   0.0001839   0.0003884   0.0006375   0.0009080   0.0011856   0.0014623
   0.5922900   0.0007607   0.0016779   0.0022872   0.0027477   0.0031149   0.0034292   0.0037105   0.0039686   0.0042101   0.0044400
   0.8884350   0.0101839   0.0098410   0.0097412   0.0095944   0.0093875   0.0091911   0.0090422   0.0089461   0.0088964   0.0088856
   1.1845801   0.0140972   0.0139108   0.0137185   0.0136700   0.0136889   0.0136907   0.0136575   0.0136025   0.0135428   0.0134904
   1.4807251   0.0196112   0.0190764   0.0183169   0.0179047   0.0177434   0.0177115   0.0177352   0.0177760   0.0178165   0.0178505
   1.7768701   0.0221630   0.0211393   0.0213666   0.0217491   0.0219838   0.0221158   0.0222015   0.0222687   0.0223299   0.0223914
   2.0730151   0.0251742   0.0266182   0.0271414   0.0272906   0.0272959   0.0272580   0.0272356   0.0272479   0.0272923   0.0273593
   2.3691601   0.0336343   0.0329262   0.0324354   0.0321665   0.0321722   0.0323141   0.0324843   0.0326383   0.0327651   0.0328672
   2.6653051   0.0403168   0.0392485   0.0390992   0.0390876   0.0390923   0.0390794   0.0390450   0.0390001   0.0389555   0.0389169
   2.9614501   0.0437791   0.0456280   0.0459911   0.0459157   0.0456840   0.0454179   0.0451863   0.0450063   0.0448723   0.0447747
   3.2575951   0.0505300   0.0490514   0.0487479   0.0490102   0.0493491   0.0496418   0.0498598   0.0500104   0.0501154   0.0501962
   3.5537402   0.0582357   0.0575124   0.0567068   0.0561716   0.0558674   0.0557254   0.0557109   0.0557885   0.0559232   0.0560882
   3.8498852   0.0603708   0.0604000   0.0607373   0.0612402   0.0617507   0.0621662   0.0624835   0.0627378   0.0629605   0.0631698
   4.1460302   0.0746488   0.0733409   0.0726547   0.0720202   0.0716184   0.0714376   0.0713988   0.0714355   0.0715096   0.0716037
   4.4421752   0.0759375   0.0778769   0.0794596   0.0802662   0.0806554   0.0807908   0.0808043   0.0807816   0.0807629   0.0807600
   4.7383202   0.0940911   0.0918118   0.0908332   0.0903097   0.0900438   0.0899595   0.0899665   0.0899955   0.0900134   0.0900119
   5.0344652   0.1010554   0.0993251   0.0990036   0.0992022   0.0993775   0.0994311   0.0993991   0.0993238   0.0992310   0.0991334
   5.3306102   0.1101114   0.1102608   0.1094162   0.1089078   0.1085709   0.1082959   0.1080679   0.1078835   0.1077339   0.1076082
   5.6267553   0.1177496   0.1162229   0.1152185   0.1149222   0.1149360   0.1150634   0.1151996   0.1152966   0.1153459   0.1153561
   5.9229003   0.1222854   0.1216961   0.1221884   0.1227844   0.1230549   0.1230996   0.1230652   0.1230221   0.1229918   0.1229773
   6.2190453   0.1333948   0.1324732   0.1314778   0.1310529   0.1308062   0.1306455   0.1305593   0.1305317   0.1305490   0.1306005
   6.5151903   0.1438641   0.1386999   0.1372336   0.1370289   0.1372784   0.1376228   0.1379557   0.1382540   0.1385157   0.1387458
   6.8113353   0.1490407   0.1494483   0.1482755   0.1477690   0.1477452   0.1478322   0.1479244   0.1480183   0.1481245   0.1482486
   7.1074803   0.1689842   0.1634889   0.1610218   0.1598919   0.1593063   0.1589530   0.1587513   0.1586631   0.1586558   0.1587027
   7.4036253   0.1695753   0.1668565   0.1664561   0.1671783   0.1679970   0.1686279   0.1690738   0.1693793   0.1695826   0.1697132
   7.6997704   0.1901216   0.1858238   0.1840817   0.1831123   0.1824928   0.1820750   0.1817835   0.1815666   0.1813876   0.1812209
   7.9959154   0.1930699   0.1930666   0.1934332   0.1934180   0.1932609   0.1930182   0.1927144   0.1923676   0.1919902   0.1915889
   8.2920604   0.1966780   0.1991259   0.2001666   0.2006260   0.2007489   0.2006598   0.2004261   0.2000808   0.1996488   0.1991548
   8.5882054   0.2092146   0.2087941   0.2076357   0.2068160   0.2060718   0.2053781   0.2047460   0.2041738   0.2036492   0.2031566
   8.8843504   0.2063470   0.2045485   0.2038297   0.2037293   0.2038452   0.2039921   0.2040917   0.2041222   0.2040955   0.2040344
   9.1804954   0.2033411   0.2020860   0.2024142   0.2028297   0.2031128   0.2033114   0.2035127   0.2037616   0.2040627   0.2044036
   9.4766404   0.2035916   0.2048467   0.2045894   0.2043419   0.2044575   0.2048204   0.2053259   0.2059155   0.2065523   0.2072059
   9.7727854   0.2091398   0.2098914   0.2100450   0.2105422   0.2112019   0.2119249   0.2126289   0.2132653   0.2138159   0.2142830
  10.0689305   0.2250497   0.2250125   0.2260444   0.2264288   0.2263201   0.2259310   0.2254212   0.2248904   0.2243929   0.2239544
  10.3650755   0.2413003   0.2399436   0.2386866   0.2371635   0.2357310   0.2344977   0.2334622   0.2325876   0.2318409   0.2312013
  10.6612205   0.2285212   0.2292562   0.2300148   0.2312621   0.2324697   0.2334133   0.2340664   0.2344871   0.2347409   0.2348782
  10.9573655   0.2422194   0.2408641   0.2396440   0.2384934   0.2378741   0.2377169   0.2378600   0.2381614   0.2385234   0.2388866
  11.2535105   0.2412806   0.2410102   0.2420389   0.2432969   0.2440823   0.2444839   0.2446883   0.2448216   0.2449462   0.2450838
  11.5496555   0.2534166   0.2548209   0.2540560   0.2534209   0.2530108   0.2527618   0.2526053   0.2524890   0.2523876   0.2522948
  11.8458005   0.2611929   0.2607956   0.2605607   0.2601918   0.2599338   0.2597385   0.2595520   0.2593583   0.2591608   0.2589668
  12.1419456   0.2639653   0.2630351   0.2638586   0.2645176   0.2647756   0.2648053   0.2647362   0.2646328   0.2645259   0.2644318
  12.4380906   0.2657746   0.2688606   0.2693192   0.2691682   0.2689911   0.2689102   0.2689374   0.2690504   0.2692208   0.2694252
  12.7342356   0.2729125   0.2723672   0.2721888   0.2724856   0.2730794   0.2737448   0.2743682   0.2749292   0.2754366   0.2758999
  13.0303806   0.2865208   0.2863329   0.2854621   0.2849180   0.2846607   0.2845972   0.2846617   0.2848031   0.2849804   0.2851651
  13.3265256   0.2974161   0.2951897   0.2958453   0.2963614   0.2965811   0.2965624   0.2963973   0.2961523   0.2958731   0.2955889
  13.6226706   0.3108816   0.3093026   0.3083056   0.3076828   0.3070148   0.3063621   0.3057618   0.3052100   0.3046943   0.3042052
  13.9188156   0.3061142   0.3093866   0.3100320   0.3102108   0.3103032   0.3103394   0.3102980   0.3101741   0.3099821   0.3097423
  14.2149607   0.3093400   0.3123591   0.3131164   0.3134321   0.3135219   0.3135160   0.3134934   0.3134800   0.3134762   0.3134795
  14.5111057   0.3142273   0.3172296   0.3166966   0.3164303   0.3164088   0.3164845   0.3166028   0.3167698   0.3170002   0.3173005
  14.8072507   0.3228656   0.3218849   0.3210545   0.3205075   0.3204828   0.3208220   0.3213658   0.3220309   0.3227825   0.3236038
  15.1033957   0.3259435   0.3253704   0.3272241   0.3289554   0.3302485   0.3313346   0.3323903   0.3334824   0.3346134   0.3357631
  15.3995407   0.3450774   0.3493379   0.3506515   0.3513315   0.3519246   0.3526082   0.3533535   0.3541025   0.3548304   0.3555397
  15.6956857   0.3785954   0.3824350   0.3828022   0.3825639   0.3821067   0.3815524   0.3810041   0.3805374   0.3801906   0.3799625
  15.9918307   0.4175616   0.4099749   0.4073023   0.4063339   0.4056857   0.4051606   0.4047556   0.4044057   0.4040169   0.4035153
  16.2879757   0.4229723   0.4227500   0.4219490   0.4228050   0.4241730   0.4251481   0.4254358   0.4250400   0.4240698   0.4226556
  16.5841208   0.4747602   0.4662449   0.4597621   0.4542132   0.4492905   0.4448107   0.4406992   0.4369044   0.4333795   0.4300848
  16.8802658   0.4242495   0.4243942   0.4256047   0.4261631   0.4257093   0.4244463   0.4227375   0.4208522   0.4189426   0.4170841
  17.1764108   0.3807548   0.3807284   0.3809123   0.3817896   0.3834519   0.3854885   0.3875548   0.3894365   0.3910390   0.3923493
  17.4725558   0.3754355   0.3662969   0.3645198   0.3646988   0.3656583   0.3669942   0.3685897   0.3704020   0.3723683   0.3743969
  17.7687008   0.3687403   0.3658047   0.3648835   0.3648566   0.3651565   0.3656958   0.3664752   0.3674413   0.3685261   0.3696772
  18.0648458   0.3682722   0.3691438   0.3701229   0.3714636   0.3726233   0.3732863   0.3734941   0.3733944   0.3731267   0.3727984
  18.3609908   0.4023009   0.3985010   0.3926269   0.3877573   0.3840781   0.3812187   0.3788963   0.3769481   0.3752819   0.3738412
  18.6571359   0.3597272   0.3627570   0.3643066   0.3659601   0.3671087   0.3676503   0.3677451   0.3675532   0.3671777   0.3666796
  18.9532809   0.3515242   0.3514634   0.3513674   0.3519283   0.3526369   0.3534215   0.3541929   0.3548478   0.3553270   0.3556185
  19.2494259   0.3524705   0.3499891   0.3490447   0.3482767   0.3474502   0.3467008   0.3461024   0.3456723   0.3454011   0.3452601
  19.5455709   0.3300240   0.3319261   0.3334337   0.3342997   0.3346182   0.3346699   0.3346314   0.3345880   0.3345835   0.3346429
  19.8417159   0.3192829   0.3198101   0.3203592   0.3208182   0.3213918   0.3220784   0.3228147   0.3235492   0.3242651   0.3249702
  20.1378609   0.3195532   0.3172895   0.3163496   0.3163429   0.3166140   0.3170155   0.3175508   0.3182348   0.3190658   0.3200300
  20.4340059   0.3151882   0.3173989   0.3168467   0.3168562   0.3173121   0.3180040   0.3188577   0.3198641   0.3210211   0.3223176
  20.7301510   0.3237229   0.3249489   0.3258277   0.3263129   0.3271510   0.3283004   0.3296332   0.3310688   0.3325570   0.3340674
  21.0262960   0.3418440   0.3471015   0.3494516   0.3507596   0.3517828   0.3526897   0.3535267   0.3543271   0.3551060   0.3558670
  21.3224410   0.3884216   0.3879509   0.3880260   0.3872303   0.3862100   0.3853112   0.3845289   0.3838211   0.3831756   0.3825993
  21.6185860   0.3959769   0.4064257   0.4108097   0.4116980   0.4113137   0.4104336   0.4093550   0.4082258   0.4071218   0.4060716
  21.9147310   0.4239950   0.4232732   0.4242478   0.4245125   0.4243332   0.4241494   0.4240070   0.4238137   0.4234847   0.4229751
  22.2108760   0.4331336   0.4316156   0.4330661   0.4346038   0.4357797   0.4364626   0.4366784   0.4364856   0.4359483   0.4351315
  22.5070210   0.4758341   0.4641644   0.4583580   0.4545906   0.4516272   0.4489816   0.4465230   0.4442523   0.4421829   0.4403094
  22.8031660   0.4451801   0.4446987   0.4418763   0.4397958   0.4384686   0.4374333   0.4365311   0.4357206   0.4349843   0.4343095
  23.0993111   0.4080795   0.4066934   0.4083652   0.4114676   0.4145454   0.4172309   0.4194987   0.4213860   0.4229368   0.4242006
  23.3954561   0.4222654   0.4222751   0.4206757   0.4193009   0.4184298   0.4181527   0.4183762   0.4189597   0.4197935   0.4207995
  23.6916011   0.4118781   0.4184019   0.4210769   0.4225229   0.4231055   0.4232723   0.4233827   0.4236451   0.4241446   0.4248818
  23.9877461   0.4248347   0.4263843   0.4266843   0.4273723   0.4284344   0.4298110   0.4313226   0.4327914   0.4341120   0.4352485
  24.2838911   0.4455183   0.4485425   0.4492739   0.4502429   0.4511614   0.4518251   0.4521796   0.4522722   0.4521571   0.4518636
  24.5800361   0.4863306   0.4876472   0.4860056   0.4827026   0.4792667   0.4760905   0.4731928   0.4704845   0.4678860   0.4653605
  24.8761811   0.4673984   0.4686565   0.4710467   0.4727478   0.4730852   0.4721614   0.4703261   0.4679443   0.4653014   0.4625873
  25.1723262   0.4751395   0.4628107   0.4566418   0.4520759   0.4486926   0.4463889   0.4448567   0.4437752   0.4429052   0.4420953
  25.4684712   0.3823394   0.3882674   0.3947227   0.3999878   0.4043495   0.4078714   0.4106686   0.4128907   0.4146630   0.4160680
  25.7646162   0.3946668   0.3956965   0.3960488   0.3955313   0.3949057   0.3946956   0.3949509   0.3955299   0.3962788   0.3970884
  26.0607612   0.3785484   0.3856281   0.3869780   0.3870623   0.3866478   0.3859703   0.3851843   0.3844368   0.3838404   0.3834548
  26.3569062   0.3687342   0.3704938   0.3702462   0.3697514   0.3693756   0.3691187   0.3689488   0.3688493   0.3688189   0.3688710
  26.6530512   0.3530917   0.3490346   0.3485204   0.3489677   0.3498374   0.3508892   0.3520069   0.3531370   0.3542588   0.3553713
  26.9491962   0.3423452   0.3407268   0.3411942   0.3420848   0.3430687   0.3441022   0.3452124   0.3464328   0.3477828   0.3492686
  27.2453413   0.3456693   0.3489316   0.3488594   0.3485803   0.3485792   0.3489573   0.3497144   0.3508272   0.3522612   0.3539700
  27.5414863   0.3482146   0.3546122   0.3573772   0.3592615   0.3611420   0.3631196   0.3651877   0.3673138   0.3694583   0.3715908
  27.8376313   0.3928257   0.3938440   0.3945432   0.3957134   0.3971179   0.3985466   0.3998767   0.4010785   0.4021615   0.4031436
  28.1337763   0.4633869   0.4571696   0.4540560   0.4514310   0.4490007   0.4468549   0.4449905   0.4433571   0.4419105   0.4406201
  28.4299213   0.4737412   0.4743131   0.4769955   0.4783371   0.4783673   0.4774770   0.4760399   0.4743039   0.4724253   0.4705071
  28.7260663   0.4933635   0.4974175   0.4956671   0.4939764   0.4927267   0.4917431   0.4908483   0.4899324   0.4889444   0.4878658
  29.0222113   0.5119455   0.4998763   0.4973793   0.4968466   0.4968701   0.4970695   0.4972956   0.4974676   0.4975183   0.4973931
  29.3183563   0.4983755   0.4989537   0.5010937   0.5025549   0.5037736   0.5046177   0.5050682   0.5051748   0.5049974   0.5045882
  29.6145014   0.5272634   0.5258671   0.5232277   0.5202694   0.5174909   0.5150379   0.5128838   0.5109793   0.5092656   0.5076752
  29.9106464   0.5007738   0.5024359   0.5044088   0.5052281   0.5052829   0.5049238   0.5042572   0.5033038   0.5020834   0.5006379
  30.2067914   0.4712161   0.4801619   0.4840259   0.4858603   0.4866938   0.4867718   0.4862665   0.4853447   0.4841483   0.4827894
  30.5029364   0.4858453   0.4798460   0.4737171   0.4685068   0.4643670   0.4612585   0.4589736   0.4573253   0.4561627   0.4553495
  30.7990814   0.3965495   0.3996902   0.4045465   0.4090232   0.4127802   0.4158975   0.4185234   0.4207473   0.4226126   0.4241531
  31.0952264   0.3850538   0.3870965   0.3892083   0.3911639   0.3931604   0.3951366   0.3969648   0.3985682   0.3999418   0.4011264
  31.3913714   0.4152163   0.4091141   0.4044076   0.3997895   0.3955566   0.3919668   0.3891217   0.3870437   0.3856978   0.3850067
  31.6875165   0.3503047   0.3534984   0.3567649   0.3595641   0.3617853   0.3634621   0.3647878   0.3659521   0.3670951   0.3683126
  31.9836615   0.3453805   0.3409031   0.3405456   0.3417841   0.3441455   0.3472141   0.3506128   0.3540709   0.3574364   0.3606493
  32.2798065   0.3620658   0.3634593   0.3636396   0.3642407   0.3650865   0.3661348   0.3674436   0.3690652   0.3709963   0.3731681
  32.5759515   0.3981018   0.3998075   0.3999250   0.3998384   0.3996670   0.3995882   0.3997568   0.4001457   0.4006171   0.4010342
  32.8720965   0.4380653   0.4338357   0.4326145   0.4334102   0.4348765   0.4359791   0.4360920   0.4351068   0.4332071   0.4306592
  33.1682415   0.4930839   0.4933616   0.4914555   0.4850621   0.4768294   0.4684419   0.4605362   0.4532578   0.4465970   0.4405060
  33.4643865   0.3963063   0.4084760   0.4192888   0.4241877   0.4250072   0.4236904   0.4214389   0.4188668   0.4162368   0.4136413
  33.7605316   0.3437942   0.3456788   0.3449249   0.3456129   0.3488918   0.3537018   0.3587495   0.3632837   0.3670318   0.3699778
  34.0566766   0.3292710   0.3312152   0.3315603   0.3322758   0.3329487   0.3337115   0.3348264   0.3364193   0.3384347   0.3407276
  34.3528216   0.3257118   0.3265590   0.3273352   0.3277307   0.3275092   0.3270193   0.3266036   0.3264863   0.3268069   0.3276320
  34.6489666   0.3175102   0.3180600   0.3166950   0.3159505   0.3161111   0.3169988   0.3183441   0.3199494   0.3217131   0.3235984
  34.9451116   0.3072769   0.3081222   0.3116122   0.3153481   0.3188936   0.3221210   0.3250823   0.3278528   0.3304599   0.3328933
  35.2412566   0.3608799   0.3609783   0.3592640   0.3576226   0.3565806   0.3561766   0.3562179   0.3564623   0.3567404   0.3569788
  35.5374016   0.3886674   0.3921766   0.3932237   0.3938438   0.3935502   0.3921280   0.3898993   0.3873094   0.3847036   0.3822883
  35.8335466   0.4373600   0.4305744   0.4205458   0.4127652   0.4070788   0.4028725   0.3997141   0.3972772   0.3953038   0.3936038
  36.1296917   0.3725219   0.3670993   0.3693647   0.3750120   0.3807688   0.3856436   0.3894043   0.3920818   0.3937977   0.3946950
  36.4258367   0.4012481   0.4036686   0.4046811   0.4040870   0.4027575   0.4013752   0.4001603   0.3990634   0.3979880   0.3968723
  36.7219817   0.4108747   0.4157825   0.4165093   0.4139817   0.4100102   0.4056065   0.4013037   0.3973890   0.3940076   0.3912145
  37.0181267   0.3599041   0.3623631   0.3637865   0.3648862   0.3662417   0.3675378   0.3685988   0.3694782   0.3703086   0.3712146
  37.3142717   0.3384772   0.3362007   0.3339641   0.3339027   0.3357751   0.3390960   0.3433825   0.3482177   0.3532882   0.3583957
  37.6104167   0.3320414   0.3330861   0.3384814   0.3452574   0.3516332   0.3573807   0.3627658   0.3680696   0.3734611   0.3789790
  37.9065617   0.4475627   0.4416278   0.4363146   0.4324011   0.4299422   0.4291232   0.4297807   0.4315329   0.4339450   0.4366289
  38.2027068   0.4889313   0.4948038   0.5002506   0.5056998   0.5102003   0.5134632   0.5152195   0.5154058   0.5142190   0.5119784
  38.4988518   0.6263311   0.6279254   0.6285593   0.6254647   0.6180667   0.6084038   0.5979440   0.5874079   0.5771126   0.5672021
  38.7949968   0.6241301   0.6342660   0.6277621   0.6169748   0.6062737   0.5960625   0.5863186   0.5770586   0.5682788   0.5599361
  39.0911418   0.4648095   0.4675007   0.4692675   0.4737416   0.4804693   0.4873230   0.4929415   0.4968794   0.4991723   0.5000477
  39.3872868   0.4198969   0.4229959   0.4247687   0.4261568   0.4271506   0.4282954   0.4300059   0.4323121   0.4349861   0.4377442
  39.6834318   0.3893398   0.3927003   0.3924771   0.3913514   0.3902495   0.3895259   0.3893517   0.3898148   0.3909464   0.3927118
  39.9795768   0.3497405   0.3429233   0.3434450   0.3456032   0.3485320   0.3516724   0.3547195   0.3576090   0.3604156   0.3632573
  40.2757219   0.3432999   0.3416741   0.3415654   0.3419951   0.3427266   0.3438771   0.3455952   0.3478809   0.3506093   0.3536099
  40.5718669   0.3501940   0.3504450   0.3506708   0.3519124   0.3538507   0.3561465   0.3585396   0.3608366   0.3629159   0.3647167
  40.8680119   0.3918830   0.3906314   0.3911897   0.3921752   0.3927311   0.3925862   0.3916815   0.3901064   0.3880364   0.3856676
  41.1641569   0.4417075   0.4431114   0.4390149   0.4323423   0.4245396   0.4165437   0.4089147   0.4019152   0.3956162   0.3899935
  41.4603019   0.3609955   0.3636875   0.3651220   0.3656850   0.3659060   0.3657870   0.3652356   0.3642656   0.3629670   0.3614454
  41.7564469   0.2852320   0.2899900   0.2944428   0.2986702   0.3030124   0.3074410   0.3117195   0.3156246   0.3190194   0.3218546
  42.0525919   0.2842613   0.2878899   0.2897830   0.2904564   0.2907291   0.2911652   0.2920258   0.2933686   0.2951239   0.2971623
  42.3487369   0.2861668   0.2876601   0.2873890   0.2865278   0.2859941   0.2857637   0.2857468   0.2859336   0.2863545   0.2870355
  42.6448820   0.2841055   0.2796229   0.2787762   0.2794105   0.2802512   0.2810503   0.2817368   0.2823105   0.2828120   0.2832995
  42.9410270   0.2789766   0.2825323   0.2830833   0.2831796   0.2829787   0.2827182   0.2825784   0.2826127   0.2828031   0.2831111
  43.2371720   0.2820735   0.2824922   0.2825694   0.2828416   0.2832348   0.2837228   0.2842309   0.2847107   0.2851535   0.2855737
  43.5333170   0.2810117   0.2867920   0.2883891   0.2890099   0.2894576   0.2898123   0.2900808   0.2903073   0.2905380   0.2908038
  43.8294620   0.2991998   0.3009637   0.3011011   0.3001044   0.2990468   0.2982969   0.2978956   0.2977858   0.2978950   0.2981615
  44.1256070   0.2955962   0.2948494   0.2978225   0.3005054   0.3025858   0.3042072   0.3054791   0.3064985   0.3073492   0.3080892
  44.4217520   0.3296145   0.3247223   0.3236814   0.3227561   0.3219919   0.3216123   0.3215923   0.3217943   0.3220822   0.3223607
  44.7178971   0.3335061   0.3361768   0.3379663   0.3391697   0.3399327   0.3401863   0.3400006   0.3395087   0.3388246   0.3380258
  45.0140421   0.3673506   0.3658685   0.3628847   0.3598259   0.3572997   0.3551810   0.3532569   0.3514205   0.3496412   0.3479237
  45.3101871   0.3498736   0.3513823   0.3526971   0.3527550   0.3521909   0.3512780   0.3502078   0.3491035   0.3480190   0.3469663
  45.6063321   0.3322621   0.3306818   0.3322106   0.3337055   0.3349914   0.3361780   0.3372362   0.3381077   0.3387696   0.3392303
  45.9024771   0.3330928   0.3295459   0.3300113   0.3304917   0.3307458   0.3310625   0.3315146   0.3320669   0.3326663   0.3332671
  46.1986221   0.3253247   0.3283776   0.3301628   0.3309189   0.3311356   0.3310957   0.3309853   0.3309142   0.3309347   0.3310596
  46.4947671   0.3369071   0.3328939   0.3316098   0.3306301   0.3301320   0.3299830   0.3300083   0.3301031   0.3302235   0.3303590
  46.7909122   0.3291680   0.3269221   0.3276383   0.3283805   0.3290787   0.3296207   0.3300075   0.3302926   0.3305115   0.3306773
  47.0870572   0.3375020   0.3358922   0.3346568   0.3336566   0.3329884   0.3325828   0.3323313   0.3321400   0.3319530   0.3317485
  47.3832022   0.3330633   0.3320983   0.3327777   0.3334471   0.3336642   0.3334715   0.3330291   0.3324717   0.3318844   0.3313108
  47.6793472   0.3332271   0.3337070   0.3323102   0.3309515   0.3298821   0.3290900   0.3285081   0.3280519   0.3276599   0.3272993
  47.9754922   0.3189219   0.3166843   0.3166188   0.3176722   0.3187547   0.3195862   0.3201694   0.3205675   0.3208394   0.3210264
  48.2716372   0.3245411   0.3193729   0.3170264   0.3158512   0.3152524   0.3149838   0.3149474   0.3150714   0.3152958   0.3155774
  48.5677822   0.3136674   0.3104854   0.3099817   0.3101565   0.3105266   0.3108979   0.3112263   0.3115355   0.3118575   0.3122085
  48.8639272   0.3033026   0.3083021   0.3093209   0.3095684   0.3097343   0.3099560   0.3102624   0.3106260   0.3110068   0.3113754
  49.1600723   0.3088985   0.3104900   0.3109674   0.3115951   0.3121153   0.3124691   0.3126865   0.3127963   0.3128230   0.3127912
  49.4562173   0.3249647   0.3222383   0.3198365   0.3184734   0.3174999   0.3166368   0.3158158   0.3150442   0.3143481   0.3137519
  49.7523623   0.3184287   0.3172523   0.3152972   0.3140970   0.3133000   0.3126700   0.3121764   0.3118317   0.3116372   0.3115829
  50.0485073   0.3004771   0.2997321   0.3000117   0.3012404   0.3027742   0.3043487   0.3058727   0.3073169   0.3086743   0.3099502
  50.3446523   0.3086139   0.3080513   0.3087625   0.3093404   0.3101111   0.3111177   0.3122940   0.3135740   0.3149133   0.3162848
  50.6407973   0.3284435   0.3283504   0.3299444   0.3304170   0.3304336   0.3303827   0.3304464   0.3307000   0.3311648   0.3318415
  50.9369423   0.3525176   0.3494726   0.3498117   0.3502290   0.3506237   0.3510288   0.3514549   0.3519408   0.3525570   0.3533767
  51.2330874   0.3756491   0.3763704   0.3755273   0.3753382   0.3755590   0.3761087   0.3770446   0.3783972   0.3801283   0.3821534
  51.5292324   0.4083303   0.4059698   0.4053730   0.4067548   0.4093070   0.4124994   0.4159616   0.4194339   0.4227406   0.4257736
  51.8253774   0.4671740   0.4744670   0.4775563   0.4801523   0.4825451   0.4844872   0.4858734   0.4867363   0.4871414   0.4871222
  52.1215224   0.5899866   0.5896125   0.5860660   0.5805279   0.5742211   0.5679860   0.5621214   0.5565292   0.5509783   0.5452857
  52.4176674   0.5977070   0.5953885   0.5964697   0.5973446   0.5967813   0.5939378   0.5887324   0.5816205   0.5732169   0.5640749
  52.7138124   0.6142190   0.6094576   0.5966030   0.5825244   0.5692393   0.5572982   0.5466546   0.5370430   0.5281923   0.5199017
  53.0099574   0.3931085   0.3907386   0.3992514   0.4080791   0.4143794   0.4184067   0.4209085   0.4224583   0.4233833   0.4238360
  53.3061024   0.2864071   0.2867363   0.2864528   0.2882968   0.2928768   0.2994073   0.3068373   0.3143339   0.3214044   0.3278157
  53.6022475   0.2534637   0.2511709   0.2522655   0.2540703   0.2557990   0.2575351   0.2595999   0.2622128   0.2653911   0.2690096
  53.8983925   0.2470627   0.2445434   0.2429098   0.2414171   0.2399611   0.2386338   0.2375125   0.2366617   0.2361711   0.2361324
  54.1945375   0.2147118   0.2120624   0.2112781   0.2107542   0.2101577   0.2094221   0.2086134   0.2078259   0.2071393   0.2066187
  54.4906825   0.1732643   0.1712620   0.1704373   0.1705229   0.1710909   0.1719008   0.1727899   0.1736656   0.1744875   0.1752492
  54.7868275   0.1347696   0.1379031   0.1397297   0.1410668   0.1422653   0.1434726   0.1447264   0.1460136   0.1473140   0.1486078
  55.0829725   0.1255802   0.1247248   0.1262747   0.1272445   0.1276459   0.1279181   0.1282958   0.1288441   0.1295505   0.1303754
  55.3791175   0.1156386   0.1160459   0.1161731   0.1162360   0.1165113   0.1168992   0.1172883   0.1176300   0.1179129   0.1181386
  55.6752626   0.1129987   0.1125942   0.1114377   0.1105768   0.1100736   0.1096681   0.1091902   0.1085870   0.1078593   0.1070323
  55.9714076   0.1014040   0.1013694   0.1010945   0.1001535   0.0987596   0.0970982   0.0953011   0.0934701   0.0916827   0.0899932
  56.2675526   0.0648782   0.0675717   0.0683538   0.0679936   0.0670625   0.0659832   0.0649629   0.0640692   0.0633130   0.0626870
  56.5636976   0.0169531   0.0177668   0.0192652   0.0210833   0.0230406   0.0250417   0.0269890   0.0288231   0.0305205   0.0320785
  56.8598426   0.0000000   0.0000021   0.0001331   0.0007391   0.0018744   0.0033836   0.0051233   0.0069939   0.0089233   0.0108579
  57.1559876   0.0000000   0.0000000   0.0000000   0.0000008   0.0000175   0.0001065   0.0003423   0.0007727   0.0014088   0.0022358
  57.4521326   0.0000000   0.0000000   0.0000000   0.0000000   0.0000000   0.0000006   0.0000068   0.0000345   0.0001104   0.0002632
  57.7482777   0.0000000   0.0000000   0.0000000   0.0000000   0.0000000   0.0000000   0.0000000   0.0000006   0.0000041   0.0000170
  58.0444227   0.0000000   0.0000000   0.0000000   0.0000000   0.0000000   0.0000000   0.0000000   0.0000000   0.0000001   0.0000006
  58.3405677   0.0000000   0.0000000   0.0000000   0.0000000   0.0000000   0.0000000   0.0000000   0.0000000   0.0000000   0.0000000
  58.6367127   0.0000000   0.0000000   0.0000000   0.0000000   0.0000000   0.0000000   0.0000000   0.0000000   0.0000000   0.0000000
  58.9328577   0.0000000   0.0000000   0.0000000   0.0000000   0.0000000   0.0000000   0.0000000   0.0000000   0.0000000   0.0000000
  59.2290027   0.0000000   0.0000000   0.0000000   0.0000000   0.0000000   0.0000000   0.0000000   0.0000000   0.0000000   0.0000000
  59.5251477   0.0000000   0.0000000   0.0000000   0.0000000   0.0000000   0.0000000   0.0000000   0.0000000   0.0000000   0.0000000
  59.8212927   0.0000000   0.0000000   0.0000000   0.0000000   0.0000000   0.0000000   0.0000000   0.0000000   0.0000000   0.0000000
  60.1174378   0.0000000   0.0000000   0.0000000   0.0000000   0.0000000   0.0000000   0.0000000   0.0000000   0.0000000   0.0000000
  60.4135828   0.0000000   0.0000000   0.0000000   0.0000000   0.0000000   0.0000000   0.0000000   0.0000000   0.0000000   0.0000000
  60.7097278   0.0000000   0.0000000   0.0000000   0.0000000   0.0000000   0.0000000   0.0000000   0.0000000   0.0000000   0.0000000
  61.0058728   0.0000000   0.0000000   0.0000000   0.0000000   0.0000000   0.0000000   0.0000000   0.0000000   0.0000000   0.0000000
  61.3020178   0.0000000   0.0000000   0.0000000   0.0000000   0.0000000   0.0000000   0.0000000   0.0000000   0.0000000   0.0000000
  61.5981628   0.0000000   0.0000000   0.0000000   0.0000000   0.0000000   0.0000000   0.0000000   0.0000000   0.0000000   0.0000000
  61.8943078   0.0000000   0.0000000   0.0000000   0.0000000   0.0000000   0.0000000   0.0000000   0.0000000   0.0000000   0.0000000
  62.1904529   0.0000000   0.0000000   0.0000000   0.0000000   0.0000000   0.0000000   0.0000000   0.0000000   0.0000000   0.0000000
  62.4865979   0.0000000   0.0000000   0.0000000   0.0000000   0.0000000   0.0000000   0.0000000   0.0000000   0.0000000   0.0000000
  62.7827429   0.0000000   0.0000000   0.0000000   0.0000000   0.0000000   0.0000000   0.0000000   0.0000000   0.0000000   0.0000000
  63.0788879   0.0000000   0.0000000   0.0000000   0.0000000   0.0000000   0.0000000   0.0000000   0.0000000   0.0000000   0.0000000
  63.3750329   0.0000000   0.0000000   0.0000000   0.0000000   0.0000000   0.0000000   0.0000000   0.0000000   0.0000000   0.0000000
  63.6711779   0.0000000   0.0000000   0.0000000   0.0000000   0.0000000   0.0000000   0.0000000   0.0000000   0.0000000   0.0000000
  63.9673229   0.0000000   0.0000000   0.0000000   0.0000000   0.0000000   0.0000000   0.0000000   0.0000000   0.0000000   0.0000000
  64.2634680   0.0000000   0.0000000   0.0000000   0.0000000   0.0000000   0.0000000   0.0000000   0.0000000   0.0000000   0.0000000
  64.5596130   0.0000000   0.0000000   0.0000000   0.0000000   0.0000000   0.0000000   0.0000000   0.0000000   0.0000000   0.0000000
  64.8557580   0.0000000   0.0000000   0.0000000   0.0000000   0.0000000   0.0000000   0.0000000   0.0000000   0.0000000   0.0000000
  65.1519030   0.0000000   0.0000000   0.0000000   0.0000000   0.0000000   0.0000000   0.0000000   0.0000000   0.0000000   0.0000001
  65.4480480   0.0000000   0.0000000   0.0000000   0.0000000   0.0000000   0.0000000   0.0000000   0.0000001   0.0000006   0.0000023
  65.7441930   0.0000000   0.0000000   0.0000000   0.0000000   0.0000000   0.0000002   0.0000012   0.0000052   0.0000146   0.0000318
  66.0403380   0.0000000   0.0000000   0.0000000   0.0000003   0.0000041   0.0000181   0.0000484   0.0000967   0.0001615   0.0002395
  66.3364830   0.0000000   0.0000034   0.0000441   0.0001385   0.0002705   0.0004223   0.0005806   0.0007377   0.0008894   0.0010337
  66.6326281   0.0021191   0.0021300   0.0022068   0.0022818   0.0023572   0.0024361   0.0025141   0.0025888   0.0026598   0.0027284
  66.9287731   0.0046836   0.0053419   0.0055301   0.0054739   0.0053559   0.0052269   0.0051069   0.0050056   0.0049265   0.0048694
  67.2249181   0.0069716   0.0069083   0.0069309   0.0069188   0.0068953   0.0068721   0.0068492   0.0068253   0.0068003   0.0067748
  67.5210631   0.0082543   0.0079828   0.0079671   0.0080590   0.0081752   0.0082837   0.0083735   0.0084416   0.0084884   0.0085156
  67.8172081   0.0119699   0.0110898   0.0108228   0.0106840   0.0105857   0.0105094   0.0104479   0.0103972   0.0103540   0.0103157
  68.1133531   0.0120552   0.0121976   0.0123078   0.0122894   0.0122379   0.0121708   0.0120947   0.0120167   0.0119455   0.0118898
  68.4094981   0.0133290   0.0128883   0.0129578   0.0130236   0.0130389   0.0130353   0.0130426   0.0130776   0.0131478   0.0132560
  68.7056432   0.0136626   0.0136604   0.0135631   0.0136282   0.0138056   0.0140672   0.0143935   0.0147680   0.0151766   0.0156084
  69.0017882   0.0162425   0.0168397   0.0171294   0.0175632   0.0180846   0.0186509   0.0192280   0.0198017   0.0203712   0.0209405
  69.2979332   0.0266250   0.0282277   0.0288463   0.0289879   0.0290146   0.0290690   0.0291986   0.0294121   0.0297086   0.0300852
  69.5940782   0.0408928   0.0400345   0.0405158   0.0408620   0.0410421   0.0411681   0.0413239   0.0415538   0.0418696   0.0422621
  69.8902232   0.0559044   0.0545105   0.0541434   0.0541726   0.0545287   0.0550995   0.0557518   0.0563912   0.0569668   0.0574597
  70.1863682   0.0717168   0.0731891   0.0743686   0.0750471   0.0755076   0.0757539   0.0758123   0.0757335   0.0755637   0.0753370
  70.4825132   0.1066325   0.1027657   0.1012144   0.0995467   0.0978481   0.0962563   0.0948276   0.0935664   0.0924544   0.0914681
  70.7786583   0.1019511   0.1021849   0.1023172   0.1026794   0.1029814   0.1030885   0.1029831   0.1027016   0.1022947   0.1018072
  71.0748033   0.1077722   0.1082753   0.1078813   0.1077407   0.1077883   0.1079487   0.1081600   0.1083611   0.1085067   0.1085738
  71.3709483   0.1125330   0.1146940   0.1147282   0.1148680   0.1149939   0.1150445   0.1150588   0.1150791   0.1151236   0.1151898
  71.6670933   0.1297326   0.1249115   0.1233187   0.1226704   0.1223606   0.1222273   0.1221904   0.1222029   0.1222465   0.1223167
  71.9632383   0.1267948   0.1273916   0.1280151   0.1286539   0.1290715   0.1293385   0.1295427   0.1297269   0.1299074   0.1300892
  72.2593833   0.1356244   0.1372997   0.1378185   0.1380698   0.1382177   0.1383563   0.1385188   0.1387021   0.1388934   0.1390824
  72.5555283   0.1466948   0.1493192   0.1493693   0.1491620   0.1491030   0.1491379   0.1491888   0.1492260   0.1492509   0.1492775
  72.8516733   0.1607624   0.1607580   0.1610125   0.1608697   0.1606601   0.1604035   0.1601415   0.1599300   0.1598040   0.1597758
  73.1478184   0.1731978   0.1709569   0.1697366   0.1692020   0.1690357   0.1691196   0.1693867   0.1697816   0.1702542   0.1707653
  73.4439634   0.1773512   0.1762276   0.1769711   0.1783612   0.1798354   0.1812393   0.1824875   0.1835546   0.1844603   0.1852455
  73.7401084   0.2066011   0.2053131   0.2065323   0.2064572   0.2058383   0.2051732   0.2046535   0.2043442   0.2042585   0.2043790
  74.0362534   0.2186504   0.2228592   0.2248491   0.2251390   0.2249167   0.2247016   0.2246723   0.2248389   0.2251481   0.2255385
  74.3323984   0.2361027   0.2367943   0.2380552   0.2401812   0.2426335   0.2448909   0.2467099   0.2480496   0.2489594   0.2495157
  74.6285434   0.3060862   0.2956961   0.2900718   0.2863486   0.2835385   0.2812919   0.2794352   0.2778530   0.2764594   0.2751907
  74.9246884   0.3019358   0.3020880   0.3024410   0.3025056   0.3017904   0.3003966   0.2986343   0.2967397   0.2948490   0.2930312
  75.2208335   0.3047956   0.3016188   0.3008597   0.3005520   0.3005398   0.3006250   0.3006300   0.3004600   0.3000900   0.2995362
  75.5169785   0.3049529   0.3011770   0.3006366   0.3002276   0.3001283   0.3002759   0.3005448   0.3008459   0.3011105   0.3012789
  75.8131235   0.2936639   0.2974377   0.3003105   0.3018518   0.3025933   0.3029747   0.3031853   0.3032746   0.3032554   0.3031365
  76.1092685   0.3050638   0.3063548   0.3079880   0.3083882   0.3079845   0.3072127   0.3063038   0.3053628   0.3044337   0.3035323
  76.4054135   0.3126170   0.3092938   0.3066684   0.3046135   0.3030988   0.3019455   0.3009500   0.3000067   0.2990814   0.2981699
  76.7015585   0.2818841   0.2835121   0.2848488   0.2858157   0.2865574   0.2870105   0.2872104   0.2872248   0.2871079   0.2868961
  76.9977035   0.2711196   0.2740481   0.2738347   0.2734837   0.2732253   0.2731048   0.2731396   0.2732904   0.2734982   0.2737150
  77.2938486   0.2653581   0.2604379   0.2590325   0.2591299   0.2596481   0.2602112   0.2606970   0.2611055   0.2614715   0.2618212
  77.5899936   0.2563778   0.2543285   0.2533995   0.2526400   0.2521049   0.2518105   0.2517315   0.2518079   0.2519771   0.2521869
  77.8861386   0.2354235   0.2380986   0.2402233   0.2418169   0.2428513   0.2434689   0.2438289   0.2440124   0.2440484   0.2439485
  78.1822836   0.2452102   0.2420594   0.2404718   0.2392873   0.2385112   0.2378556   0.2371244   0.2362562   0.2352541   0.2341430
  78.4784286   0.2325165   0.2334308   0.2313194   0.2287753   0.2264548   0.2242918   0.2222156   0.2202050   0.2182608   0.2163878
  78.7745736   0.1887828   0.1875816   0.1885855   0.1898645   0.1902925   0.1900476   0.1894323   0.1886231   0.1877083   0.1867359
  79.0707186   0.1519694   0.1495337   0.1482677   0.1478570   0.1479816   0.1484051   0.1489578   0.1495197   0.1500227   0.1504334
  79.3668636   0.1173075   0.1126231   0.1114628   0.1114047   0.1119001   0.1126320   0.1134620   0.1143393   0.1152291   0.1160980
  79.6630087   0.0828902   0.0836968   0.0842100   0.0846629   0.0851227   0.0855480   0.0859437   0.0863310   0.0867368   0.0871879
  79.9591537   0.0631084   0.0639891   0.0639785   0.0635671   0.0629668   0.0623661   0.0619006   0.0616317   0.0615758   0.0617276
  80.2552987   0.0363839   0.0342003   0.0337389   0.0340192   0.0345740   0.0352645   0.0360337   0.0368587   0.0377332   0.0386570
  80.5514437   0.0125922   0.0122803   0.0125571   0.0134829   0.0147714   0.0162197   0.0177184   0.0192090   0.0206648   0.0220781
  80.8475887   0.0122151   0.0118493   0.0119003   0.0120523   0.0121957   0.0123944   0.0127227   0.0132071   0.0138375   0.0145888
  81.1437337   0.0140917   0.0133634   0.0130304   0.0127896   0.0126504   0.0125670   0.0125241   0.0125295   0.0126016   0.0127573
  81.4398787   0.0147724   0.0128845   0.0124524   0.0123954   0.0124338   0.0124837   0.0125242   0.0125562   0.0125857   0.0126215
  81.7360238   0.0125779   0.0128416   0.0127744   0.0127274   0.0127332   0.0127610   0.0127917   0.0128174   0.0128363   0.0128504
  82.0321688   0.0134616   0.0131890   0.0133942   0.0134558   0.0134109   0.0133375   0.0132703   0.0132190   0.0131840   0.0131620
  82.3283138   0.0109216   0.0123286   0.0129128   0.0131323   0.0132352   0.0132964   0.0133380   0.0133666   0.0133852   0.0133959
  82.6244588   0.0141116   0.0137826   0.0136644   0.0136094   0.0135955   0.0136080   0.0136292   0.0136471   0.0136563   0.0136563
  82.9206038   0.0159865   0.0146793   0.0143501   0.0142628   0.0142102   0.0141415   0.0140625   0.0139856   0.0139174   0.0138604
  83.2167488   0.0152364   0.0147741   0.0142783   0.0140269   0.0139183   0.0138598   0.0138204   0.0137926   0.0137753   0.0137682
  83.5128938   0.0138108   0.0133922   0.0130770   0.0130474   0.0131282   0.0132391   0.0133584   0.0134784   0.0135928   0.0136967
  83.8090389   0.0140940   0.0134833   0.0134321   0.0135472   0.0136977   0.0138430   0.0139696   0.0140732   0.0141549   0.0142186
  84.1051839   0.0152570   0.0160445   0.0161469   0.0160192   0.0158278   0.0156274   0.0154439   0.0152881   0.0151627   0.0150660
  84.4013289   0.0150315   0.0156883   0.0157834   0.0157734   0.0157252   0.0156650   0.0156040   0.0155473   0.0154962   0.0154501
  84.6974739   0.0143826   0.0144949   0.0145893   0.0147211   0.0149023   0.0150971   0.0152704   0.0154052   0.0154995   0.0155579
  84.9936189   0.0164228   0.0163526   0.0163633   0.0163424   0.0162478   0.0161325   0.0160300   0.0159504   0.0158909   0.0158453
  85.2897639   0.0165415   0.0161812   0.0163209   0.0163465   0.0163014   0.0162278   0.0161414   0.0160507   0.0159639   0.0158878
  85.5859089   0.0146861   0.0151559   0.0153257   0.0153811   0.0153955   0.0154101   0.0154333   0.0154627   0.0154945   0.0155256
  85.8820539   0.0137631   0.0141193   0.0143903   0.0145709   0.0147193   0.0148635   0.0150037   0.0151338   0.0152498   0.0153505
  86.1781990   0.0143511   0.0153615   0.0155745   0.0156566   0.0156911   0.0157038   0.0157080   0.0157126   0.0157221   0.0157377
  86.4743440   0.0190220   0.0175804   0.0171525   0.0169049   0.0167156   0.0165709   0.0164613   0.0163781   0.0163147   0.0162661
  86.7704890   0.0155339   0.0159009   0.0160226   0.0161948   0.0163537   0.0164673   0.0165351   0.0165654   0.0165686   0.0165546
  87.0666340   0.0178434   0.0174615   0.0172352   0.0170768   0.0169545   0.0168576   0.0167846   0.0167344   0.0167035   0.0166870
  87.3627790   0.0157281   0.0166575   0.0167329   0.0166410   0.0166082   0.0166173   0.0166465   0.0166863   0.0167331   0.0167845
  87.6589240   0.0171823   0.0161314   0.0161260   0.0163367   0.0165490   0.0167329   0.0168909   0.0170266   0.0171415   0.0172378
  87.9550690   0.0188840   0.0189705   0.0186502   0.0184910   0.0184038   0.0183403   0.0182922   0.0182566   0.0182315   0.0182146
  88.2512141   0.0217283   0.0205767   0.0200156   0.0197895   0.0196463   0.0195224   0.0194076   0.0193020   0.0192073   0.0191236
  88.5473591   0.0194223   0.0194175   0.0194004   0.0194600   0.0195323   0.0195809   0.0196035   0.0196040   0.0195859   0.0195531
  88.8435041   0.0202974   0.0201097   0.0199023   0.0198238   0.0197831   0.0197599   0.0197440   0.0197291   0.0197111   0.0196876
  89.1396491   0.0189873   0.0197501   0.0199020   0.0198853   0.0198422   0.0197955   0.0197483   0.0197022   0.0196597   0.0196231
  89.4357941   0.0189870   0.0189661   0.0192049   0.0193297   0.0193604   0.0193538   0.0193433   0.0193410   0.0193481   0.0193620
  89.7319391   0.0184551   0.0186083   0.0186129   0.0186252   0.0187113   0.0188287   0.0189467   0.0190529   0.0191448   0.0192242
  90.0280841   0.0211499   0.0200611   0.0196743   0.0195260   0.0194748   0.0194606   0.0194634   0.0194791   0.0195065   0.0195434
  90.3242292   0.0197149   0.0203054   0.0202901   0.0202527   0.0202161   0.0201808   0.0201567   0.0201460   0.0201468   0.0201571
  90.6203742   0.0203889   0.0203424   0.0203168   0.0204607   0.0206112   0.0207189   0.0207910   0.0208390   0.0208713   0.0208950
  90.9165192   0.0254477   0.0235926   0.0225438   0.0221322   0.0219528   0.0218537   0.0217964   0.0217680   0.0217598   0.0217645
  91.2126642   0.0246586   0.0233953   0.0226884   0.0224843   0.0224980   0.0225620   0.0226200   0.0226633   0.0226951   0.0227192
  91.5088092   0.0239416   0.0237969   0.0238447   0.0238195   0.0237960   0.0237891   0.0237914   0.0237959   0.0237987   0.0237982
  91.8049542   0.0210718   0.0236871   0.0247518   0.0250627   0.0251043   0.0250636   0.0250045   0.0249464   0.0248949   0.0248510
  92.1010992   0.0241775   0.0248154   0.0254542   0.0256802   0.0257218   0.0257201   0.0257095   0.0256952   0.0256793   0.0256637
  92.3972442   0.0265333   0.0260123   0.0261588   0.0262268   0.0262329   0.0262478   0.0262776   0.0263136   0.0263504   0.0263856
  92.6933893   0.0259377   0.0261910   0.0266281   0.0269206   0.0270517   0.0271244   0.0271789   0.0272279   0.0272753   0.0273227
  92.9895343   0.0244946   0.0275771   0.0284038   0.0285232   0.0285195   0.0285102   0.0285108   0.0285225   0.0285449   0.0285762
  93.2856793   0.0300217   0.0298452   0.0299604   0.0299645   0.0299439   0.0299511   0.0299798   0.0300159   0.0300512   0.0300827
  93.5818243   0.0320102   0.0310086   0.0311833   0.0314650   0.0316519   0.0317463   0.0317826   0.0317888   0.0317821   0.0317726
  93.8779693   0.0335686   0.0352939   0.0347903   0.0342648   0.0339308   0.0337172   0.0335779   0.0334907   0.0334415   0.0334199
  94.1741143   0.0350312   0.0345012   0.0342093   0.0342060   0.0343644   0.0345541   0.0347213   0.0348588   0.0349712   0.0350643
  94.4702593   0.0375836   0.0368783   0.0368148   0.0368217   0.0368739   0.0369434   0.0370172   0.0370901   0.0371591   0.0372226
  94.7664044   0.0401252   0.0402285   0.0404092   0.0403707   0.0402317   0.0400844   0.0399618   0.0398689   0.0398030   0.0397601
  95.0625494   0.0397364   0.0408525   0.0414799   0.0418560   0.0420355   0.0421205   0.0421564   0.0421629   0.0421575   0.0421572
  95.3586944   0.0455628   0.0444163   0.0444077   0.0444573   0.0444035   0.0443466   0.0443420   0.0443990   0.0445149   0.0446954
  95.6548394   0.0450894   0.0456286   0.0458102   0.0460592   0.0464162   0.0468052   0.0472111   0.0476667   0.0482475   0.0490538
  95.9509844   0.0555531   0.0539730   0.0530290   0.0528031   0.0529779   0.0534605   0.0543545   0.0558542   0.0580812   0.0610178
  96.2471294   0.0630896   0.0633066   0.0640629   0.0650872   0.0673647   0.0713640   0.0768661   0.0832864   0.0900340   0.0966627
  96.5432744   0.0910268   0.0981132   0.1116773   0.1265382   0.1397977   0.1505879   0.1590088   0.1653874   0.1700786   0.1734147
  96.8394195   0.4031347   0.3771068   0.3534244   0.3344688   0.3186129   0.3049494   0.2929884   0.2824244   0.2730315   0.2646267
  97.1355645   0.3888364   0.3739612   0.3664578   0.3603963   0.3535759   0.3452687   0.3358167   0.3258281   0.3158139   0.3061115
  97.4317095   0.2679317   0.2709502   0.2750710   0.2794220   0.2832196   0.2861318   0.2880224   0.2887640   0.2883257   0.2868069
  97.7278545   0.2424007   0.2406032   0.2390433   0.2387985   0.2396013   0.2412640   0.2435290   0.2460953   0.2486656   0.2509809
  98.0239995   0.2160473   0.2173007   0.2180920   0.2190465   0.2202060   0.2214009   0.2226429   0.2240178   0.2255828   0.2273305
  98.3201445   0.2136721   0.2158754   0.2155339   0.2149823   0.2146051   0.2144616   0.2145650   0.2148928   0.2154193   0.2161336
  98.6162895   0.2105272   0.2077259   0.2077900   0.2084525   0.2091183   0.2096462   0.2100329   0.2103423   0.2106453   0.2109944
  98.9124345   0.2123940   0.2110937   0.2101871   0.2092383   0.2085536   0.2082037   0.2081327   0.2082463   0.2084626   0.2087302
  99.2085796   0.1979012   0.2005723   0.2030265   0.2048897   0.2062101   0.2071066   0.2076821   0.2080402   0.2082743   0.2084547
  99.5047246   0.2122022   0.2139663   0.2139902   0.2128467   0.2115914   0.2106008   0.2099301   0.2095348   0.2093498   0.2093176
  99.8008696   0.1995443   0.2038034   0.2059094   0.2069863   0.2079078   0.2087003   0.2093482   0.2098826   0.2103437   0.2107645
 100.0970146   0.2165461   0.2132963   0.2120841   0.2119507   0.2122524   0.2127401   0.2132830   0.2138282   0.2143611   0.2148857
 100.3931596   0.2309263   0.2258985   0.2243058   0.2234856   0.2228316   0.2223539   0.2220891   0.2220376   0.2221865   0.2225215
 100.6893046   0.2216623   0.2241117   0.2265072   0.2281958   0.2293802   0.2302638   0.2310258   0.2317907   0.2326396   0.2336123
 100.9854496   0.2442026   0.2447574   0.2446095   0.2444307   0.2447619   0.2456300   0.2469367   0.2485537   0.2503087   0.2520090
 101.2815947   0.2630120   0.2680323   0.2696180   0.2713223   0.2735220   0.2759474   0.2781129   0.2796221   0.2802915   0.2801145
 101.5777397   0.3234930   0.3269610   0.3298747   0.3313122   0.3298572   0.3260170   0.3206797   0.3145509   0.3081050   0.3016425
 101.8738847   0.3913653   0.3736977   0.3573555   0.3424205   0.3290201   0.3171065   0.3065554   0.2972031   0.2888875   0.2814617
 102.1700297   0.1866926   0.1840658   0.1878360   0.1944432   0.2014153   0.2072987   0.2116861   0.2146788   0.2165274   0.2174853
 102.4661747   0.1248256   0.1256199   0.1261078   0.1279172   0.1309826   0.1350924   0.1399475   0.1451293   0.1502394   0.1549946
 102.7623197   0.1142842   0.1138930   0.1139040   0.1139796   0.1141637   0.1145271   0.1152386   0.1164396   0.1181743   0.1203832
 103.0584647   0.1089123   0.1057890   0.1045520   0.1038511   0.1033964   0.1030600   0.1028070   0.1026628   0.1026831   0.1029258
 103.3546097   0.0913535   0.0895868   0.0892362   0.0892520   0.0893403   0.0894105   0.0894273   0.0893579   0.0891900   0.0889433
 103.6507548   0.0754789   0.0749844   0.0752650   0.0757052   0.0758300   0.0756185   0.0751521   0.0745236   0.0738145   0.0730872
 103.9468998   0.0654044   0.0639343   0.0618943   0.0597918   0.0578136   0.0561616   0.0548624   0.0538696   0.0531298   0.0525971
 104.2430448   0.0088069   0.0151805   0.0187267   0.0213420   0.0234096   0.0250774   0.0264708   0.0276841   0.0287775   0.0297870
 104.5391898   0.0056446   0.0051150   0.0049718   0.0051488   0.0058832   0.0070792   0.0085405   0.0101095   0.0116894   0.0132303
 104.8353348   0.0053449   0.0044929   0.0043767   0.0044437   0.0045395   0.0046610   0.0048746   0.0052391   0.0057718   0.0064565
 105.1314798   0.0054285   0.0054504   0.0051972   0.0050559   0.0049944   0.0049656   0.0049512   0.0049547   0.0049952   0.0050973
 105.4276248   0.0050561   0.0054256   0.0054044   0.0053094   0.0052372   0.0051761   0.0051194   0.0050682   0.0050258   0.0049970
 105.7237699   0.0046739   0.0045903   0.0047097   0.0047752   0.0048094   0.0048309   0.0048465   0.0048562   0.0048597   0.0048587
 106.0199149   0.0049631   0.0044528   0.0044217   0.0045147   0.0045827   0.0046199   0.0046427   0.0046616   0.0046812   0.0047027
 106.3160599   0.0056767   0.0053165   0.0049454   0.0047377   0.0046371   0.0046026   0.0046053   0.0046279   0.0046609   0.0046988
 106.6122049   0.0039219   0.0040574   0.0042975   0.0044859   0.0046262   0.0047331   0.0048142   0.0048752   0.0049210   0.0049560
 106.9083499   0.0036411   0.0052434   0.0056219   0.0056785   0.0056432   0.0055805   0.0055185   0.0054665   0.0054254   0.0053932
 107.2044949   0.0068546   0.0064112   0.0061355   0.0059882   0.0058953   0.0058357   0.0057889   0.0057453   0.0057046   0.0056688
 107.5006399   0.0050558   0.0052954   0.0054267   0.0055355   0.0056028   0.0056422   0.0056727   0.0057018   0.0057286   0.0057506
 107.7967850   0.0054872   0.0055207   0.0055281   0.0055753   0.0056581   0.0057441   0.0058161   0.0058698   0.0059070   0.0059313
 108.0929300   0.0078099   0.0074041   0.0070698   0.0068130   0.0066303   0.0064938   0.0063889   0.0063090   0.0062493   0.0062050
 108.3890750   0.0056234   0.0060402   0.0061498   0.0062280   0.0062815   0.0063065   0.0063102   0.0063012   0.0062854   0.0062661
 108.6852200   0.0060557   0.0059095   0.0059583   0.0060058   0.0060404   0.0060812   0.0061224   0.0061557   0.0061781   0.0061903
 108.9813650   0.0051342   0.0058615   0.0062346   0.0063240   0.0063049   0.0062537   0.0062048   0.0061699   0.0061497   0.0061415
 109.2775100   0.0064110   0.0059233   0.0058536   0.0058909   0.0059384   0.0059818   0.0060178   0.0060476   0.0060741   0.0060997
 109.5736550   0.0070942   0.0065402   0.0062023   0.0060515   0.0060186   0.0060402   0.0060835   0.0061338   0.0061845   0.0062323
 109.8698000   0.0061810   0.0064444   0.0064820   0.0065210   0.0065614   0.0065910   0.0066114   0.0066267   0.0066395   0.0066508
 110.1659451   0.0068446   0.0073189   0.0073948   0.0073985   0.0073636   0.0073163   0.0072667   0.0072189   0.0071755   0.0071375
 110.4620901   0.0071210   0.0074757   0.0076335   0.0076378   0.0075912   0.0075407   0.0075012   0.0074697   0.0074406   0.0074107
 110.7582351   0.0068423   0.0068320   0.0069486   0.0071456   0.0073121   0.0074171   0.0074699   0.0074882   0.0074864   0.0074741
 111.0543801   0.0107035   0.0095438   0.0086617   0.0081319   0.0078171   0.0076306   0.0075220   0.0074621   0.0074329   0.0074225
 111.3505251   0.0061060   0.0061692   0.0063596   0.0066045   0.0068389   0.0070210   0.0071524   0.0072483   0.0073221   0.0073818
 111.6466701   0.0072632   0.0074589   0.0075843   0.0075857   0.0075521   0.0075411   0.0075599   0.0075945   0.0076318   0.0076654
 111.9428151   0.0072700   0.0077840   0.0081194   0.0083231   0.0083833   0.0083624   0.0083063   0.0082416   0.0081814   0.0081306
 112.2389602   0.0079612   0.0090810   0.0089719   0.0087716   0.0086219   0.0085281   0.0084662   0.0084169   0.0083714   0.0083277
 112.5351052   0.0077045   0.0075519   0.0077816   0.0079653   0.0080861   0.0081609   0.0082043   0.0082295   0.0082453   0.0082556
 112.8312502   0.0080689   0.0081681   0.0082393   0.0081912   0.0081419   0.0081216   0.0081292   0.0081549   0.0081892   0.0082258
 113.1273952   0.0071084   0.0078240   0.0079725   0.0080855   0.0081871   0.0082673   0.0083253   0.0083678   0.0084011   0.0084293
 113.4235402   0.0091053   0.0093790   0.0092583   0.0090943   0.0089807   0.0089107   0.0088662   0.0088356   0.0088129   0.0087954
 113.7196852   0.0082925   0.0089594   0.0090896   0.0091694   0.0091963   0.0091886   0.0091634   0.0091322   0.0091020   0.0090767
 114.0158302   0.0094542   0.0091227   0.0091036   0.0091449   0.0091586   0.0091624   0.0091719   0.0091894   0.0092124   0.0092384
 114.3119753   0.0090084   0.0091098   0.0091021   0.0091159   0.0091835   0.0092710   0.0093588   0.0094407   0.0095150   0.0095813
 114.6081203   0.0114978   0.0106720   0.0103878   0.0102795   0.0102467   0.0102483   0.0102614   0.0102768   0.0102917   0.0103050
 114.9042653   0.0103342   0.0113226   0.0114759   0.0114892   0.0114511   0.0113816   0.0113046   0.0112310   0.0111632   0.0111012
 115.2004103   0.0127679   0.0120351   0.0117629   0.0117429   0.0117515   0.0117379   0.0117016   0.0116500   0.0115896   0.0115258
 115.4965553   0.0141385   0.0128797   0.0121868   0.0118637   0.0117148   0.0116409   0.0115985   0.0115700   0.0115482   0.0115299
 115.7927003   0.0111136   0.0109222   0.0109427   0.0110372   0.0111296   0.0112039   0.0112676   0.0113249   0.0113765   0.0114222
 116.0888453   0.0102067   0.0108922   0.0110319   0.0111839   0.0112998   0.0113772   0.0114357   0.0114853   0.0115310   0.0115759
 116.3849903   0.0142230   0.0132509   0.0126138   0.0123354   0.0121813   0.0120850   0.0120302   0.0120084   0.0120116   0.0120320
 116.6811354   0.0123887   0.0123058   0.0121642   0.0121633   0.0122738   0.0124053   0.0125155   0.0125980   0.0126579   0.0127021
 116.9772804   0.0135874   0.0138522   0.0139375   0.0138669   0.0137796   0.0137111   0.0136645   0.0136331   0.0136096   0.0135891
 117.2734254   0.0140905   0.0139651   0.0144088   0.0146140   0.0146648   0.0146349   0.0145673   0.0144889   0.0144149   0.0143517
 117.5695704   0.0142011   0.0151646   0.0151445   0.0149741   0.0148393   0.0147736   0.0147564   0.0147616   0.0147726   0.0147819
 117.8657154   0.0146014   0.0137655   0.0139828   0.0143947   0.0146956   0.0148958   0.0150323   0.0151280   0.0151956   0.0152424
 118.1618604   0.0164581   0.0170013   0.0167614   0.0164971   0.0163107   0.0161732   0.0160697   0.0159931   0.0159381   0.0158995
 118.4580054   0.0180106   0.0175368   0.0170412   0.0167522   0.0166113   0.0165390   0.0164906   0.0164507   0.0164168   0.0163897
 118.7541505   0.0159446   0.0155097   0.0157990   0.0161078   0.0163272   0.0164712   0.0165706   0.0166454   0.0167052   0.0167548
 119.0502955   0.0166615   0.0174367   0.0174897   0.0173871   0.0172995   0.0172627   0.0172669   0.0172977   0.0173445   0.0173999
 119.3464405   0.0170362   0.0175509   0.0179809   0.0181174   0.0181869   0.0182477   0.0183025   0.0183512   0.0183954   0.0184358
 119.6425855   0.0197053   0.0188946   0.0194123   0.0196663   0.0197374   0.0197563   0.0197602   0.0197532   0.0197367   0.0197137
 119.9387305   0.0189715   0.0205276   0.0212271   0.0214109   0.0213722   0.0212556   0.0211252   0.0210055   0.0209037   0.0208204
 120.2348755   0.0226597   0.0220472   0.0216942   0.0215229   0.0214584   0.0214492   0.0214587   0.0214719   0.0214834   0.0214913
 120.5310205   0.0211184   0.0218100   0.0216340   0.0215628   0.0216403   0.0217768   0.0219125   0.0220263   0.0221165   0.0221885
 120.8271656   0.0236444   0.0231273   0.0234178   0.0235313   0.0234956   0.0234015   0.0233160   0.0232665   0.0232545   0.0232720
 121.1233106   0.0236936   0.0240244   0.0240511   0.0241006   0.0241898   0.0242919   0.0243891   0.0244748   0.0245500   0.0246196
 121.4194556   0.0263692   0.0266044   0.0262154   0.0260558   0.0260589   0.0261202   0.0261952   0.0262716   0.0263461   0.0264167
 121.7156006   0.0297511   0.0294018   0.0290731   0.0288911   0.0287890   0.0287262   0.0286869   0.0286636   0.0286520   0.0286489
 122.0117456   0.0304142   0.0303824   0.0306389   0.0308811   0.0309928   0.0310201   0.0310091   0.0309809   0.0309445   0.0309051
 122.3078906   0.0337782   0.0333392   0.0332717   0.0332008   0.0331457   0.0330937   0.0330422   0.0329929   0.0329479   0.0329085
 122.6040356   0.0375545   0.0358122   0.0351329   0.0348418   0.0347041   0.0346505   0.0346410   0.0346511   0.0346698   0.0346937
 122.9001806   0.0337568   0.0349156   0.0353281   0.0357545   0.0360580   0.0362435   0.0363682   0.0364711   0.0365703   0.0366741
 123.1963257   0.0408461   0.0401135   0.0394745   0.0391084   0.0389534   0.0389298   0.0389840   0.0390892   0.0392315   0.0394024
 123.4924707   0.0408496   0.0419004   0.0420671   0.0421034   0.0422360   0.0424384   0.0426698   0.0429133   0.0431655   0.0434299
 123.7886157   0.0459507   0.0463805   0.0472404   0.0477962   0.0481289   0.0483626   0.0485667   0.0487819   0.0490355   0.0493470
 124.0847607   0.0546738   0.0563620   0.0566339   0.0564938   0.0563425   0.0563184   0.0564580   0.0567674   0.0572331   0.0578308
 124.3809057   0.0614800   0.0627797   0.0637471   0.0644832   0.0653740   0.0664499   0.0676047   0.0687686   0.0699158   0.0710378
 124.6770507   0.0791310   0.0823097   0.0850716   0.0866653   0.0876265   0.0884095   0.0891835   0.0899674   0.0907386   0.0914756
 124.9731957   0.1177480   0.1171896   0.1182369   0.1187294   0.1186311   0.1182723   0.1178168   0.1173398   0.1168883   0.1164928
 125.2693408   0.1492855   0.1486525   0.1474883   0.1459548   0.1445429   0.1432914   0.1421614   0.1411385   0.1402198   0.1394012
 125.5654858   0.1550579   0.1560190   0.1563611   0.1566234   0.1570170   0.1573772   0.1576187   0.1577251   0.1576960   0.1575381
 125.8616308   0.1765326   0.1728370   0.1722955   0.1724895   0.1728902   0.1733126   0.1736457   0.1738405   0.1738899   0.1738055
 126.1577758   0.1950205   0.1951082   0.1950700   0.1943096   0.1932231   0.1920649   0.1910059   0.1900983   0.1893326   0.1886792
 126.4539208   0.2072483   0.2004969   0.1998801   0.2003088   0.2006464   0.2007518   0.2006603   0.2004347   0.2001342   0.1998028
 126.7500658   0.2090583   0.2107915   0.2091168   0.2080487   0.2077111   0.2077547   0.2079717   0.2082434   0.2084956   0.2086857
 127.0462108   0.2166574   0.2167529   0.2161144   0.2163854   0.2169437   0.2174331   0.2177859   0.2180225   0.2181727   0.2182573
 127.3423559   0.2390826   0.2340845   0.2324780   0.2315991   0.2308158   0.2300785   0.2294274   0.2288714   0.2284001   0.2279992
 127.6385009   0.2321648   0.2369923   0.2369145   0.2368194   0.2367433   0.2365772   0.2363417   0.2360704   0.2357812   0.2354823
 127.9346459   0.2453470   0.2421159   0.2403470   0.2399597   0.2401439   0.2404687   0.2407455   0.2409150   0.2409774   0.2409537
 128.2307909   0.2475672   0.2492903   0.2485935   0.2478643   0.2472527   0.2467386   0.2463446   0.2460770   0.2459138   0.2458167
 128.5269359   0.2417169   0.2465909   0.2479688   0.2487117   0.2492299   0.2496049   0.2498936   0.2501002   0.2502109   0.2502191
 128.8230809   0.2610720   0.2556219   0.2543619   0.2544793   0.2548314   0.2550555   0.2550546   0.2548396   0.2544606   0.2539742
 129.1192259   0.2727840   0.2707499   0.2668565   0.2638855   0.2614929   0.2594504   0.2577135   0.2562620   0.2550620   0.2540701
 129.4153709   0.2507165   0.2452727   0.2449104   0.2459111   0.2468863   0.2476186   0.2481239   0.2484532   0.2486560   0.2487697
 129.7115160   0.2320220   0.2350130   0.2369467   0.2379948   0.2389487   0.2399766   0.2410454   0.2420735   0.2429899   0.2437469
 130.0076610   0.2401974   0.2418376   0.2431885   0.2434788   0.2433519   0.2431659   0.2430044   0.2428499   0.2426665   0.2424233
 130.3038060   0.2456504   0.2457044   0.2461512   0.2462469   0.2457844   0.2448414   0.2435638   0.2420856   0.2405106   0.2389119
 130.5999510   0.2492825   0.2440475   0.2402003   0.2371033   0.2345851   0.2324009   0.2304009   0.2285114   0.2266995   0.2249545
 130.8960960   0.2010627   0.1986682   0.1985650   0.1992103   0.1999063   0.2003623   0.2005358   0.2004783   0.2002532   0.1999095
 131.1922410   0.1689987   0.1675187   0.1677701   0.1680480   0.1683780   0.1688809   0.1695662   0.1703638   0.1711875   0.1719678
 131.4883860   0.1350979   0.1397783   0.1417239   0.1429830   0.1440519   0.1450477   0.1459929   0.1468923   0.1477518   0.1485736
 131.7845311   0.1331797   0.1316572   0.1312787   0.1310521   0.1307922   0.1305525   0.1303719   0.1302712   0.1302608   0.1303436
 132.0806761   0.1168712   0.1175125   0.1165754   0.1157813   0.1151110   0.1145485   0.1140873   0.1137273   0.1134691   0.1133103
 132.3768211   0.0883338   0.0910418   0.0921159   0.0929410   0.0936867   0.0943295   0.0948579   0.0952829   0.0956237   0.0959030
 132.6729661   0.0770634   0.0784445   0.0788931   0.0788269   0.0788274   0.0789508   0.0791667   0.0794417   0.0797483   0.0800673
 132.9691111   0.0684687   0.0666620   0.0662872   0.0662014   0.0661422   0.0660977   0.0660817   0.0661134   0.0662059   0.0663619
 133.2652561   0.0515898   0.0524842   0.0527356   0.0529296   0.0530850   0.0532475   0.0534342   0.0536415   0.0538650   0.0541031
 133.5614011   0.0399840   0.0405100   0.0411601   0.0416837   0.0420658   0.0423924   0.0427003   0.0429946   0.0432717   0.0435281
 133.8575462   0.0339033   0.0346348   0.0347211   0.0346717   0.0346252   0.0345932   0.0345692   0.0345462   0.0345224   0.0345019
 134.1536912   0.0292987   0.0282912   0.0276634   0.0272313   0.0269006   0.0265702   0.0262284   0.0259043   0.0256262   0.0254103
 134.4498362   0.0183619   0.0171624   0.0161789   0.0155511   0.0152269   0.0150862   0.0150606   0.0151139   0.0152244   0.0153784
 134.7459812   0.0000003   0.0001853   0.0009341   0.0019200   0.0028837   0.0037650   0.0045681   0.0053051   0.0059865   0.0066212
 135.0421262   0.0000000   0.0000000   0.0000001   0.0000092   0.0000720   0.0002386   0.0005172   0.0008870   0.0013206   0.0017948
 135.3382712   0.0000000   0.0000000   0.0000000   0.0000000   0.0000002   0.0000029   0.0000177   0.0000607   0.0001462   0.0002813
 135.6344162   0.0000000   0.0000000   0.0000000   0.0000000   0.0000000   0.0000000   0.0000002   0.0000016   0.0000076   0.0000242
 135.9305612   0.0000000   0.0000000   0.0000000   0.0000000   0.0000000   0.0000000   0.0000000   0.0000000   0.0000002   0.0000011
 136.2267063   0.0000000   0.0000000   0.0000000   0.0000000   0.0000000   0.0000000   0.0000000   0.0000000   0.0000000   0.0000000
 136.5228513   0.0000000   0.0000000   0.0000000   0.0000000   0.0000000   0.0000000   0.0000000   0.0000000   0.0000000   0.0000000
 136.8189963   0.0000000   0.0000000   0.0000000   0.0000000   0.0000000   0.0000000   0.0000000   0.0000000   0.0000000   0.0000000
 137.1151413   0.0000000   0.0000000   0.0000000   0.0000000   0.0000000   0.0000000   0.0000000   0.0000000   0.0000000   0.0000000
 137.4112863   0.0000000   0.0000000   0.0000000   0.0000000   0.0000000   0.0000000   0.0000000   0.0000000   0.0000000   0.0000000
 137.7074313   0.0000000   0.0000000   0.0000000   0.0000000   0.0000000   0.0000000   0.0000000   0.0000000   0.0000000   0.0000000
 138.0035763   0.0000000   0.0000000   0.0000000   0.0000000   0.0000000   0.0000000   0.0000000   0.0000000   0.0000000   0.0000000
 138.2997214   0.0000000   0.0000000   0.0000000   0.0000000   0.0000000   0.0000000   0.0000000   0.0000000   0.0000000   0.0000000
 138.5958664   0.0000000   0.0000000   0.0000000   0.0000000   0.0000000   0.0000000   0.0000000   0.0000000   0.0000000   0.0000000
 138.8920114   0.0000000   0.0000000   0.0000000   0.0000000   0.0000000   0.0000000   0.0000000   0.0000000   0.0000000   0.0000000
 139.1881564   0.0000000   0.0000000   0.0000000   0.0000000   0.0000000   0.0000000   0.0000000   0.0000000   0.0000000   0.0000000
 139.4843014   0.0000000   0.0000000   0.0000000   0.0000000   0.0000000   0.0000000   0.0000000   0.0000000   0.0000000   0.0000000
 139.7804464   0.0000000   0.0000000   0.0000000   0.0000000   0.0000000   0.0000000   0.0000000   0.0000000   0.0000000   0.0000000
 140.0765914   0.0000000   0.0000000   0.0000000   0.0000000   0.0000000   0.0000000   0.0000000   0.0000000   0.0000000   0.0000000
 140.3727365   0.0000000   0.0000000   0.0000000   0.0000000   0.0000000   0.0000000   0.0000000   0.0000000   0.0000000   0.0000000
 140.6688815   0.0000000   0.0000000   0.0000000   0.0000000   0.0000000   0.0000000   0.0000000   0.0000000   0.0000000   0.0000000
 140.9650265   0.0000000   0.0000000   0.0000000   0.0000000   0.0000000   0.0000000   0.0000000   0.0000000   0.0000000   0.0000000
 141.2611715   0.0000000   0.0000000   0.0000000   0.0000000   0.0000000   0.0000000   0.0000000   0.0000000   0.0000000   0.0000000
 141.5573165   0.0000000   0.0000000   0.0000000   0.0000000   0.0000000   0.0000000   0.0000000   0.0000000   0.0000000   0.0000000
 141.8534615   0.0000000   0.0000000   0.0000000   0.0000000   0.0000000   0.0000000   0.0000000   0.0000000   0.0000000   0.0000000
 142.1496065   0.0000000   0.0000000   0.0000000   0.0000000   0.0000000   0.0000000   0.0000000   0.0000000   0.0000000   0.0000000
 142.4457515   0.0000000   0.0000000   0.0000000   0.0000000   0.0000000   0.0000000   0.0000000   0.0000000   0.0000000   0.0000000
 142.7418966   0.0000000   0.0000000   0.0000000   0.0000000   0.0000000   0.0000000   0.0000000   0.0000000   0.0000000   0.0000000
 143.0380416   0.0000000   0.0000000   0.0000000   0.0000000   0.0000000   0.0000000   0.0000000   0.0000000   0.0000000   0.0000000
 143.3341866   0.0000000   0.0000000   0.0000000   0.0000000   0.0000000   0.0000000   0.0000000   0.0000000   0.0000000   0.0000000
 143.6303316   0.0000000   0.0000000   0.0000000   0.0000000   0.0000000   0.0000000   0.0000000   0.0000000   0.0000000   0.0000000
 143.9264766   0.0000000   0.0000000   0.0000000   0.0000000   0.0000000   0.0000000   0.0000000   0.0000000   0.0000000   0.0000000
 144.2226216   0.0000000   0.0000000   0.0000000   0.0000000   0.0000000   0.0000000   0.0000000   0.0000000   0.0000000   0.0000000
 144.5187666   0.0000000   0.0000000   0.0000000   0.0000000   0.0000000   0.0000000   0.0000000   0.0000000   0.0000000   0.0000000
 144.8149117   0.0000000   0.0000000   0.0000000   0.0000000   0.0000000   0.0000000   0.0000000   0.0000000   0.0000000   0.0000000
 145.1110567   0.0000000   0.0000000   0.0000000   0.0000000   0.0000000   0.0000000   0.0000000   0.0000000   0.0000000   0.0000000
 145.4072017   0.0000000   0.0000000   0.0000000   0.0000000   0.0000000   0.0000000   0.0000000   0.0000000   0.0000000   0.0000000
 145.7033467   0.0000000   0.0000000   0.0000000   0.0000000   0.0000000   0.0000000   0.0000000   0.0000000   0.0000000   0.0000000
 145.9994917   0.0000000   0.0000000   0.0000000   0.0000000   0.0000000   0.0000000   0.0000000   0.0000000   0.0000000   0.0000000
 146.2956367   0.0000000   0.0000000   0.0000000   0.0000000   0.0000000   0.0000000   0.0000000   0.0000000   0.0000000   0.0000000
 146.5917817   0.0000000   0.0000000   0.0000000   0.0000000   0.0000000   0.0000000   0.0000000   0.0000000   0.0000000   0.0000000
 146.8879268   0.0000000   0.0000000   0.0000000   0.0000000   0.0000000   0.0000000   0.0000000   0.0000000   0.0000000   0.0000000
 147.1840718   0.0000000   0.0000000   0.0000000   0.0000000   0.0000000   0.0000000   0.0000000   0.0000000   0.0000000   0.0000000
 147.4802168   0.0000000   0.0000000   0.0000000   0.0000000   0.0000000   0.0000000   0.0000000   0.0000000   0.0000000   0.0000000
 147.7763618   0.0000000   0.0000000   0.0000000   0.0000000   0.0000000   0.0000000   0.0000000   0.0000000   0.0000000   0.0000000
 148.0725068   0.0000000   0.0000000   0.0000000   0.0000000   0.0000000   0.0000000   0.0000000   0.0000000   0.0000000   0.0000000
